dateTime,windSpeed
2016-01-01T00:00:00Z,1.5713091914990818
2016-01-01T01:00:00Z,1.0061111118644477
2016-01-01T02:00:00Z,1.5211111043890317
2016-01-01T03:00:00Z,1.063888888164527
2016-01-01T04:00:00Z,1.8836111083626748
2016-01-01T05:00:00Z,2.4580555495288636
2016-01-01T06:00:00Z,2.192222211758296
2016-01-01T07:00:00Z,2.2269444377885925
2016-01-01T08:00:00Z,3.841111105349329
2016-01-01T09:00:00Z,4.636111099190182
2016-01-01T10:00:00Z,4.928611108329561
2016-01-01T11:00:00Z,4.566944435569975
2016-01-01T12:00:00Z,5.167777785989974
2016-01-01T13:00:00Z,7.249166677064366
2016-01-01T14:00:00Z,6.384166651964188
2016-01-01T15:00:00Z,7.216111114952299
2016-01-01T16:00:00Z,7.5077777889039785
2016-01-01T17:00:00Z,9.108333342605167
2016-01-01T18:00:00Z,8.099999982780881
2016-01-01T19:00:00Z,8.434999998410543
2016-01-01T20:00:00Z,7.9680555442969005
2016-01-01T21:00:00Z,8.43972221745385
2016-01-01T22:00:00Z,8.57638891008165
2016-01-01T23:00:00Z,7.87805555065473
2016-01-02T00:00:00Z,7.39637882596603
2016-01-02T01:00:00Z,7.126944450537364
2016-01-02T02:00:00Z,7.655833335717519
2016-01-02T03:00:00Z,8.2025000055631
2016-01-02T04:00:00Z,8.40305556986067
2016-01-02T05:00:00Z,8.9677777853277
2016-01-02T06:00:00Z,7.203333346711265
2016-01-02T07:00:00Z,6.90250001417266
2016-01-02T08:00:00Z,7.636666684680515
2016-01-02T09:00:00Z,8.280833326445686
2016-01-02T10:00:00Z,8.211111132303873
2016-01-02T11:00:00Z,7.543611129787233
2016-01-02T12:00:00Z,4.914722232023875
2016-01-02T13:00:00Z,6.174444439676073
2016-01-02T14:00:00Z,7.551111096805997
2016-01-02T15:00:00Z,7.350277782811059
2016-01-02T16:00:00Z,6.8566666881243385
2016-01-02T17:00:00Z,6.557777779632144
2016-01-02T18:00:00Z,6.900555573569404
2016-01-02T19:00:00Z,7.080833319160673
2016-01-02T20:00:00Z,6.296944437424342
2016-01-02T21:00:00Z,6.9530555486679075
2016-01-02T22:00:00Z,6.994722229904599
2016-01-02T23:00:00Z,7.826111115349663
2016-01-03T00:00:00Z,6.946239557770966
2016-01-03T01:00:00Z,7.057500004768372
2016-01-03T02:00:00Z,4.369166664613617
2016-01-03T03:00:00Z,3.7155555572774674
2016-01-03T04:00:00Z,3.05111111038261
2016-01-03T05:00:00Z,3.2741666631566155
2016-01-03T06:00:00Z,4.758611118131213
2016-01-03T07:00:00Z,5.790555554628372
2016-01-03T08:00:00Z,7.224722243679894
2016-01-03T09:00:00Z,7.93249999748336
2016-01-03T10:00:00Z,8.81444444126553
2016-01-03T11:00:00Z,9.670555567741394
2016-01-03T12:00:00Z,6.213888878954782
2016-01-03T13:00:00Z,3.956666666269302
2016-01-03T14:00:00Z,3.9199999911917582
2016-01-03T15:00:00Z,3.541388882862197
2016-01-03T16:00:00Z,3.3602777732743156
2016-01-03T17:00:00Z,3.6286111076672873
2016-01-03T18:00:00Z,3.782222217321396
2016-01-03T19:00:00Z,3.785555546813541
2016-01-03T20:00:00Z,3.8555555608537464
2016-01-03T21:00:00Z,4.330555550919639
2016-01-03T22:00:00Z,4.71194443570243
2016-01-03T23:00:00Z,4.643333328432507
2016-01-04T00:00:00Z,4.067688020823062
2016-01-04T01:00:00Z,4.997777775923411
2016-01-04T02:00:00Z,4.829722220367856
2016-01-04T03:00:00Z,4.704166671964857
2016-01-04T04:00:00Z,4.672499991787804
2016-01-04T05:00:00Z,5.562500000662274
2016-01-04T06:00:00Z,4.954166677925322
2016-01-04T07:00:00Z,5.695555551846822
2016-01-04T08:00:00Z,5.746388893657261
2016-01-04T09:00:00Z,5.638888885577519
2016-01-04T10:00:00Z,5.479166663355297
2016-01-04T11:00:00Z,5.082777786254883
2016-01-04T12:00:00Z,5.606111110581292
2016-01-04T13:00:00Z,4.989166663090388
2016-01-04T14:00:00Z,4.51222222050031
2016-01-04T15:00:00Z,4.630555552244187
2016-01-04T16:00:00Z,4.927499990993076
2016-01-04T17:00:00Z,4.656111101309459
2016-01-04T18:00:00Z,4.469722233878242
2016-01-04T19:00:00Z,4.783888886372249
2016-01-04T20:00:00Z,4.839444454511007
2016-01-04T21:00:00Z,5.712777785460154
2016-01-04T22:00:00Z,4.664444440603257
2016-01-04T23:00:00Z,4.5447222179836695
2016-01-05T00:00:00Z,4.217548747580696
2016-01-05T01:00:00Z,3.186944442325168
2016-01-05T02:00:00Z,3.5549999965561763
2016-01-05T03:00:00Z,3.1883333295583727
2016-01-05T04:00:00Z,2.65416666203075
2016-01-05T05:00:00Z,2.9775000045696896
2016-01-05T06:00:00Z,2.1227777772272627
2016-01-05T07:00:00Z,0.7722222249334058
2016-01-05T08:00:00Z,1.1488888897001743
2016-01-05T09:00:00Z,1.2063888856106335
2016-01-05T10:00:00Z,1.8791666614512603
2016-01-05T11:00:00Z,2.828888889153798
2016-01-05T12:00:00Z,3.2138888905445735
2016-01-05T13:00:00Z,2.753333333134651
2016-01-05T14:00:00Z,2.828888887166977
2016-01-05T15:00:00Z,2.8030555569463305
2016-01-05T16:00:00Z,2.624166661169794
2016-01-05T17:00:00Z,2.6474999960925842
2016-01-05T18:00:00Z,2.168611107269923
2016-01-05T19:00:00Z,1.0850000019288726
2016-01-05T20:00:00Z,1.1622222241428164
2016-01-05T21:00:00Z,0.8344444465719991
2016-01-05T22:00:00Z,0.5097222237123383
2016-01-05T23:00:00Z,0.9097222260096007
2016-01-06T00:00:00Z,0.8908078020703162
2016-01-06T01:00:00Z,1.0969444451439712
2016-01-06T02:00:00Z,0.7327777818259266
2016-01-06T03:00:00Z,1.2080555591318343
2016-01-06T04:00:00Z,0.7916666708058782
2016-01-06T05:00:00Z,1.631944442457623
2016-01-06T06:00:00Z,1.6836111057135794
2016-01-06T07:00:00Z,1.7458333273728688
2016-01-06T08:00:00Z,1.6377777727941671
2016-01-06T09:00:00Z,1.6602777720325523
2016-01-06T10:00:00Z,2.420555548204316
2016-01-06T11:00:00Z,1.8841666594147681
2016-01-06T12:00:00Z,1.880833328432507
2016-01-06T13:00:00Z,2.9224999954303104
2016-01-06T14:00:00Z,2.4225000037087336
2016-01-06T15:00:00Z,1.2063888896463646
2016-01-06T16:00:00Z,2.5572222156657114
2016-01-06T17:00:00Z,2.0897222151358923
2016-01-06T18:00:00Z,3.1841666556066937
2016-01-06T19:00:00Z,3.659722220235401
2016-01-06T20:00:00Z,4.11638889114062
2016-01-06T21:00:00Z,4.1099999904632565
2016-01-06T22:00:00Z,5.060277760691113
2016-01-06T23:00:00Z,6.449166681369146
2016-01-07T00:00:00Z,7.919777153594248
2016-01-07T01:00:00Z,8.313333327240414
2016-01-07T02:00:00Z,8.695277761088477
2016-01-07T03:00:00Z,9.48777778810925
2016-01-07T04:00:00Z,6.665555558602015
2016-01-07T05:00:00Z,5.4425000104639265
2016-01-07T06:00:00Z,3.65388888840874
2016-01-07T07:00:00Z,3.499166667792532
2016-01-07T08:00:00Z,4.194999984569019
2016-01-07T09:00:00Z,7.697777800427543
2016-01-07T10:00:00Z,10.226666650507186
2016-01-07T11:00:00Z,11.375555562973023
2016-01-07T12:00:00Z,10.990833326180775
2016-01-07T13:00:00Z,9.268055555555556
2016-01-07T14:00:00Z,8.460555560059017
2016-01-07T15:00:00Z,7.386388901207182
2016-01-07T16:00:00Z,6.686388899882634
2016-01-07T17:00:00Z,5.203055553966099
2016-01-07T18:00:00Z,4.9819444437821705
2016-01-07T19:00:00Z,2.8080555525090958
2016-01-07T20:00:00Z,3.660833326313231
2016-01-07T21:00:00Z,2.996388883392016
2016-01-07T22:00:00Z,3.5972222199042636
2016-01-07T23:00:00Z,4.473888881338967
2016-01-08T00:00:00Z,3.6261838319241835
2016-01-08T01:00:00Z,2.8613888919353485
2016-01-08T02:00:00Z,3.269999998145633
2016-01-08T03:00:00Z,3.013055556681421
2016-01-08T04:00:00Z,2.882222216990259
2016-01-08T05:00:00Z,2.20805555259188
2016-01-08T06:00:00Z,2.6688888837065963
2016-01-08T07:00:00Z,4.290555559926563
2016-01-08T08:00:00Z,3.4500000059604643
2016-01-08T09:00:00Z,3.4333333240614996
2016-01-08T10:00:00Z,4.605555564165115
2016-01-08T11:00:00Z,5.0494444462988115
2016-01-08T12:00:00Z,5.467777770095402
2016-01-08T13:00:00Z,4.576111112700568
2016-01-08T14:00:00Z,4.1330555571450125
2016-01-08T15:00:00Z,4.797222212288115
2016-01-08T16:00:00Z,3.8644444406032563
2016-01-08T17:00:00Z,4.393333341677984
2016-01-08T18:00:00Z,3.785833328962326
2016-01-08T19:00:00Z,4.304999993244807
2016-01-08T20:00:00Z,2.8011111087269254
2016-01-08T21:00:00Z,2.963333324260182
2016-01-08T22:00:00Z,3.443333338697751
2016-01-08T23:00:00Z,3.338333328564962
2016-01-09T00:00:00Z,4.079944289826417
2016-01-09T01:00:00Z,3.987777783473333
2016-01-09T02:00:00Z,3.4366666714350385
2016-01-09T03:00:00Z,4.220555551184548
2016-01-09T04:00:00Z,5.059444434775246
2016-01-09T05:00:00Z,5.159166660573748
2016-01-09T06:00:00Z,6.1977777779102325
2016-01-09T07:00:00Z,6.5116666648123
2016-01-09T08:00:00Z,6.276111103428734
2016-01-09T09:00:00Z,6.385277785857519
2016-01-09T10:00:00Z,7.16611112886005
2016-01-09T11:00:00Z,6.902222222752041
2016-01-09T12:00:00Z,7.571388914850023
2016-01-09T13:00:00Z,8.693611126475863
2016-01-09T14:00:00Z,8.478055572509765
2016-01-09T15:00:00Z,8.957222229904598
2016-01-09T16:00:00Z,9.982222243150074
2016-01-09T17:00:00Z,10.450277774863773
2016-01-09T18:00:00Z,10.870833334657881
2016-01-09T19:00:00Z,9.534166667196486
2016-01-09T20:00:00Z,6.321388898293177
2016-01-09T21:00:00Z,4.845277776983049
2016-01-09T22:00:00Z,6.503611101706823
2016-01-09T23:00:00Z,6.229722236262427
2016-01-10T00:00:00Z,6.4961002835988335
2016-01-10T01:00:00Z,5.901666658454471
2016-01-10T02:00:00Z,5.798055554760827
2016-01-10T03:00:00Z,5.990277765856849
2016-01-10T04:00:00Z,5.830833331743876
2016-01-10T05:00:00Z,6.250555551052093
2016-01-10T06:00:00Z,5.675833346446355
2016-01-10T07:00:00Z,4.292777782678604
2016-01-10T08:00:00Z,4.308055551846822
2016-01-10T09:00:00Z,3.40666667189863
2016-01-10T10:00:00Z,4.223333328962326
2016-01-10T11:00:00Z,4.845833336644702
2016-01-10T12:00:00Z,5.189999995628993
2016-01-10T13:00:00Z,5.87722221745385
2016-01-10T14:00:00Z,4.294166663620207
2016-01-10T15:00:00Z,3.9208333306842382
2016-01-10T16:00:00Z,4.822777772612042
2016-01-10T17:00:00Z,4.968333319822947
2016-01-10T18:00:00Z,4.960000006357829
2016-01-10T19:00:00Z,4.346666663222843
2016-01-10T20:00:00Z,3.8199999888737994
2016-01-10T21:00:00Z,3.7963888943195343
2016-01-10T22:00:00Z,2.8419444411165182
2016-01-10T23:00:00Z,1.8869444434013631
2016-01-11T00:00:00Z,2.8058495757307513
2016-01-11T01:00:00Z,3.866111107667287
2016-01-11T02:00:00Z,2.6105555520496435
2016-01-11T03:00:00Z,2.1175000036342277
2016-01-11T04:00:00Z,1.1638888884128795
2016-01-11T05:00:00Z,1.5200000003808074
2016-01-11T06:00:00Z,1.8674999959766865
2016-01-11T07:00:00Z,1.94916666050752
2016-01-11T08:00:00Z,2.1938888751798205
2016-01-11T09:00:00Z,2.1322222143411635
2016-01-11T10:00:00Z,1.9130555447604922
2016-01-11T11:00:00Z,2.6158333328035144
2016-01-11T12:00:00Z,2.356111102965143
2016-01-11T13:00:00Z,3.861666672759586
2016-01-11T14:00:00Z,4.021944445702765
2016-01-11T15:00:00Z,3.9263888849152457
2016-01-11T16:00:00Z,3.1133333371745215
2016-01-11T17:00:00Z,3.009444450007545
2016-01-11T18:00:00Z,2.3499999976820414
2016-01-11T19:00:00Z,2.5788888848490186
2016-01-11T20:00:00Z,3.374999996688631
2016-01-11T21:00:00Z,4.822777765989303
2016-01-11T22:00:00Z,4.869166674216588
2016-01-11T23:00:00Z,5.164166668388579
2016-01-12T00:00:00Z,4.966573811507159
2016-01-12T01:00:00Z,5.768888899352816
2016-01-12T02:00:00Z,5.595833336644702
2016-01-12T03:00:00Z,6.914722213480208
2016-01-12T04:00:00Z,6.020277784930335
2016-01-12T05:00:00Z,5.992499993244807
2016-01-12T06:00:00Z,6.8350000076823765
2016-01-12T07:00:00Z,6.960277779897054
2016-01-12T08:00:00Z,7.484722220235401
2016-01-12T09:00:00Z,7.672222232818603
2016-01-12T10:00:00Z,8.510555568006303
2016-01-12T11:00:00Z,7.5525000055631
2016-01-12T12:00:00Z,8.154722215069665
2016-01-12T13:00:00Z,9.641666681236691
2016-01-12T14:00:00Z,8.833611096276178
2016-01-12T15:00:00Z,7.686666665474574
2016-01-12T16:00:00Z,6.764444444576899
2016-01-12T17:00:00Z,7.110277769962947
2016-01-12T18:00:00Z,7.142500022384856
2016-01-12T19:00:00Z,7.289722224076589
2016-01-12T20:00:00Z,7.615833354658551
2016-01-12T21:00:00Z,7.370555565092299
2016-01-12T22:00:00Z,7.096388900942273
2016-01-12T23:00:00Z,6.323055575291316
2016-01-13T00:00:00Z,5.614763235315307
2016-01-13T01:00:00Z,5.686111106475194
2016-01-13T02:00:00Z,6.252777780426873
2016-01-13T03:00:00Z,6.06694444682863
2016-01-13T04:00:00Z,4.671666653288735
2016-01-13T05:00:00Z,4.573888895246718
2016-01-13T06:00:00Z,2.6541666726271314
2016-01-13T07:00:00Z,2.9291666593816545
2016-01-13T08:00:00Z,2.898611107137468
2016-01-13T09:00:00Z,3.346944447358449
2016-01-13T10:00:00Z,3.020277774665091
2016-01-13T11:00:00Z,3.602499995628993
2016-01-13T12:00:00Z,3.121666664878527
2016-01-13T13:00:00Z,3.790833333465788
2016-01-13T14:00:00Z,4.323333333598243
2016-01-13T15:00:00Z,4.8875
2016-01-13T16:00:00Z,3.3705555544959176
2016-01-13T17:00:00Z,4.855555549595091
2016-01-13T18:00:00Z,4.978333334128062
2016-01-13T19:00:00Z,5.178333330816693
2016-01-13T20:00:00Z,5.361111110448837
2016-01-13T21:00:00Z,5.421111116806666
2016-01-13T22:00:00Z,4.5488888826635145
2016-01-13T23:00:00Z,4.530555544959174
2016-01-14T00:00:00Z,4.0520891339666
2016-01-14T01:00:00Z,3.4758333404858908
2016-01-14T02:00:00Z,4.195833332671059
2016-01-14T03:00:00Z,4.7574999888738
2016-01-14T04:00:00Z,4.9191666728920405
2016-01-14T05:00:00Z,5.095277792215347
2016-01-14T06:00:00Z,4.487777775526046
2016-01-14T07:00:00Z,5.182499996821085
2016-01-14T08:00:00Z,4.160555555423101
2016-01-14T09:00:00Z,4.467500003841188
2016-01-14T10:00:00Z,5.293333336379793
2016-01-14T11:00:00Z,6.1902777863873375
2016-01-14T12:00:00Z,7.898611103163825
2016-01-14T13:00:00Z,7.525555571582582
2016-01-14T14:00:00Z,7.158611137337155
2016-01-14T15:00:00Z,6.1375000052981905
2016-01-14T16:00:00Z,4.854444443517261
2016-01-14T17:00:00Z,4.513888898822996
2016-01-14T18:00:00Z,4.639722230699327
2016-01-14T19:00:00Z,5.412777787446975
2016-01-14T20:00:00Z,4.91694444153044
2016-01-14T21:00:00Z,5.600277768903308
2016-01-14T22:00:00Z,4.318611112236977
2016-01-14T23:00:00Z,3.926944438616435
2016-01-15T00:00:00Z,3.1618384434984255
2016-01-15T01:00:00Z,3.9880555484029983
2016-01-15T02:00:00Z,2.7558333304193283
2016-01-15T03:00:00Z,3.2097222185797163
2016-01-15T04:00:00Z,3.276666663090388
2016-01-15T05:00:00Z,3.619444430536694
2016-01-15T06:00:00Z,3.8019444432523515
2016-01-15T07:00:00Z,3.428333334128062
2016-01-15T08:00:00Z,3.73638889392217
2016-01-15T09:00:00Z,4.829444428284963
2016-01-15T10:00:00Z,4.569444446431266
2016-01-15T11:00:00Z,5.163888883590698
2016-01-15T12:00:00Z,6.302222230037054
2016-01-15T13:00:00Z,6.51805557012558
2016-01-15T14:00:00Z,4.916666668653488
2016-01-15T15:00:00Z,4.7072222163279855
2016-01-15T16:00:00Z,3.269444441795349
2016-01-15T17:00:00Z,3.108888888027933
2016-01-15T18:00:00Z,2.494722214341164
2016-01-15T19:00:00Z,3.1805555588669248
2016-01-15T20:00:00Z,3.5219444463650387
2016-01-15T21:00:00Z,3.1899999966224035
2016-01-15T22:00:00Z,2.515555551979277
2016-01-15T23:00:00Z,1.9022222184472615
2016-01-16T00:00:00Z,2.276880211152738
2016-01-16T01:00:00Z,1.7144444424245093
2016-01-16T02:00:00Z,2.8699999938408536
2016-01-16T03:00:00Z,2.3305555454558795
2016-01-16T04:00:00Z,1.5738888844847678
2016-01-16T05:00:00Z,1.461388887796137
2016-01-16T06:00:00Z,1.5441666678835948
2016-01-16T07:00:00Z,1.9102777745988635
2016-01-16T08:00:00Z,1.7886111088924939
2016-01-16T09:00:00Z,1.9958333257171843
2016-01-16T10:00:00Z,2.5222222165928945
2016-01-16T11:00:00Z,2.138888881769445
2016-01-16T12:00:00Z,2.264166659779019
2016-01-16T13:00:00Z,2.048611102335983
2016-01-16T14:00:00Z,1.5755555524801215
2016-01-16T15:00:00Z,1.1894444422589407
2016-01-16T16:00:00Z,1.936388878027598
2016-01-16T17:00:00Z,1.2644444444113307
2016-01-16T18:00:00Z,1.3961111121707492
2016-01-16T19:00:00Z,1.3583333286974164
2016-01-16T20:00:00Z,1.231944444961846
2016-01-16T21:00:00Z,1.1058333373318117
2016-01-16T22:00:00Z,1.0369444484512012
2016-01-16T23:00:00Z,0.6783333377498719
2016-01-17T00:00:00Z,0.8715877458660716
2016-01-17T01:00:00Z,0.638333336988257
2016-01-17T02:00:00Z,0.5758333376298348
2016-01-17T03:00:00Z,0.9344444434882866
2016-01-17T04:00:00Z,1.388611111458805
2016-01-17T05:00:00Z,1.6961111063758532
2016-01-17T06:00:00Z,2.233333326379458
2016-01-17T07:00:00Z,2.2163888841867445
2016-01-17T08:00:00Z,3.019722219308217
2016-01-17T09:00:00Z,2.8122222205003102
2016-01-17T10:00:00Z,2.0872222206658786
2016-01-17T11:00:00Z,1.9527777747147612
2016-01-17T12:00:00Z,3.0261111090580624
2016-01-17T13:00:00Z,4.2794444355699754
2016-01-17T14:00:00Z,4.8905555546283725
2016-01-17T15:00:00Z,5.146666667858759
2016-01-17T16:00:00Z,5.975277768903308
2016-01-17T17:00:00Z,5.43972221215566
2016-01-17T18:00:00Z,4.679166656732559
2016-01-17T19:00:00Z,5.183888890345892
2016-01-17T20:00:00Z,4.62472222381168
2016-01-17T21:00:00Z,4.619444447755813
2016-01-17T22:00:00Z,3.7538888941208524
2016-01-17T23:00:00Z,3.554999995893902
2016-01-18T00:00:00Z,3.9217270187680766
2016-01-18T01:00:00Z,4.491666661368476
2016-01-18T02:00:00Z,5.1213888817363316
2016-01-18T03:00:00Z,4.938888892200258
2016-01-18T04:00:00Z,4.731111112568113
2016-01-18T05:00:00Z,5.184166677792867
2016-01-18T06:00:00Z,3.9655555533038247
2016-01-18T07:00:00Z,2.9302777684397165
2016-01-18T08:00:00Z,3.9883333424727123
2016-01-18T09:00:00Z,4.457499996489949
2016-01-18T10:00:00Z,5.356666670242945
2016-01-18T11:00:00Z,5.834722235467699
2016-01-18T12:00:00Z,5.263611116011938
2016-01-18T13:00:00Z,5.490000008874469
2016-01-18T14:00:00Z,5.25638888809416
2016-01-18T15:00:00Z,3.3724999917878047
2016-01-18T16:00:00Z,2.608333333995607
2016-01-18T17:00:00Z,2.1533333235316805
2016-01-18T18:00:00Z,1.9944444338480631
2016-01-18T19:00:00Z,1.990277769168218
2016-01-18T20:00:00Z,2.2586111072036954
2016-01-18T21:00:00Z,2.271666658586926
2016-01-18T22:00:00Z,2.058333322736952
2016-01-18T23:00:00Z,2.254999993244807
2016-01-19T00:00:00Z,1.9484679552837998
2016-01-19T01:00:00Z,2.162222208579381
2016-01-19T02:00:00Z,1.9605555517805948
2016-01-19T03:00:00Z,2.066388879219691
2016-01-19T04:00:00Z,2.327222215467029
2016-01-19T05:00:00Z,1.863888880610466
2016-01-19T06:00:00Z,2.119166659977701
2016-01-19T07:00:00Z,2.001666658454471
2016-01-19T08:00:00Z,2.0333333240614997
2016-01-19T09:00:00Z,1.2266666641251909
2016-01-19T10:00:00Z,1.4308333337306975
2016-01-19T11:00:00Z,0.9827777800046735
2016-01-19T12:00:00Z,1.5274999931454658
2016-01-19T13:00:00Z,1.4169444447176325
2016-01-19T14:00:00Z,0.9658333345419831
2016-01-19T15:00:00Z,0.6011111142320765
2016-01-19T16:00:00Z,0.8569444476730294
2016-01-19T17:00:00Z,1.0969444445023935
2016-01-19T18:00:00Z,0.8836111123984058
2016-01-19T19:00:00Z,0.7952777812878291
2016-01-19T20:00:00Z,1.2897222204340828
2016-01-19T21:00:00Z,1.626111104256577
2016-01-19T22:00:00Z,1.6261111052499877
2016-01-19T23:00:00Z,1.488611110051473
2016-01-20T00:00:00Z,0.7339832892740005
2016-01-20T01:00:00Z,1.1980555556714534
2016-01-20T02:00:00Z,1.0791666681567829
2016-01-20T03:00:00Z,1.3011111135284106
2016-01-20T04:00:00Z,1.6247222178512148
2016-01-20T05:00:00Z,1.763055548734135
2016-01-20T06:00:00Z,1.437777777844005
2016-01-20T07:00:00Z,1.6727777726120419
2016-01-20T08:00:00Z,2.358888879418373
2016-01-20T09:00:00Z,1.5686111095878812
2016-01-20T10:00:00Z,1.6586111078659693
2016-01-20T11:00:00Z,1.616111104024781
2016-01-20T12:00:00Z,1.7266666597790188
2016-01-20T13:00:00Z,2.448611105316215
2016-01-20T14:00:00Z,2.4061111064420806
2016-01-20T15:00:00Z,1.9905555506547292
2016-01-20T16:00:00Z,1.4805555558866925
2016-01-20T17:00:00Z,1.9661111055148972
2016-01-20T18:00:00Z,2.085555551118321
2016-01-20T19:00:00Z,1.9105555479725203
2016-01-20T20:00:00Z,2.142777770757675
2016-01-20T21:00:00Z,1.9641666574610603
2016-01-20T22:00:00Z,1.9636111083543963
2016-01-20T23:00:00Z,2.134444431795014
2016-01-21T00:00:00Z,1.636768798413881
2016-01-21T01:00:00Z,2.1855555534362794
2016-01-21T02:00:00Z,1.5399999970156286
2016-01-21T03:00:00Z,0.8933333344550596
2016-01-21T04:00:00Z,3.3249999996688633
2016-01-21T05:00:00Z,2.6777777800957363
2016-01-21T06:00:00Z,2.7202777756585017
2016-01-21T07:00:00Z,1.8624999961091413
2016-01-21T08:00:00Z,2.907499996489949
2016-01-21T09:00:00Z,3.6266666687197153
2016-01-21T10:00:00Z,3.9844444420602585
2016-01-21T11:00:00Z,4.268333329757055
2016-01-21T12:00:00Z,5.773055558072196
2016-01-21T13:00:00Z,5.557222227917777
2016-01-21T14:00:00Z,4.778888881868786
2016-01-21T15:00:00Z,3.4044444468286303
2016-01-21T16:00:00Z,4.5283333328035145
2016-01-21T17:00:00Z,4.127777770161629
2016-01-21T18:00:00Z,3.9741666740841337
2016-01-21T19:00:00Z,4.722777778572507
2016-01-21T20:00:00Z,4.90527779493067
2016-01-21T21:00:00Z,5.02777778175142
2016-01-21T22:00:00Z,4.69833333823416
2016-01-21T23:00:00Z,5.0791666514343685
2016-01-22T00:00:00Z,5.271309209733288
2016-01-22T01:00:00Z,5.1233333349227905
2016-01-22T02:00:00Z,5.19333333240615
2016-01-22T03:00:00Z,5.921944442722532
2016-01-22T04:00:00Z,6.265555553966099
2016-01-22T05:00:00Z,6.546666672494676
2016-01-22T06:00:00Z,6.138888879617055
2016-01-22T07:00:00Z,7.42250001165602
2016-01-22T08:00:00Z,7.160277780559328
2016-01-22T09:00:00Z,6.862777788109249
2016-01-22T10:00:00Z,6.455277777380413
2016-01-22T11:00:00Z,6.846388897630903
2016-01-22T12:00:00Z,5.134722226858139
2016-01-22T13:00:00Z,4.109166664216254
2016-01-22T14:00:00Z,4.914722220102946
2016-01-22T15:00:00Z,4.098333328962326
2016-01-22T16:00:00Z,4.269999998807907
2016-01-22T17:00:00Z,5.099722212553024
2016-01-22T18:00:00Z,4.54777778254615
2016-01-22T19:00:00Z,3.991111112303204
2016-01-22T20:00:00Z,3.5741666634877522
2016-01-22T21:00:00Z,3.613333339161343
2016-01-22T22:00:00Z,3.9005555583371057
2016-01-22T23:00:00Z,4.6544444574250114
2016-01-23T00:00:00Z,3.583844007555821
2016-01-23T01:00:00Z,4.767777778042687
2016-01-23T02:00:00Z,3.109999992781215
2016-01-23T03:00:00Z,3.209999997748269
2016-01-23T04:00:00Z,2.4191666634546385
2016-01-23T05:00:00Z,2.4688888894807963
2016-01-23T06:00:00Z,2.900555553038915
2016-01-23T07:00:00Z,3.5255555560191474
2016-01-23T08:00:00Z,2.8419444411993027
2016-01-23T09:00:00Z,3.3658333361148833
2016-01-23T10:00:00Z,2.85611110329628
2016-01-23T11:00:00Z,4.005555549595091
2016-01-23T12:00:00Z,5.0922222250037725
2016-01-23T13:00:00Z,5.7374999947018095
2016-01-23T14:00:00Z,6.876388888226615
2016-01-23T15:00:00Z,6.262777780824237
2016-01-23T16:00:00Z,4.947777777247959
2016-01-23T17:00:00Z,5.612777781486511
2016-01-23T18:00:00Z,5.65777778228124
2016-01-23T19:00:00Z,7.195277776983049
2016-01-23T20:00:00Z,6.918055571450127
2016-01-23T21:00:00Z,6.101666661103566
2016-01-23T22:00:00Z,5.841944444179535
2016-01-23T23:00:00Z,5.872500000397364
2016-01-24T00:00:00Z,5.602228409068498
2016-01-24T01:00:00Z,5.996111108197106
2016-01-24T02:00:00Z,5.924722219838037
2016-01-24T03:00:00Z,5.979166673951679
2016-01-24T04:00:00Z,4.472499994105763
2016-01-24T05:00:00Z,4.101944442590078
2016-01-24T06:00:00Z,6.323888872067133
2016-01-24T07:00:00Z,5.534444443384806
2016-01-24T08:00:00Z,4.743611101640595
2016-01-24T09:00:00Z,4.224444446298811
2016-01-24T10:00:00Z,5.421666678455141
2016-01-24T11:00:00Z,5.3594444480207235
2016-01-24T12:00:00Z,5.055833326445685
2016-01-24T13:00:00Z,4.78055555621783
2016-01-24T14:00:00Z,4.696944438086616
2016-01-24T15:00:00Z,3.6027777747975454
2016-01-24T16:00:00Z,4.278333331478967
2016-01-24T17:00:00Z,4.566944442192713
2016-01-24T18:00:00Z,5.190555553966099
2016-01-24T19:00:00Z,4.761666672759586
2016-01-24T20:00:00Z,5.997222219573127
2016-01-24T21:00:00Z,4.589722224738863
2016-01-24T22:00:00Z,3.994999995827675
2016-01-24T23:00:00Z,5.268888882133695
2016-01-25T00:00:00Z,5.002785506022674
2016-01-25T01:00:00Z,5.436388883988062
2016-01-25T02:00:00Z,4.531944441133075
2016-01-25T03:00:00Z,4.328611109985245
2016-01-25T04:00:00Z,3.828055554297235
2016-01-25T05:00:00Z,3.3327777733405433
2016-01-25T06:00:00Z,3.6127777791685527
2016-01-25T07:00:00Z,5.344999999470181
2016-01-25T08:00:00Z,6.118055552244186
2016-01-25T09:00:00Z,5.8516666703754
2016-01-25T10:00:00Z,6.363333345784081
2016-01-25T11:00:00Z,6.527500003576279
2016-01-25T12:00:00Z,6.291944440868166
2016-01-25T13:00:00Z,8.284722239441342
2016-01-25T14:00:00Z,9.952777777777778
2016-01-25T15:00:00Z,10.098333333598243
2016-01-25T16:00:00Z,8.354999995231628
2016-01-25T17:00:00Z,7.592777772744497
2016-01-25T18:00:00Z,5.3152777771155035
2016-01-25T19:00:00Z,4.959999989138709
2016-01-25T20:00:00Z,4.024444440338347
2016-01-25T21:00:00Z,3.6788888858424293
2016-01-25T22:00:00Z,3.12388889392217
2016-01-25T23:00:00Z,4.276944423384137
2016-01-26T00:00:00Z,3.952367686959694
2016-01-26T01:00:00Z,4.252777775128682
2016-01-26T02:00:00Z,4.3677777840031515
2016-01-26T03:00:00Z,4.821944445371628
2016-01-26T04:00:00Z,6.3677777840031515
2016-01-26T05:00:00Z,6.382777784268061
2016-01-26T06:00:00Z,6.475555566284392
2016-01-26T07:00:00Z,8.208611130052143
2016-01-26T08:00:00Z,9.367777779367234
2016-01-26T09:00:00Z,10.808055559794107
2016-01-26T10:00:00Z,9.660000018278758
2016-01-26T11:00:00Z,10.319166677527958
2016-01-26T12:00:00Z,10.659722228844961
2016-01-26T13:00:00Z,11.521666640705533
2016-01-26T14:00:00Z,11.429444425635868
2016-01-26T15:00:00Z,11.597500010331471
2016-01-26T16:00:00Z,11.000555544429355
2016-01-26T17:00:00Z,10.901388899485271
2016-01-26T18:00:00Z,10.849722233083513
2016-01-26T19:00:00Z,9.916388901074727
2016-01-26T20:00:00Z,9.390833332803513
2016-01-26T21:00:00Z,9.457777798175812
2016-01-26T22:00:00Z,10.173055549462637
2016-01-26T23:00:00Z,9.370833367771572
2016-01-27T00:00:00Z,10.268802241694628
2016-01-27T01:00:00Z,10.306388903988733
2016-01-27T02:00:00Z,10.234444436762068
2016-01-27T03:00:00Z,10.57944446934594
2016-01-27T04:00:00Z,10.40944445265664
2016-01-27T05:00:00Z,10.92972221242057
2016-01-27T06:00:00Z,10.67583331267039
2016-01-27T07:00:00Z,10.943055560853747
2016-01-27T08:00:00Z,9.709999987814161
2016-01-27T09:00:00Z,9.645833349227905
2016-01-27T10:00:00Z,10.073611107137468
2016-01-27T11:00:00Z,9.721666663222843
2016-01-27T12:00:00Z,9.89361111190584
2016-01-27T13:00:00Z,9.446388909551832
2016-01-27T14:00:00Z,8.127222224076588
2016-01-27T15:00:00Z,7.354444444841809
2016-01-27T16:00:00Z,6.571388884385427
2016-01-27T17:00:00Z,5.8930555562178295
2016-01-27T18:00:00Z,5.143888877497779
2016-01-27T19:00:00Z,4.508888883060879
2016-01-27T20:00:00Z,5.308333328697416
2016-01-27T21:00:00Z,5.240833341413074
2016-01-27T22:00:00Z,4.944722235202789
2016-01-27T23:00:00Z,3.9127777735392253
2016-01-28T00:00:00Z,3.1208913641719764
2016-01-28T01:00:00Z,3.35138888557752
2016-01-28T02:00:00Z,2.970555551846822
2016-01-28T03:00:00Z,3.3555555552244187
2016-01-28T04:00:00Z,3.1497222244739533
2016-01-28T05:00:00Z,3.235833332273695
2016-01-28T06:00:00Z,3.153333334790336
2016-01-28T07:00:00Z,2.003333329078224
2016-01-28T08:00:00Z,2.0819444427473677
2016-01-28T09:00:00Z,4.294999988211526
2016-01-28T10:00:00Z,5.070277775658502
2016-01-28T11:00:00Z,5.0094444400734375
2016-01-28T12:00:00Z,5.790555551979277
2016-01-28T13:00:00Z,7.015277789698707
2016-01-28T14:00:00Z,7.247777767313851
2016-01-28T15:00:00Z,6.398611117071575
2016-01-28T16:00:00Z,6.729166685872608
2016-01-28T17:00:00Z,6.296111115482119
2016-01-28T18:00:00Z,7.159166669845581
2016-01-28T19:00:00Z,8.102500021457672
2016-01-28T20:00:00Z,9.201388902134365
2016-01-28T21:00:00Z,8.858333310816024
2016-01-28T22:00:00Z,8.675833365652297
2016-01-28T23:00:00Z,8.299166679382324
2016-01-29T00:00:00Z,8.289693606597135
2016-01-29T01:00:00Z,8.567777788639068
2016-01-29T02:00:00Z,8.820277770360311
2016-01-29T03:00:00Z,8.438333339161343
2016-01-29T04:00:00Z,9.593055544959174
2016-01-29T05:00:00Z,9.950277773539225
2016-01-29T06:00:00Z,9.736111127005683
2016-01-29T07:00:00Z,9.286111113760207
2016-01-29T08:00:00Z,9.330555548932818
2016-01-29T09:00:00Z,9.979999995231628
2016-01-29T10:00:00Z,9.714444470405578
2016-01-29T11:00:00Z,10.2816666536861
2016-01-29T12:00:00Z,9.900000006622738
2016-01-29T13:00:00Z,9.054166656070285
2016-01-29T14:00:00Z,8.974444472789765
2016-01-29T15:00:00Z,9.218333342340257
2016-01-29T16:00:00Z,8.951388891537984
2016-01-29T17:00:00Z,8.799166671435039
2016-01-29T18:00:00Z,8.654444456100464
2016-01-29T19:00:00Z,8.721666677792866
2016-01-29T20:00:00Z,9.917499995231628
2016-01-29T21:00:00Z,10.63277776506212
2016-01-29T22:00:00Z,10.00972220632765
2016-01-29T23:00:00Z,10.604722238911522
2016-01-30T00:00:00Z,10.530640680477811
2016-01-30T01:00:00Z,10.373055549462636
2016-01-30T02:00:00Z,7.228333330154419
2016-01-30T03:00:00Z,5.787222236394882
2016-01-30T04:00:00Z,6.82250001695421
2016-01-30T05:00:00Z,7.21222222910987
2016-01-30T06:00:00Z,5.743611105945376
2016-01-30T07:00:00Z,6.821388885047701
2016-01-30T08:00:00Z,6.0463888936572605
2016-01-30T09:00:00Z,5.297777783870697
2016-01-30T10:00:00Z,5.838055551714367
2016-01-30T11:00:00Z,6.917777793937259
2016-01-30T12:00:00Z,7.651666669050853
2016-01-30T13:00:00Z,7.365277765194575
2016-01-30T14:00:00Z,6.750555558337106
2016-01-30T15:00:00Z,7.166111114952299
2016-01-30T16:00:00Z,5.770277781618966
2016-01-30T17:00:00Z,5.165277767181396
2016-01-30T18:00:00Z,5.046388889021344
2016-01-30T19:00:00Z,4.838333325915866
2016-01-30T20:00:00Z,4.7233333276377785
2016-01-30T21:00:00Z,4.297500005695555
2016-01-30T22:00:00Z,4.885000009669198
2016-01-30T23:00:00Z,4.6975000070201025
2016-01-31T00:00:00Z,3.361281334523703
2016-01-31T01:00:00Z,3.1130555593305163
2016-01-31T02:00:00Z,3.1630555553568733
2016-01-31T03:00:00Z,2.854722223016951
2016-01-31T04:00:00Z,3.3833333333333333
2016-01-31T05:00:00Z,3.7549999945693546
2016-01-31T06:00:00Z,4.119999995496538
2016-01-31T07:00:00Z,4.116111104355918
2016-01-31T08:00:00Z,5.643611109919018
2016-01-31T09:00:00Z,6.170000006092919
2016-01-31T10:00:00Z,6.7591666844156055
2016-01-31T11:00:00Z,6.54555556707912
2016-01-31T12:00:00Z,7.15833334657881
2016-01-31T13:00:00Z,5.899444442987442
2016-01-31T14:00:00Z,7.8458333233992255
2016-01-31T15:00:00Z,8.021944444709353
2016-01-31T16:00:00Z,7.8438888947168985
2016-01-31T17:00:00Z,6.960555559396743
2016-01-31T18:00:00Z,5.327222223414315
2016-01-31T19:00:00Z,6.559999999072817
2016-01-31T20:00:00Z,7.653611143430074
2016-01-31T21:00:00Z,8.891388915644752
2016-01-31T22:00:00Z,8.057222229904598
2016-01-31T23:00:00Z,7.730000008477105
2016-02-01T00:00:00Z,8.436211724135205
2016-02-01T01:00:00Z,9.096388883060879
2016-02-01T02:00:00Z,8.263333345784082
2016-02-01T03:00:00Z,8.79194444682863
2016-02-01T04:00:00Z,7.332222221957313
2016-02-01T05:00:00Z,7.995833361148835
2016-02-01T06:00:00Z,7.925000006622739
2016-02-01T07:00:00Z,7.206388885445065
2016-02-01T08:00:00Z,6.564166679647234
2016-02-01T09:00:00Z,7.47611112329695
2016-02-01T10:00:00Z,7.891666666666667
2016-02-01T11:00:00Z,9.837499989403618
2016-02-01T12:00:00Z,9.316111120912764
2016-02-01T13:00:00Z,9.52333335214191
2016-02-01T14:00:00Z,9.918611113230387
2016-02-01T15:00:00Z,9.706944441795349
2016-02-01T16:00:00Z,10.232222202089098
2016-02-01T17:00:00Z,9.377499998940362
2016-02-01T18:00:00Z,8.418888898690541
2016-02-01T19:00:00Z,9.86888887749778
2016-02-01T20:00:00Z,10.20416665871938
2016-02-01T21:00:00Z,10.31638890504837
2016-02-01T22:00:00Z,8.715833353996278
2016-02-01T23:00:00Z,9.346666663222843
2016-02-02T00:00:00Z,7.972701951985904
2016-02-02T01:00:00Z,7.861388897895813
2016-02-02T02:00:00Z,7.193055560191472
2016-02-02T03:00:00Z,7.292222226990594
2016-02-02T04:00:00Z,7.2200000100665624
2016-02-02T05:00:00Z,6.875000016556846
2016-02-02T06:00:00Z,6.589722253216637
2016-02-02T07:00:00Z,7.61750000582801
2016-02-02T08:00:00Z,7.082222226593229
2016-02-02T09:00:00Z,7.785833324988683
2016-02-02T10:00:00Z,7.191111118925942
2016-02-02T11:00:00Z,8.371944444709355
2016-02-02T12:00:00Z,9.420833351877
2016-02-02T13:00:00Z,9.081388900015089
2016-02-02T14:00:00Z,8.77222224076589
2016-02-02T15:00:00Z,7.815833328829871
2016-02-02T16:00:00Z,7.099444439013799
2016-02-02T17:00:00Z,6.651666667064031
2016-02-02T18:00:00Z,4.931111106607649
2016-02-02T19:00:00Z,4.833611119455761
2016-02-02T20:00:00Z,4.585277776916822
2016-02-02T21:00:00Z,3.756666648056772
2016-02-02T22:00:00Z,5.091388894451989
2016-02-02T23:00:00Z,4.203055553966099
2016-02-03T00:00:00Z,4.854039007574735
2016-02-03T01:00:00Z,4.300000001324547
2016-02-03T02:00:00Z,4.017500003178914
2016-02-03T03:00:00Z,4.981111109256744
2016-02-03T04:00:00Z,4.752222229374779
2016-02-03T05:00:00Z,4.783611097600725
2016-02-03T06:00:00Z,5.3911111063427395
2016-02-03T07:00:00Z,5.3900000055631
2016-02-03T08:00:00Z,6.792222237586975
2016-02-03T09:00:00Z,8.554444465372297
2016-02-03T10:00:00Z,7.526944453186459
2016-02-03T11:00:00Z,7.874444444974263
2016-02-03T12:00:00Z,8.314166675011316
2016-02-03T13:00:00Z,6.912500013245476
2016-02-03T14:00:00Z,6.090000004900826
2016-02-03T15:00:00Z,6.244444450404909
2016-02-03T16:00:00Z,5.573888889948527
2016-02-03T17:00:00Z,4.5519444386164345
2016-02-03T18:00:00Z,3.1766666740179064
2016-02-03T19:00:00Z,3.6122222231494057
2016-02-03T20:00:00Z,4.114444440603256
2016-02-03T21:00:00Z,3.536388886637158
2016-02-03T22:00:00Z,3.638055549065272
2016-02-03T23:00:00Z,3.9263888716697695
2016-02-04T00:00:00Z,3.2888579361950123
2016-02-04T01:00:00Z,4.3452777749962275
2016-02-04T02:00:00Z,4.15583333240615
2016-02-04T03:00:00Z,5.552500012185838
2016-02-04T04:00:00Z,7.026111119323307
2016-02-04T05:00:00Z,5.784166668521033
2016-02-04T06:00:00Z,7.146944460603926
2016-02-04T07:00:00Z,6.543611123826769
2016-02-04T08:00:00Z,5.9561111138926615
2016-02-04T09:00:00Z,6.258611110846202
2016-02-04T10:00:00Z,6.43777777618832
2016-02-04T11:00:00Z,6.142222224341499
2016-02-04T12:00:00Z,7.509722202354007
2016-02-04T13:00:00Z,7.884444448682997
2016-02-04T14:00:00Z,6.806388904651006
2016-02-04T15:00:00Z,5.737222221824858
2016-02-04T16:00:00Z,5.134444450669818
2016-02-04T17:00:00Z,3.406111109587881
2016-02-04T18:00:00Z,2.8113888811733987
2016-02-04T19:00:00Z,3.241666661699613
2016-02-04T20:00:00Z,3.6066666609711118
2016-02-04T21:00:00Z,3.9858333230018617
2016-02-04T22:00:00Z,3.6911111103163825
2016-02-04T23:00:00Z,3.7852777775790956
2016-02-05T00:00:00Z,3.844846799845151
2016-02-05T01:00:00Z,3.9330555551581914
2016-02-05T02:00:00Z,4.8458333233992255
2016-02-05T03:00:00Z,4.6558333218097685
2016-02-05T04:00:00Z,4.139444441596667
2016-02-05T05:00:00Z,4.568333334724108
2016-02-05T06:00:00Z,3.0761111110448836
2016-02-05T07:00:00Z,4.0947222232818605
2016-02-05T08:00:00Z,5.281944437159432
2016-02-05T09:00:00Z,5.096111116144392
2016-02-05T10:00:00Z,6.408055543237262
2016-02-05T11:00:00Z,7.9169444488154515
2016-02-05T12:00:00Z,7.1400000128481125
2016-02-05T13:00:00Z,6.74000001417266
2016-02-05T14:00:00Z,7.387222211890751
2016-02-05T15:00:00Z,8.682499999470181
2016-02-05T16:00:00Z,7.6202777915530735
2016-02-05T17:00:00Z,9.709166655275556
2016-02-05T18:00:00Z,9.136111104488373
2016-02-05T19:00:00Z,9.251388886239793
2016-02-05T20:00:00Z,9.367222215069665
2016-02-05T21:00:00Z,10.087222227785322
2016-02-05T22:00:00Z,9.853611138131884
2016-02-05T23:00:00Z,6.995833321412404
2016-02-06T00:00:00Z,6.441782734188196
2016-02-06T01:00:00Z,7.12305555873447
2016-02-06T02:00:00Z,6.835000002384186
2016-02-06T03:00:00Z,7.210277786519792
2016-02-06T04:00:00Z,8.414166661103566
2016-02-06T05:00:00Z,8.9980555706554
2016-02-06T06:00:00Z,9.684166669845581
2016-02-06T07:00:00Z,10.992222244209714
2016-02-06T08:00:00Z,11.811388903194004
2016-02-06T09:00:00Z,12.379444465372298
2016-02-06T10:00:00Z,13.119722225930955
2016-02-06T11:00:00Z,13.273333345519172
2016-02-06T12:00:00Z,14.338333344459533
2016-02-06T13:00:00Z,14.062777769565582
2016-02-06T14:00:00Z,14.106944435172611
2016-02-06T15:00:00Z,14.319722284211053
2016-02-06T16:00:00Z,13.789166659779019
2016-02-06T17:00:00Z,14.193055510520935
2016-02-06T18:00:00Z,14.01305554707845
2016-02-06T19:00:00Z,15.098055557409923
2016-02-06T20:00:00Z,13.22694447570377
2016-02-06T21:00:00Z,9.089722232023876
2016-02-06T22:00:00Z,3.8444444318612416
2016-02-06T23:00:00Z,4.110277775261137
2016-02-07T00:00:00Z,5.117548750635641
2016-02-07T01:00:00Z,5.285000003708733
2016-02-07T02:00:00Z,4.652499990993076
2016-02-07T03:00:00Z,5.253055558602015
2016-02-07T04:00:00Z,4.139444448550543
2016-02-07T05:00:00Z,4.505555551581913
2016-02-07T06:00:00Z,5.2588888949818084
2016-02-07T07:00:00Z,6.042500000529819
2016-02-07T08:00:00Z,6.635555556085374
2016-02-07T09:00:00Z,7.165833353996277
2016-02-07T10:00:00Z,7.568888897365994
2016-02-07T11:00:00Z,8.679999987284342
2016-02-07T12:00:00Z,8.341666683885787
2016-02-07T13:00:00Z,9.538888886239793
2016-02-07T14:00:00Z,9.415277769830492
2016-02-07T15:00:00Z,9.25750000476837
2016-02-07T16:00:00Z,9.240277794996897
2016-02-07T17:00:00Z,8.492777780691783
2016-02-07T18:00:00Z,10.556666660308839
2016-02-07T19:00:00Z,11.938611096805996
2016-02-07T20:00:00Z,10.872500003708733
2016-02-07T21:00:00Z,11.167222236262427
2016-02-07T22:00:00Z,11.538611115349664
2016-02-07T23:00:00Z,9.128333353996277
2016-02-08T00:00:00Z,9.300278558704514
2016-02-08T01:00:00Z,10.309722234143152
2016-02-08T02:00:00Z,7.275555562973023
2016-02-08T03:00:00Z,8.36055554813809
2016-02-08T04:00:00Z,9.092777787314521
2016-02-08T05:00:00Z,8.407222224606407
2016-02-08T06:00:00Z,9.283888917499118
2016-02-08T07:00:00Z,10.400833355055916
2016-02-08T08:00:00Z,11.251666669050852
2016-02-08T09:00:00Z,12.790833334128061
2016-02-08T10:00:00Z,12.860277778572506
2016-02-08T11:00:00Z,13.779166671964857
2016-02-08T12:00:00Z,14.64055556986067
2016-02-08T13:00:00Z,15.801111110051473
2016-02-08T14:00:00Z,14.323055581251781
2016-02-08T15:00:00Z,12.352777768505945
2016-02-08T16:00:00Z,12.961388872729408
2016-02-08T17:00:00Z,11.868055566151936
2016-02-08T18:00:00Z,12.521666671170129
2016-02-08T19:00:00Z,9.916388906372918
2016-02-08T20:00:00Z,9.566944457425011
2016-02-08T21:00:00Z,9.468333338366614
2016-02-08T22:00:00Z,7.675277784135607
2016-02-08T23:00:00Z,6.532222241163254
2016-02-09T00:00:00Z,6.810306403630292
2016-02-09T01:00:00Z,7.647777784532971
2016-02-09T02:00:00Z,5.639166679647234
2016-02-09T03:00:00Z,3.8558333307504653
2016-02-09T04:00:00Z,3.6683333261145488
2016-02-09T05:00:00Z,3.491944443186124
2016-02-09T06:00:00Z,2.7708333336644704
2016-02-09T07:00:00Z,1.9366666646467314
2016-02-09T08:00:00Z,2.5052777777115502
2016-02-09T09:00:00Z,2.5327777743339537
2016-02-09T10:00:00Z,2.4475000025497544
2016-02-09T11:00:00Z,4.318055559529198
2016-02-09T12:00:00Z,5.188055562973022
2016-02-09T13:00:00Z,6.605000017748939
2016-02-09T14:00:00Z,6.6816666642824805
2016-02-09T15:00:00Z,5.793611113230387
2016-02-09T16:00:00Z,6.805277768770853
2016-02-09T17:00:00Z,7.119999999470181
2016-02-09T18:00:00Z,6.6700000014570024
2016-02-09T19:00:00Z,6.932777776983049
2016-02-09T20:00:00Z,7.6241666575272875
2016-02-09T21:00:00Z,7.299444429079691
2016-02-09T22:00:00Z,7.365833353996277
2016-02-09T23:00:00Z,6.766944449477726
2016-02-10T00:00:00Z,7.367130931041367
2016-02-10T01:00:00Z,7.427222242620256
2016-02-10T02:00:00Z,6.811388875378503
2016-02-10T03:00:00Z,6.307777782943513
2016-02-10T04:00:00Z,5.4911111050181916
2016-02-10T05:00:00Z,5.7155555526415505
2016-02-10T06:00:00Z,5.336388891935348
2016-02-10T07:00:00Z,5.426388877630234
2016-02-10T08:00:00Z,5.135277785195244
2016-02-10T09:00:00Z,5.1447222259309555
2016-02-10T10:00:00Z,4.025555553701189
2016-02-10T11:00:00Z,4.008888885047701
2016-02-10T12:00:00Z,4.183611097269588
2016-02-10T13:00:00Z,3.651944437954161
2016-02-10T14:00:00Z,3.2341666681898964
2016-02-10T15:00:00Z,2.637777772214678
2016-02-10T16:00:00Z,1.8749999971853362
2016-02-10T17:00:00Z,1.4316666667660078
2016-02-10T18:00:00Z,1.756111110581292
2016-02-10T19:00:00Z,2.3541666660043927
2016-02-10T20:00:00Z,1.9974999927812152
2016-02-10T21:00:00Z,2.203611096408632
2016-02-10T22:00:00Z,1.112499998882413
2016-02-10T23:00:00Z,2.0986111025015513
2016-02-11T00:00:00Z,1.9415041719638537
2016-02-11T01:00:00Z,1.0791666663976178
2016-02-11T02:00:00Z,0.641944450015823
2016-02-11T03:00:00Z,0.4750000035804179
2016-02-11T04:00:00Z,0.28694444787171153
2016-02-11T05:00:00Z,0.9636111114381088
2016-02-11T06:00:00Z,0.8472222212702036
2016-02-11T07:00:00Z,0.806666670470602
2016-02-11T08:00:00Z,1.1077777792182233
2016-02-11T09:00:00Z,0.824722221845554
2016-02-11T10:00:00Z,0.40166667062375283
2016-02-11T11:00:00Z,0.5458333363963498
2016-02-11T12:00:00Z,0.8941666688563095
2016-02-11T13:00:00Z,1.7580555548063583
2016-02-11T14:00:00Z,1.2038888915545412
2016-02-11T15:00:00Z,1.268888888715042
2016-02-11T16:00:00Z,1.9763888789547814
2016-02-11T17:00:00Z,2.298055543171035
2016-02-11T18:00:00Z,3.121388887696796
2016-02-11T19:00:00Z,2.973888889948527
2016-02-11T20:00:00Z,2.595277781536182
2016-02-11T21:00:00Z,2.0274999915311733
2016-02-11T22:00:00Z,2.907222214837869
2016-02-11T23:00:00Z,3.221666665209664
2016-02-12T00:00:00Z,3.2607242313932243
2016-02-12T01:00:00Z,3.7483333319425585
2016-02-12T02:00:00Z,4.332499998807907
2016-02-12T03:00:00Z,2.349166665474574
2016-02-12T04:00:00Z,2.701388887398773
2016-02-12T05:00:00Z,2.4558333307504654
2016-02-12T06:00:00Z,2.248888882332378
2016-02-12T07:00:00Z,2.408333331015375
2016-02-12T08:00:00Z,2.332777770029174
2016-02-12T09:00:00Z,2.648333328300052
2016-02-12T10:00:00Z,3.9311111092567446
2016-02-12T11:00:00Z,4.182222218314807
2016-02-12T12:00:00Z,4.741111105680465
2016-02-12T13:00:00Z,4.225833337505659
2016-02-12T14:00:00Z,4.315277782744832
2016-02-12T15:00:00Z,4.045277776320775
2016-02-12T16:00:00Z,3.8958333250549106
2016-02-12T17:00:00Z,3.272222230500645
2016-02-12T18:00:00Z,2.714999994966719
2016-02-12T19:00:00Z,2.0005555485685664
2016-02-12T20:00:00Z,1.9527777685059442
2016-02-12T21:00:00Z,2.2524999929798972
2016-02-12T22:00:00Z,1.6744444438152843
2016-02-12T23:00:00Z,2.1847222175863052
2016-02-13T00:00:00Z,2.281894139592694
2016-02-13T01:00:00Z,3.2236111068063313
2016-02-13T02:00:00Z,3.2472222165928946
2016-02-13T03:00:00Z,3.9791666673289403
2016-02-13T04:00:00Z,3.59166666203075
2016-02-13T05:00:00Z,3.9780555518137084
2016-02-13T06:00:00Z,5.114722234010697
2016-02-13T07:00:00Z,5.98499999112553
2016-02-13T08:00:00Z,6.079444443517261
2016-02-13T09:00:00Z,7.016666673951679
2016-02-13T10:00:00Z,6.925555557674832
2016-02-13T11:00:00Z,6.891944446166357
2016-02-13T12:00:00Z,6.486111132303874
2016-02-13T13:00:00Z,6.877222223414315
2016-02-13T14:00:00Z,5.160277783870697
2016-02-13T15:00:00Z,4.962777790758345
2016-02-13T16:00:00Z,4.063055554363463
2016-02-13T17:00:00Z,3.3944444391462536
2016-02-13T18:00:00Z,2.934444440735711
2016-02-13T19:00:00Z,3.264166667395168
2016-02-13T20:00:00Z,2.5047222154008018
2016-02-13T21:00:00Z,2.6924999975495867
2016-02-13T22:00:00Z,2.4099999954303106
2016-02-13T23:00:00Z,2.473333328631189
2016-02-14T00:00:00Z,2.184401110022181
2016-02-14T01:00:00Z,2.6244444416628943
2016-02-14T02:00:00Z,2.831944442457623
2016-02-14T03:00:00Z,3.108888885047701
2016-02-14T04:00:00Z,2.6944444351726107
2016-02-14T05:00:00Z,2.436111107137468
2016-02-14T06:00:00Z,3.3536111079984243
2016-02-14T07:00:00Z,3.429166658388244
2016-02-14T08:00:00Z,3.0208333283662796
2016-02-14T09:00:00Z,3.6908333291610083
2016-02-14T10:00:00Z,5.294722225268682
2016-02-14T11:00:00Z,5.949722222487131
2016-02-14T12:00:00Z,6.700555563635296
2016-02-14T13:00:00Z,6.462500016556846
2016-02-14T14:00:00Z,8.265833347373539
2016-02-14T15:00:00Z,7.786944450272454
2016-02-14T16:00:00Z,6.844166661633386
2016-02-14T17:00:00Z,4.282222222619587
2016-02-14T18:00:00Z,3.2363888839880626
2016-02-14T19:00:00Z,4.852222209506564
2016-02-14T20:00:00Z,4.733333325386047
2016-02-14T21:00:00Z,5.05555554760827
2016-02-14T22:00:00Z,4.468611106276512
2016-02-14T23:00:00Z,3.0933333358830875
2016-02-15T00:00:00Z,3.3373259046947723
2016-02-15T01:00:00Z,4.083888884385427
2016-02-15T02:00:00Z,3.7647222111622494
2016-02-15T03:00:00Z,4.332499997483359
2016-02-15T04:00:00Z,4.34777777062522
2016-02-15T05:00:00Z,3.8313888907432556
2016-02-15T06:00:00Z,4.5258333219422235
2016-02-15T07:00:00Z,4.606666670905219
2016-02-15T08:00:00Z,4.256666665275891
2016-02-15T09:00:00Z,5.565833336114883
2016-02-15T10:00:00Z,6.48833333849907
2016-02-15T11:00:00Z,6.054722215731939
2016-02-15T12:00:00Z,6.115000016821755
2016-02-15T13:00:00Z,5.732500007417467
2016-02-15T14:00:00Z,5.574722217188941
2016-02-15T15:00:00Z,4.500277776850594
2016-02-15T16:00:00Z,3.6313888947168986
2016-02-15T17:00:00Z,2.1977777755922743
2016-02-15T18:00:00Z,2.058055551184548
2016-02-15T19:00:00Z,1.5358333317769899
2016-02-15T20:00:00Z,2.465555551317003
2016-02-15T21:00:00Z,2.0219444452888435
2016-02-15T22:00:00Z,1.9627777751949098
2016-02-15T23:00:00Z,1.1986111101797885
2016-02-16T00:00:00Z,1.0902506970595516
2016-02-16T01:00:00Z,1.4324999976489279
2016-02-16T02:00:00Z,1.5124999965230623
2016-02-16T03:00:00Z,1.0294444441381427
2016-02-16T04:00:00Z,0.8575000036507845
2016-02-16T05:00:00Z,0.9472222253680229
2016-02-16T06:00:00Z,0.3350000027567148
2016-02-16T07:00:00Z,0.8936111097948418
2016-02-16T08:00:00Z,0.8461111137436496
2016-02-16T09:00:00Z,0.6508333367192083
2016-02-16T10:00:00Z,2.044444436248806
2016-02-16T11:00:00Z,4.193333325121138
2016-02-16T12:00:00Z,4.753333345386717
2016-02-16T13:00:00Z,5.826388892862532
2016-02-16T14:00:00Z,6.155277780691782
2016-02-16T15:00:00Z,6.201666675673591
2016-02-16T16:00:00Z,5.200833329227236
2016-02-16T17:00:00Z,4.221944436762068
2016-02-16T18:00:00Z,4.126388872994317
2016-02-16T19:00:00Z,4.35555554760827
2016-02-16T20:00:00Z,4.595833322736952
2016-02-16T21:00:00Z,3.616111107667287
2016-02-16T22:00:00Z,4.011388883325789
2016-02-16T23:00:00Z,5.476388890213436
2016-02-17T00:00:00Z,5.392757666144198
2016-02-17T01:00:00Z,4.636666673090723
2016-02-17T02:00:00Z,4.527222217453851
2016-02-17T03:00:00Z,4.471666667858759
2016-02-17T04:00:00Z,4.742500004503462
2016-02-17T05:00:00Z,5.5111111064751945
2016-02-17T06:00:00Z,5.7022222326861485
2016-02-17T07:00:00Z,5.67805555595292
2016-02-17T08:00:00Z,6.424722229772144
2016-02-17T09:00:00Z,7.217222221030129
2016-02-17T10:00:00Z,6.406388884782791
2016-02-17T11:00:00Z,5.827499993642172
2016-02-17T12:00:00Z,4.95305555595292
2016-02-17T13:00:00Z,4.316111120912764
2016-02-17T14:00:00Z,4.108888882398605
2016-02-17T15:00:00Z,5.23666665951411
2016-02-17T16:00:00Z,5.284722222884496
2016-02-17T17:00:00Z,5.119166675541136
2016-02-17T18:00:00Z,4.780000005828009
2016-02-17T19:00:00Z,3.660833344525761
2016-02-17T20:00:00Z,1.8294444413648712
2016-02-17T21:00:00Z,1.8897222180954285
2016-02-17T22:00:00Z,2.4338888823986053
2016-02-17T23:00:00Z,1.9524999962912666
2016-02-18T00:00:00Z,2.7292479070780336
2016-02-18T01:00:00Z,2.2899999962912667
2016-02-18T02:00:00Z,2.100833327571551
2016-02-18T03:00:00Z,2.037222218182352
2016-02-18T04:00:00Z,1.7652777739697032
2016-02-18T05:00:00Z,2.1299999949004915
2016-02-18T06:00:00Z,2.6727777759234113
2016-02-18T07:00:00Z,2.5772222146391868
2016-02-18T08:00:00Z,2.02361110266712
2016-02-18T09:00:00Z,2.4766666567987867
2016-02-18T10:00:00Z,3.5961111065414215
2016-02-18T11:00:00Z,3.869444437490569
2016-02-18T12:00:00Z,4.343333333730698
2016-02-18T13:00:00Z,3.788055553038915
2016-02-18T14:00:00Z,3.8780555549595093
2016-02-18T15:00:00Z,3.519722214010027
2016-02-18T16:00:00Z,1.496944441066848
2016-02-18T17:00:00Z,1.7016666592823135
2016-02-18T18:00:00Z,1.9733333286311892
2016-02-18T19:00:00Z,2.3808333218097686
2016-02-18T20:00:00Z,2.13888887696796
2016-02-18T21:00:00Z,2.036944439344936
2016-02-18T22:00:00Z,1.5297222213612662
2016-02-18T23:00:00Z,1.4022222189439668
2016-02-19T00:00:00Z,1.533147630668284
2016-02-19T01:00:00Z,2.0138888869434597
2016-02-19T02:00:00Z,1.2561111067111292
2016-02-19T03:00:00Z,1.2466666667825645
2016-02-19T04:00:00Z,0.7630555577162239
2016-02-19T05:00:00Z,0.4775000047352579
2016-02-19T06:00:00Z,1.095555556875964
2016-02-19T07:00:00Z,1.1088888891248239
2016-02-19T08:00:00Z,0.9094444456613726
2016-02-19T09:00:00Z,0.9233333367233475
2016-02-19T10:00:00Z,3.178333332637946
2016-02-19T11:00:00Z,5.821666663222842
2016-02-19T12:00:00Z,7.409444473849403
2016-02-19T13:00:00Z,7.4197222365273365
2016-02-19T14:00:00Z,7.735555579927232
2016-02-19T15:00:00Z,6.649444459544288
2016-02-19T16:00:00Z,7.134722212950389
2016-02-19T17:00:00Z,7.6950000180138485
2016-02-19T18:00:00Z,7.3638888994852705
2016-02-19T19:00:00Z,8.903333336777157
2016-02-19T20:00:00Z,7.78333334657881
2016-02-19T21:00:00Z,5.541388885842429
2016-02-19T22:00:00Z,6.016111104355918
2016-02-19T23:00:00Z,7.014166673686769
2016-02-20T00:00:00Z,7.043732589997953
2016-02-20T01:00:00Z,7.4247222516271805
2016-02-20T02:00:00Z,6.940555551317003
2016-02-20T03:00:00Z,6.351111114025116
2016-02-20T04:00:00Z,6.008888885047701
2016-02-20T05:00:00Z,5.4100000050332815
2016-02-20T06:00:00Z,5.414166667726305
2016-02-20T07:00:00Z,4.992777778042687
2016-02-20T08:00:00Z,7.053055560588836
2016-02-20T09:00:00Z,7.14444445239173
2016-02-20T10:00:00Z,6.76333334048589
2016-02-20T11:00:00Z,7.549722222487132
2016-02-20T12:00:00Z,7.882777767711215
2016-02-20T13:00:00Z,7.6141666677263045
2016-02-20T14:00:00Z,7.538333343134986
2016-02-20T15:00:00Z,8.584444476498497
2016-02-20T16:00:00Z,10.320277751816644
2016-02-20T17:00:00Z,10.566666674613952
2016-02-20T18:00:00Z,10.819166688124339
2016-02-20T19:00:00Z,9.354722211096021
2016-02-20T20:00:00Z,8.876111114025116
2016-02-20T21:00:00Z,6.605555556880104
2016-02-20T22:00:00Z,6.526666677660412
2016-02-20T23:00:00Z,8.622222226195865
2016-02-21T00:00:00Z,8.555153207858625
2016-02-21T01:00:00Z,8.603333348698087
2016-02-21T02:00:00Z,8.130000007152557
2016-02-21T03:00:00Z,7.743333344989352
2016-02-21T04:00:00Z,7.520000008742015
2016-02-21T05:00:00Z,6.959444451994366
2016-02-21T06:00:00Z,6.648611121045219
2016-02-21T07:00:00Z,7.119444445106718
2016-02-21T08:00:00Z,5.714166673024495
2016-02-21T09:00:00Z,6.816944444841809
2016-02-21T10:00:00Z,7.891111095084084
2016-02-21T11:00:00Z,8.800555547078451
2016-02-21T12:00:00Z,8.195833322736952
2016-02-21T13:00:00Z,8.315833350022634
2016-02-21T14:00:00Z,7.217222242885166
2016-02-21T15:00:00Z,7.567777791288164
2016-02-21T16:00:00Z,8.109444459279379
2016-02-21T17:00:00Z,8.266666671964858
2016-02-21T18:00:00Z,8.739722201559278
2016-02-21T19:00:00Z,7.975000007947286
2016-02-21T20:00:00Z,7.96888891061147
2016-02-21T21:00:00Z,7.395277795526717
2016-02-21T22:00:00Z,7.402222235997518
2016-02-21T23:00:00Z,6.86361111998558
2016-02-22T00:00:00Z,5.657660178155288
2016-02-22T01:00:00Z,6.41416668759452
2016-02-22T02:00:00Z,6.645277788903978
2016-02-22T03:00:00Z,6.5002777847978805
2016-02-22T04:00:00Z,6.154722228977415
2016-02-22T05:00:00Z,6.298888887961706
2016-02-22T06:00:00Z,4.490833327174187
2016-02-22T07:00:00Z,2.973611110779974
2016-02-22T08:00:00Z,3.054722218712171
2016-02-22T09:00:00Z,3.4302777724133597
2016-02-22T10:00:00Z,3.714722215798166
2016-02-22T11:00:00Z,3.068611111574703
2016-02-22T12:00:00Z,4.045555543899536
2016-02-22T13:00:00Z,3.8313888834582435
2016-02-22T14:00:00Z,4.487222235401472
2016-02-22T15:00:00Z,3.8808333377043405
2016-02-22T16:00:00Z,2.852222216791577
2016-02-22T17:00:00Z,2.021666658586926
2016-02-22T18:00:00Z,1.740277777446641
2016-02-22T19:00:00Z,1.7105555563337274
2016-02-22T20:00:00Z,2.179166661368476
2016-02-22T21:00:00Z,2.0505555498931143
2016-02-22T22:00:00Z,2.1461111068725587
2016-02-22T23:00:00Z,2.1713888807429207
2016-02-23T00:00:00Z,1.4473537583537088
2016-02-23T01:00:00Z,2.141666662113534
2016-02-23T02:00:00Z,2.5286111073361504
2016-02-23T03:00:00Z,1.9919444390469128
2016-02-23T04:00:00Z,2.0308333221409054
2016-02-23T05:00:00Z,2.3658333301544188
2016-02-23T06:00:00Z,1.8063888834582436
2016-02-23T07:00:00Z,2.681111105945375
2016-02-23T08:00:00Z,2.125833325750298
2016-02-23T09:00:00Z,1.6641666586200397
2016-02-23T10:00:00Z,2.3622222213281527
2016-02-23T11:00:00Z,2.948611103163825
2016-02-23T12:00:00Z,2.3927777694331276
2016-02-23T13:00:00Z,3.1086111118396125
2016-02-23T14:00:00Z,3.77222221924199
2016-02-23T15:00:00Z,3.2749999986754523
2016-02-23T16:00:00Z,2.8924999988741344
2016-02-23T17:00:00Z,1.7686111027995746
2016-02-23T18:00:00Z,1.222777776999606
2016-02-23T19:00:00Z,1.2827777795907525
2016-02-23T20:00:00Z,1.2449999988906912
2016-02-23T21:00:00Z,1.3238888873822159
2016-02-23T22:00:00Z,0.795000002740158
2016-02-23T23:00:00Z,1.0205555561309059
2016-02-24T00:00:00Z,1.3311977693629464
2016-02-24T01:00:00Z,1.4144444424245093
2016-02-24T02:00:00Z,1.4702777759896384
2016-02-24T03:00:00Z,1.6333333334989018
2016-02-24T04:00:00Z,2.5255555537011887
2016-02-24T05:00:00Z,2.375
2016-02-24T06:00:00Z,2.1799999909268486
2016-02-24T07:00:00Z,2.3933333337306975
2016-02-24T08:00:00Z,2.625277779168553
2016-02-24T09:00:00Z,3.007222220963902
2016-02-24T10:00:00Z,3.211666660176383
2016-02-24T11:00:00Z,3.491944436563386
2016-02-24T12:00:00Z,3.5688888867696127
2016-02-24T13:00:00Z,3.4488888863060208
2016-02-24T14:00:00Z,3.4636111123694313
2016-02-24T15:00:00Z,3.173611104157236
2016-02-24T16:00:00Z,3.259722226858139
2016-02-24T17:00:00Z,2.5811111092567445
2016-02-24T18:00:00Z,2.040833325187365
2016-02-24T19:00:00Z,1.2083333321743541
2016-02-24T20:00:00Z,1.3091666678587595
2016-02-24T21:00:00Z,1.4872222219904263
2016-02-24T22:00:00Z,1.5347222199042638
2016-02-24T23:00:00Z,1.1986111101177004
2016-02-25T00:00:00Z,0.9646239549668718
2016-02-25T01:00:00Z,1.070833332836628
2016-02-25T02:00:00Z,1.3808333332339922
2016-02-25T03:00:00Z,1.8241666580239932
2016-02-25T04:00:00Z,1.8780555470950073
2016-02-25T05:00:00Z,1.5822222149827414
2016-02-25T06:00:00Z,1.6133333300550778
2016-02-25T07:00:00Z,2.0936111059453753
2016-02-25T08:00:00Z,1.5997222171889411
2016-02-25T09:00:00Z,1.4294444411993026
2016-02-25T10:00:00Z,2.4672222203678555
2016-02-25T11:00:00Z,3.048611109620995
2016-02-25T12:00:00Z,3.0155555539660983
2016-02-25T13:00:00Z,3.4052777836720147
2016-02-25T14:00:00Z,2.878055550903082
2016-02-25T15:00:00Z,2.308055553833644
2016-02-25T16:00:00Z,1.6599999957614475
2016-02-25T17:00:00Z,1.0625000020282136
2016-02-25T18:00:00Z,1.1666666689018408
2016-02-25T19:00:00Z,1.1841666653752327
2016-02-25T20:00:00Z,1.181666666517655
2016-02-25T21:00:00Z,1.1986111109248465
2016-02-25T22:00:00Z,1.103333333445092
2016-02-25T23:00:00Z,0.8830555567724837
2016-02-26T00:00:00Z,1.328412252859651
2016-02-26T01:00:00Z,1.4961111065414217
2016-02-26T02:00:00Z,1.5997222152021195
2016-02-26T03:00:00Z,1.844722217321396
2016-02-26T04:00:00Z,3.0369444416628943
2016-02-26T05:00:00Z,2.841944440205892
2016-02-26T06:00:00Z,2.155555550919639
2016-02-26T07:00:00Z,2.512222222155995
2016-02-26T08:00:00Z,2.47999999506606
2016-02-26T09:00:00Z,2.7213888850477006
2016-02-26T10:00:00Z,3.24138888037867
2016-02-26T11:00:00Z,5.667500001854367
2016-02-26T12:00:00Z,4.669166666931576
2016-02-26T13:00:00Z,4.047500002384186
2016-02-26T14:00:00Z,4.592777781354057
2016-02-26T15:00:00Z,4.345277779632145
2016-02-26T16:00:00Z,3.5947222189770804
2016-02-26T17:00:00Z,2.189999990330802
2016-02-26T18:00:00Z,2.151388887233204
2016-02-26T19:00:00Z,2.2886111047532824
2016-02-26T20:00:00Z,2.2680555469459955
2016-02-26T21:00:00Z,2.8800000001986823
2016-02-26T22:00:00Z,3.354166660375065
2016-02-26T23:00:00Z,3.7561111039585535
2016-02-27T00:00:00Z,3.5022284127875625
2016-02-27T01:00:00Z,3.718611109256744
2016-02-27T02:00:00Z,3.377222215798166
2016-02-27T03:00:00Z,3.9969444453716276
2016-02-27T04:00:00Z,3.923888878689872
2016-02-27T05:00:00Z,3.470555557145013
2016-02-27T06:00:00Z,3.844722220963902
2016-02-27T07:00:00Z,3.1236111097865633
2016-02-27T08:00:00Z,3.857777766386668
2016-02-27T09:00:00Z,4.985833330949148
2016-02-27T10:00:00Z,6.5027777830759685
2016-02-27T11:00:00Z,7.255833336379793
2016-02-27T12:00:00Z,6.998333331611422
2016-02-27T13:00:00Z,7.414166667064031
2016-02-27T14:00:00Z,7.293055560853746
2016-02-27T15:00:00Z,7.5927777853277
2016-02-27T16:00:00Z,6.773055562708113
2016-02-27T17:00:00Z,7.693055540985531
2016-02-27T18:00:00Z,5.107777779301007
2016-02-27T19:00:00Z,5.133055552509096
2016-02-27T20:00:00Z,5.793611105945375
2016-02-27T21:00:00Z,5.142777780029509
2016-02-27T22:00:00Z,4.457499991522895
2016-02-27T23:00:00Z,4.496111106872559
2016-02-28T00:00:00Z,4.812813359050698
2016-02-28T01:00:00Z,4.619999982251061
2016-02-28T02:00:00Z,4.228611107667287
2016-02-28T03:00:00Z,4.1074999921851685
2016-02-28T04:00:00Z,4.282222216659122
2016-02-28T05:00:00Z,3.391666662361887
2016-02-28T06:00:00Z,4.373055556747649
2016-02-28T07:00:00Z,3.6127777808242376
2016-02-28T08:00:00Z,3.669444437159432
2016-02-28T09:00:00Z,4.774166652891371
2016-02-28T10:00:00Z,6.803888897101085
2016-02-28T11:00:00Z,6.926111129919688
2016-02-28T12:00:00Z,7.688611123959223
2016-02-28T13:00:00Z,6.883055572377311
2016-02-28T14:00:00Z,8.068611133098603
2016-02-28T15:00:00Z,7.944722235202789
2016-02-28T16:00:00Z,6.966666681898965
2016-02-28T17:00:00Z,5.536388884650337
2016-02-28T18:00:00Z,4.17916667064031
2016-02-28T19:00:00Z,3.029999997549587
2016-02-28T20:00:00Z,2.4813888910743924
2016-02-28T21:00:00Z,1.6436111088428231
2016-02-28T22:00:00Z,3.0894444382852977
2016-02-28T23:00:00Z,3.8211111108462017
2016-02-29T00:00:00Z,2.563231192591463
2016-02-29T01:00:00Z,2.1972222129503884
2016-02-29T02:00:00Z,1.631666663951344
2016-02-29T03:00:00Z,1.1502777757950955
2016-02-29T04:00:00Z,0.9133333349807395
2016-02-29T05:00:00Z,0.6011111136111948
2016-02-29T06:00:00Z,1.3819444401396646
2016-02-29T07:00:00Z,0.6208333371828
2016-02-29T08:00:00Z,0.40555555992242365
2016-02-29T09:00:00Z,1.6174999965975683
2016-02-29T10:00:00Z,1.5122222158643934
2016-02-29T11:00:00Z,1.2280555554148225
2016-02-29T12:00:00Z,1.1341666656856735
2016-02-29T13:00:00Z,0.9952777796114485
2016-02-29T14:00:00Z,1.7555555555762516
2016-02-29T15:00:00Z,1.9847222257819441
2016-02-29T16:00:00Z,2.131944439642959
2016-02-29T17:00:00Z,2.5036111027002335
2016-02-29T18:00:00Z,3.3933333337306975
2016-02-29T19:00:00Z,3.053055554628372
2016-02-29T20:00:00Z,3.2800000094705157
2016-02-29T21:00:00Z,3.4330555505222744
2016-02-29T22:00:00Z,4.123888873391682
2016-02-29T23:00:00Z,4.254722211096022
2016-03-01T00:00:00Z,5.8830083671718585
2016-03-01T01:00:00Z,7.346944451332092
2016-03-01T02:00:00Z,7.572500006357829
2016-03-01T03:00:00Z,7.042499997880724
2016-03-01T04:00:00Z,6.948611112435659
2016-03-01T05:00:00Z,6.332500004106098
2016-03-01T06:00:00Z,6.427500012848112
2016-03-01T07:00:00Z,7.635555571979946
2016-03-01T08:00:00Z,8.31388888756434
2016-03-01T09:00:00Z,8.980277778042687
2016-03-01T10:00:00Z,8.751111099455091
2016-03-01T11:00:00Z,7.900000003973643
2016-03-01T12:00:00Z,6.993611126475864
2016-03-01T13:00:00Z,6.307222220632765
2016-03-01T14:00:00Z,6.716111115614573
2016-03-01T15:00:00Z,6.901944459809197
2016-03-01T16:00:00Z,7.44833333823416
2016-03-01T17:00:00Z,7.490277796321445
2016-03-01T18:00:00Z,7.416388888491524
2016-03-01T19:00:00Z,7.356666674878862
2016-03-01T20:00:00Z,7.007222228580051
2016-03-01T21:00:00Z,6.941388893127441
2016-03-01T22:00:00Z,6.037777766916487
2016-03-01T23:00:00Z,7.48666667342186
2016-03-02T00:00:00Z,6.699721466531993
2016-03-02T01:00:00Z,7.410000007682377
2016-03-02T02:00:00Z,7.539722240633434
2016-03-02T03:00:00Z,7.908611105548011
2016-03-02T04:00:00Z,6.875277779499689
2016-03-02T05:00:00Z,6.150555553038915
2016-03-02T06:00:00Z,7.336111103163825
2016-03-02T07:00:00Z,8.103611099720002
2016-03-02T08:00:00Z,8.463611119323307
2016-03-02T09:00:00Z,9.870000003443824
2016-03-02T10:00:00Z,10.938055543104808
2016-03-02T11:00:00Z,10.832500025961135
2016-03-02T12:00:00Z,12.318611137072246
2016-03-02T13:00:00Z,10.670833322736952
2016-03-02T14:00:00Z,9.271944460603926
2016-03-02T15:00:00Z,9.470833356512918
2016-03-02T16:00:00Z,8.137777788109249
2016-03-02T17:00:00Z,7.987777798705631
2016-03-02T18:00:00Z,5.565277773141861
2016-03-02T19:00:00Z,6.378055567873849
2016-03-02T20:00:00Z,7.4875
2016-03-02T21:00:00Z,7.1691666695806715
2016-03-02T22:00:00Z,7.747777771949768
2016-03-02T23:00:00Z,7.748888903194004
2016-03-03T00:00:00Z,8.874373255333861
2016-03-03T01:00:00Z,8.958055582311419
2016-03-03T02:00:00Z,9.552222232023874
2016-03-03T03:00:00Z,8.656944439808528
2016-03-03T04:00:00Z,7.260555566019482
2016-03-03T05:00:00Z,5.554444450802273
2016-03-03T06:00:00Z,4.131666660308838
2016-03-03T07:00:00Z,3.739999986357159
2016-03-03T08:00:00Z,3.126944440934393
2016-03-03T09:00:00Z,2.995833334657881
2016-03-03T10:00:00Z,2.850555548071861
2016-03-03T11:00:00Z,2.787500002483527
2016-03-03T12:00:00Z,4.050277772214677
2016-03-03T13:00:00Z,4.893333334392971
2016-03-03T14:00:00Z,4.300555555025737
2016-03-03T15:00:00Z,4.681666660308838
2016-03-03T16:00:00Z,3.2622222264607745
2016-03-03T17:00:00Z,3.2291666669978034
2016-03-03T18:00:00Z,4.876388894187079
2016-03-03T19:00:00Z,5.3827777908908
2016-03-03T20:00:00Z,5.886388899220361
2016-03-03T21:00:00Z,6.774166659514109
2016-03-03T22:00:00Z,8.157222232553694
2016-03-03T23:00:00Z,6.559722205665376
2016-03-04T00:00:00Z,6.720612816159772
2016-03-04T01:00:00Z,5.761944457557466
2016-03-04T02:00:00Z,5.070833326048321
2016-03-04T03:00:00Z,3.953055563237932
2016-03-04T04:00:00Z,2.892222221361266
2016-03-04T05:00:00Z,2.5969444427225326
2016-03-04T06:00:00Z,2.132499994503127
2016-03-04T07:00:00Z,2.8736111177338493
2016-03-04T08:00:00Z,3.8813888867696127
2016-03-04T09:00:00Z,4.298888881338967
2016-03-04T10:00:00Z,4.679722215731939
2016-03-04T11:00:00Z,4.890555556615194
2016-03-04T12:00:00Z,3.976944448550542
2016-03-04T13:00:00Z,4.256111108594471
2016-03-04T14:00:00Z,4.26861110859447
2016-03-04T15:00:00Z,3.8030555566151936
2016-03-04T16:00:00Z,3.336388883325789
2016-03-04T17:00:00Z,3.671666669845581
2016-03-04T18:00:00Z,3.361666671766175
2016-03-04T19:00:00Z,2.169166662647492
2016-03-04T20:00:00Z,1.2305555536101263
2016-03-04T21:00:00Z,1.5961111065414217
2016-03-04T22:00:00Z,0.9841666686866019
2016-03-04T23:00:00Z,1.7005555500586829
2016-03-05T00:00:00Z,2.0506963670087726
2016-03-05T01:00:00Z,1.8849999924500784
2016-03-05T02:00:00Z,1.279444443848398
2016-03-05T03:00:00Z,1.5244444421182075
2016-03-05T04:00:00Z,1.446666669845581
2016-03-05T05:00:00Z,1.220833338631524
2016-03-05T06:00:00Z,1.742777771751086
2016-03-05T07:00:00Z,1.707777775079012
2016-03-05T08:00:00Z,3.4061111089256073
2016-03-05T09:00:00Z,3.762777778506279
2016-03-05T10:00:00Z,5.110833331611421
2016-03-05T11:00:00Z,7.024166669448217
2016-03-05T12:00:00Z,7.175000015232298
2016-03-05T13:00:00Z,7.500833335849974
2016-03-05T14:00:00Z,6.192222222354677
2016-03-05T15:00:00Z,5.189444443914625
2016-03-05T16:00:00Z,4.479166660043928
2016-03-05T17:00:00Z,5.143611121839947
2016-03-05T18:00:00Z,2.6483333243264093
2016-03-05T19:00:00Z,1.9899999969535405
2016-03-05T20:00:00Z,3.5108333273066417
2016-03-05T21:00:00Z,3.5408333265119127
2016-03-05T22:00:00Z,2.36861110329628
2016-03-05T23:00:00Z,2.5099999941057627
2016-03-06T00:00:00Z,2.0387186552488705
2016-03-06T01:00:00Z,2.0844444397423003
2016-03-06T02:00:00Z,1.863333328233825
2016-03-06T03:00:00Z,1.9666666626930236
2016-03-06T04:00:00Z,1.7052777751452393
2016-03-06T05:00:00Z,2.121944441397985
2016-03-06T06:00:00Z,2.0569444341792003
2016-03-06T07:00:00Z,2.1199999842378827
2016-03-06T08:00:00Z,1.414444442341725
2016-03-06T09:00:00Z,2.495277770029174
2016-03-06T10:00:00Z,3.098055550787184
2016-03-06T11:00:00Z,3.784999992450078
2016-03-06T12:00:00Z,3.3147222217586307
2016-03-06T13:00:00Z,3.9388888862397935
2016-03-06T14:00:00Z,3.519166668256124
2016-03-06T15:00:00Z,4.1800000005298195
2016-03-06T16:00:00Z,2.822499993774626
2016-03-06T17:00:00Z,3.758055549197727
2016-03-06T18:00:00Z,3.4280555533038246
2016-03-06T19:00:00Z,2.400555552707778
2016-03-06T20:00:00Z,1.8447222193082173
2016-03-06T21:00:00Z,1.418055555721124
2016-03-06T22:00:00Z,1.8177777710888121
2016-03-06T23:00:00Z,2.1266666563020813
2016-03-07T00:00:00Z,2.4225626672542857
2016-03-07T01:00:00Z,3.563333329227236
2016-03-07T02:00:00Z,3.6658333271741865
2016-03-07T03:00:00Z,2.620555548204316
2016-03-07T04:00:00Z,1.906111106938786
2016-03-07T05:00:00Z,2.5047222167253493
2016-03-07T06:00:00Z,2.9241666585206985
2016-03-07T07:00:00Z,2.88222221798367
2016-03-07T08:00:00Z,3.083611105879148
2016-03-07T09:00:00Z,4.521666669845581
2016-03-07T10:00:00Z,5.612222216526667
2016-03-07T11:00:00Z,6.092777777380413
2016-03-07T12:00:00Z,5.813611108726925
2016-03-07T13:00:00Z,5.798333335585064
2016-03-07T14:00:00Z,5.080000001192093
2016-03-07T15:00:00Z,5.176388885908657
2016-03-07T16:00:00Z,4.594722215334574
2016-03-07T17:00:00Z,3.4686111105812922
2016-03-07T18:00:00Z,2.2383333245913186
2016-03-07T19:00:00Z,1.549444442325168
2016-03-07T20:00:00Z,1.502499998278088
2016-03-07T21:00:00Z,1.450555553701189
2016-03-07T22:00:00Z,1.1527777797645993
2016-03-07T23:00:00Z,1.3008333340287208
2016-03-08T00:00:00Z,1.5203342582189938
2016-03-08T01:00:00Z,1.6363888897829586
2016-03-08T02:00:00Z,0.9361111155814594
2016-03-08T03:00:00Z,0.9541666703505649
2016-03-08T04:00:00Z,0.830000003406571
2016-03-08T05:00:00Z,1.7766666653048662
2016-03-08T06:00:00Z,0.5788888914510608
2016-03-08T07:00:00Z,0.9333333356098996
2016-03-08T08:00:00Z,0.5847222256163757
2016-03-08T09:00:00Z,0.4427777808573511
2016-03-08T10:00:00Z,2.09166666654249
2016-03-08T11:00:00Z,4.061666660176384
2016-03-08T12:00:00Z,4.751666667064031
2016-03-08T13:00:00Z,5.6850000063578285
2016-03-08T14:00:00Z,6.184166678455141
2016-03-08T15:00:00Z,6.156388888094161
2016-03-08T16:00:00Z,5.054444443517261
2016-03-08T17:00:00Z,5.19055555595292
2016-03-08T18:00:00Z,6.681666682826148
2016-03-08T19:00:00Z,6.52750000026491
2016-03-08T20:00:00Z,5.961666664150026
2016-03-08T21:00:00Z,5.14777776532703
2016-03-08T22:00:00Z,5.718888884120517
2016-03-08T23:00:00Z,5.694722241163253
2016-03-09T00:00:00Z,6.5426183922377135
2016-03-09T01:00:00Z,6.793888873524136
2016-03-09T02:00:00Z,7.628888883855608
2016-03-09T03:00:00Z,7.833333353863822
2016-03-09T04:00:00Z,7.905555554231008
2016-03-09T05:00:00Z,6.720277776320775
2016-03-09T06:00:00Z,4.721666663885117
2016-03-09T07:00:00Z,3.5286111026174494
2016-03-09T08:00:00Z,4.423888882001241
2016-03-09T09:00:00Z,8.235555560059018
2016-03-09T10:00:00Z,10.655833344989352
2016-03-09T11:00:00Z,10.136944462193384
2016-03-09T12:00:00Z,9.686666672759586
2016-03-09T13:00:00Z,9.34027779367235
2016-03-09T14:00:00Z,9.587222226460774
2016-03-09T15:00:00Z,9.218055567476485
2016-03-09T16:00:00Z,9.282222215334574
2016-03-09T17:00:00Z,9.00416668785943
2016-03-09T18:00:00Z,8.82305554681354
2016-03-09T19:00:00Z,8.148333353466457
2016-03-09T20:00:00Z,7.631388901339637
2016-03-09T21:00:00Z,7.565555565887028
2016-03-09T22:00:00Z,7.102499994304445
2016-03-09T23:00:00Z,5.840000009536743
2016-03-10T00:00:00Z,6.134818938449233
2016-03-10T01:00:00Z,5.62444445821974
2016-03-10T02:00:00Z,4.766388881868786
2016-03-10T03:00:00Z,4.427500004900827
2016-03-10T04:00:00Z,4.412222217188941
2016-03-10T05:00:00Z,3.5755555527077783
2016-03-10T06:00:00Z,3.258333339293798
2016-03-10T07:00:00Z,2.421388884716564
2016-03-10T08:00:00Z,2.8733333302868735
2016-03-10T09:00:00Z,3.987222214208709
2016-03-10T10:00:00Z,4.115277773804134
2016-03-10T11:00:00Z,4.346388894319534
2016-03-10T12:00:00Z,4.137777780161963
2016-03-10T13:00:00Z,3.308611114488708
2016-03-10T14:00:00Z,3.562777771552404
2016-03-10T15:00:00Z,4.098333332273695
2016-03-10T16:00:00Z,3.5363888919353483
2016-03-10T17:00:00Z,2.5633333338631523
2016-03-10T18:00:00Z,1.3983333314458528
2016-03-10T19:00:00Z,1.4986111037433147
2016-03-10T20:00:00Z,1.178333336611589
2016-03-10T21:00:00Z,1.388888887812694
2016-03-10T22:00:00Z,1.0750000002483526
2016-03-10T23:00:00Z,0.7247222245981296
2016-03-11T00:00:00Z,0.702506967843575
2016-03-11T01:00:00Z,1.3841666674448385
2016-03-11T02:00:00Z,2.4033333289954397
2016-03-11T03:00:00Z,2.214722221924199
2016-03-11T04:00:00Z,2.136944441166189
2016-03-11T05:00:00Z,1.9202777711881531
2016-03-11T06:00:00Z,1.5752777709936103
2016-03-11T07:00:00Z,1.5705555470453367
2016-03-11T08:00:00Z,2.0088888860411114
2016-03-11T09:00:00Z,1.9774999969949325
2016-03-11T10:00:00Z,1.644999999139044
2016-03-11T11:00:00Z,2.066944441364871
2016-03-11T12:00:00Z,2.4700000013742183
2016-03-11T13:00:00Z,2.146111108486851
2016-03-11T14:00:00Z,2.3355555566648643
2016-03-11T15:00:00Z,2.25305555595292
2016-03-11T16:00:00Z,1.7499999983443155
2016-03-11T17:00:00Z,1.2705555528402328
2016-03-11T18:00:00Z,1.2616666704416275
2016-03-11T19:00:00Z,1.3322222207983334
2016-03-11T20:00:00Z,1.1394444418450196
2016-03-11T21:00:00Z,0.7063888924196362
2016-03-11T22:00:00Z,1.0544444462698368
2016-03-11T23:00:00Z,1.1849999983691506
2016-03-12T00:00:00Z,1.3264623967551918
2016-03-12T01:00:00Z,1.4452777778108914
2016-03-12T02:00:00Z,1.5813888880941602
2016-03-12T03:00:00Z,1.5605555478069517
2016-03-12T04:00:00Z,1.4311111115747028
2016-03-12T05:00:00Z,1.322499996672074
2016-03-12T06:00:00Z,0.9169444458766116
2016-03-12T07:00:00Z,0.32777778001295194
2016-03-12T08:00:00Z,1.128055556760066
2016-03-12T09:00:00Z,1.7880555497275459
2016-03-12T10:00:00Z,1.922499993443489
2016-03-12T11:00:00Z,1.5016666644563277
2016-03-12T12:00:00Z,0.9719444459925095
2016-03-12T13:00:00Z,0.7822222266553177
2016-03-12T14:00:00Z,1.0983333373649253
2016-03-12T15:00:00Z,1.3102777751576569
2016-03-12T16:00:00Z,1.2399999993956752
2016-03-12T17:00:00Z,1.0738888888723321
2016-03-12T18:00:00Z,1.0275000010927517
2016-03-12T19:00:00Z,1.190555554214451
2016-03-12T20:00:00Z,0.4736111157056358
2016-03-12T21:00:00Z,0.41388889329714906
2016-03-12T22:00:00Z,1.0500000038908588
2016-03-12T23:00:00Z,1.2541666689846251
2016-03-13T00:00:00Z,1.8108635001859956
2016-03-13T01:00:00Z,1.7627777728769514
2016-03-13T02:00:00Z,2.2824999921851687
2016-03-13T03:00:00Z,2.298333327968915
2016-03-13T04:00:00Z,2.026111107899083
2016-03-13T05:00:00Z,2.2491666603419516
2016-03-13T06:00:00Z,2.9813888947168987
2016-03-13T07:00:00Z,4.055555562178294
2016-03-13T08:00:00Z,4.137777778837416
2016-03-13T09:00:00Z,3.814722216129303
2016-03-13T10:00:00Z,3.9874999857611124
2016-03-13T11:00:00Z,4.383611101574368
2016-03-13T12:00:00Z,4.501666668388578
2016-03-13T13:00:00Z,4.879166667660077
2016-03-13T14:00:00Z,4.978611110316383
2016-03-13T15:00:00Z,5.538333333200878
2016-03-13T16:00:00Z,5.254722231626511
2016-03-13T17:00:00Z,4.813611108064651
2016-03-13T18:00:00Z,2.7383333332008784
2016-03-13T19:00:00Z,3.9630555563502843
2016-03-13T20:00:00Z,4.689166665408346
2016-03-13T21:00:00Z,4.225555545091629
2016-03-13T22:00:00Z,2.782777774002817
2016-03-13T23:00:00Z,3.5072222166591223
2016-03-14T00:00:00Z,3.483565460340558
2016-03-14T01:00:00Z,4.583333317438761
2016-03-14T02:00:00Z,5.421388885709974
2016-03-14T03:00:00Z,4.943611111243566
2016-03-14T04:00:00Z,4.629722219705582
2016-03-14T05:00:00Z,4.010833336909612
2016-03-14T06:00:00Z,4.382500001457003
2016-03-14T07:00:00Z,5.64361110859447
2016-03-14T08:00:00Z,7.029166663355298
2016-03-14T09:00:00Z,7.436388899882634
2016-03-14T10:00:00Z,6.384722221559948
2016-03-14T11:00:00Z,6.9877778000301785
2016-03-14T12:00:00Z,7.421944456630283
2016-03-14T13:00:00Z,7.641666677263048
2016-03-14T14:00:00Z,7.825833317306307
2016-03-14T15:00:00Z,9.144722235865062
2016-03-14T16:00:00Z,7.602777773804135
2016-03-14T17:00:00Z,5.785833347505993
2016-03-14T18:00:00Z,5.156388883458243
2016-03-14T19:00:00Z,5.046111117800077
2016-03-14T20:00:00Z,5.244999996821085
2016-03-14T21:00:00Z,5.050277776850594
2016-03-14T22:00:00Z,4.3405555586020155
2016-03-14T23:00:00Z,3.518611105614238
2016-03-15T00:00:00Z,2.8253481833051506
2016-03-15T01:00:00Z,3.080555549926228
2016-03-15T02:00:00Z,3.220833335320155
2016-03-15T03:00:00Z,3.720833334657881
2016-03-15T04:00:00Z,3.316944440205892
2016-03-15T05:00:00Z,2.7386111030975977
2016-03-15T06:00:00Z,2.3513888779613707
2016-03-15T07:00:00Z,1.3761111101756494
2016-03-15T08:00:00Z,2.1241666585206986
2016-03-15T09:00:00Z,4.463055556019147
2016-03-15T10:00:00Z,5.411627917326698
2016-03-15T11:00:00Z,6.164596288100533
2016-03-15T12:00:00Z,6.445555559131834
2016-03-15T13:00:00Z,5.734444434775247
2016-03-15T14:00:00Z,5.577500006225374
2016-03-15T15:00:00Z,5.7208333293596905
2016-03-15T16:00:00Z,4.9955555624432035
2016-03-15T17:00:00Z,5.2308333410157095
2016-03-15T18:00:00Z,5.049722218513489
2016-03-15T19:00:00Z,5.403333330154419
2016-03-15T20:00:00Z,5.574722229772144
2016-03-15T21:00:00Z,5.890555559926563
2016-03-15T22:00:00Z,5.858888886372248
2016-03-15T23:00:00Z,5.1336111148198444
2016-03-16T00:00:00Z,4.037325900245178
2016-03-16T01:00:00Z,3.8897222214274936
2016-03-16T02:00:00Z,3.940555555621783
2016-03-16T03:00:00Z,5.213333333200879
2016-03-16T04:00:00Z,4.544166651699278
2016-03-16T05:00:00Z,3.7733333392275705
2016-03-16T06:00:00Z,4.224722217188941
2016-03-16T07:00:00Z,4.6069444470935395
2016-03-16T08:00:00Z,5.792777778704961
2016-03-16T09:00:00Z,6.461111122369767
2016-03-16T10:00:00Z,6.791111125548681
2016-03-16T11:00:00Z,6.843055568801033
2016-03-16T12:00:00Z,7.548333326975505
2016-03-16T13:00:00Z,7.4258333358499735
2016-03-16T14:00:00Z,7.134166657262378
2016-03-16T15:00:00Z,6.870833344591988
2016-03-16T16:00:00Z,6.831111125813591
2016-03-16T17:00:00Z,6.636388888623979
2016-03-16T18:00:00Z,6.5269444558355545
2016-03-16T19:00:00Z,5.840000012848113
2016-03-16T20:00:00Z,6.256666682163874
2016-03-16T21:00:00Z,3.78055555721124
2016-03-16T22:00:00Z,4.008055541250441
2016-03-16T23:00:00Z,4.336111109786564
2016-03-17T00:00:00Z,3.3119777152133185
2016-03-17T01:00:00Z,3.3891666607724296
2016-03-17T02:00:00Z,4.169166663620207
2016-03-17T03:00:00Z,4.0711111148198444
2016-03-17T04:00:00Z,3.1800000041723253
2016-03-17T05:00:00Z,2.131388883292675
2016-03-17T06:00:00Z,2.241944439543618
2016-03-17T07:00:00Z,3.3436111168728933
2016-03-17T08:00:00Z,4.3072222186459435
2016-03-17T09:00:00Z,5.444722223944134
2016-03-17T10:00:00Z,5.493333324458864
2016-03-17T11:00:00Z,4.696935935272812
2016-03-17T12:00:00Z,4.212499989569187
2016-03-17T13:00:00Z,4.289166664083798
2016-03-17T14:00:00Z,3.9536111056804657
2016-03-17T15:00:00Z,4.518888882795969
2016-03-17T16:00:00Z,4.101388892200258
2016-03-17T17:00:00Z,3.809166667196486
2016-03-17T18:00:00Z,2.894999998807907
2016-03-17T19:00:00Z,2.6166666603750652
2016-03-17T20:00:00Z,1.7538888804614543
2016-03-17T21:00:00Z,1.8486111023359828
2016-03-17T22:00:00Z,0.9550000021027194
2016-03-17T23:00:00Z,1.5386111067401038
2016-03-18T00:00:00Z,1.6394444389475717
2016-03-18T01:00:00Z,1.5116666634877522
2016-03-18T02:00:00Z,1.0958333308291104
2016-03-18T03:00:00Z,0.9452777783075968
2016-03-18T04:00:00Z,1.5544444425238504
2016-03-18T05:00:00Z,2.691111108660698
2016-03-18T06:00:00Z,2.5755555480718613
2016-03-18T07:00:00Z,3.0127777708901298
2016-03-18T08:00:00Z,4.156111104951965
2016-03-18T09:00:00Z,4.326944450206227
2016-03-18T10:00:00Z,4.158333341942893
2016-03-18T11:00:00Z,4.079444438881344
2016-03-18T12:00:00Z,4.191388883193334
2016-03-18T13:00:00Z,4.096944444047081
2016-03-18T14:00:00Z,3.94722222354677
2016-03-18T15:00:00Z,4.44694444404708
2016-03-18T16:00:00Z,3.9888888829284244
2016-03-18T17:00:00Z,4.673611119720671
2016-03-18T18:00:00Z,5.1074999948342645
2016-03-18T19:00:00Z,3.661111112766796
2016-03-18T20:00:00Z,3.4341666605737475
2016-03-18T21:00:00Z,4.200555551714367
2016-03-18T22:00:00Z,5.6111111084620156
2016-03-18T23:00:00Z,5.434166669845581
2016-03-19T00:00:00Z,5.291388883193334
2016-03-19T01:00:00Z,3.7149999966224034
2016-03-19T02:00:00Z,3.295833338962661
2016-03-19T03:00:00Z,3.6447222176525327
2016-03-19T04:00:00Z,4.491666661699613
2016-03-19T05:00:00Z,3.6794444421927133
2016-03-19T06:00:00Z,4.631388894385761
2016-03-19T07:00:00Z,5.071388898955451
2016-03-19T08:00:00Z,4.924999999668863
2016-03-19T09:00:00Z,4.853333340088526
2016-03-19T10:00:00Z,6.008333336644703
2016-03-19T11:00:00Z,6.028055565887027
2016-03-19T12:00:00Z,5.555555563833979
2016-03-19T13:00:00Z,5.493888890743255
2016-03-19T14:00:00Z,6.043055554231008
2016-03-19T15:00:00Z,5.746111104885737
2016-03-19T16:00:00Z,5.365277778440052
2016-03-19T17:00:00Z,5.6675000031789144
2016-03-19T18:00:00Z,4.694444430867831
2016-03-19T19:00:00Z,4.305277772082222
2016-03-19T20:00:00Z,5.389999990330802
2016-03-19T21:00:00Z,5.138611102766461
2016-03-19T22:00:00Z,4.854722209771475
2016-03-19T23:00:00Z,5.2216666592492
2016-03-20T00:00:00Z,4.8727777805593275
2016-03-20T01:00:00Z,4.300277768241035
2016-03-20T02:00:00Z,4.810277770625221
2016-03-20T03:00:00Z,3.8494444410006206
2016-03-20T04:00:00Z,4.930833335055246
2016-03-20T05:00:00Z,4.353888898756769
2016-03-20T06:00:00Z,4.016944438881344
2016-03-20T07:00:00Z,4.286388889948527
2016-03-20T08:00:00Z,4.904722218049897
2016-03-20T09:00:00Z,5.153888883855608
2016-03-20T10:00:00Z,4.984722224209044
2016-03-20T11:00:00Z,4.928055543369717
2016-03-20T12:00:00Z,4.8694444378217066
2016-03-20T13:00:00Z,4.632499998145633
2016-03-20T14:00:00Z,4.969166665607029
2016-03-20T15:00:00Z,5.035555559396744
2016-03-20T16:00:00Z,3.8355555560853745
2016-03-20T17:00:00Z,2.5363888810078303
2016-03-20T18:00:00Z,1.6049999985429975
2016-03-20T19:00:00Z,0.8827777791561352
2016-03-20T20:00:00Z,1.0202777801288498
2016-03-20T21:00:00Z,1.0291666712197993
2016-03-20T22:00:00Z,0.6105555579480197
2016-03-20T23:00:00Z,0.35500000466903053
2016-03-21T00:00:00Z,0.7358333374063174
2016-03-21T01:00:00Z,0.6688888920678033
2016-03-21T02:00:00Z,0.7341666709838642
2016-03-21T03:00:00Z,0.40250000359697474
2016-03-21T04:00:00Z,0.18583333637151453
2016-03-21T05:00:00Z,0.493055559694767
2016-03-21T06:00:00Z,1.0977777763373322
2016-03-21T07:00:00Z,1.0063888880734642
2016-03-21T08:00:00Z,1.2563888920884994
2016-03-21T09:00:00Z,1.5391666622832418
2016-03-21T10:00:00Z,1.9008333309450083
2016-03-21T11:00:00Z,2.7686111021373008
2016-03-21T12:00:00Z,2.931666662461228
2016-03-21T13:00:00Z,3.7597222184141477
2016-03-21T14:00:00Z,3.3963888860411116
2016-03-21T15:00:00Z,3.030833330088192
2016-03-21T16:00:00Z,3.750833334194289
2016-03-21T17:00:00Z,3.8474999921189412
2016-03-21T18:00:00Z,3.5497222161955304
2016-03-21T19:00:00Z,3.0819444467624026
2016-03-21T20:00:00Z,2.1383333269092772
2016-03-21T21:00:00Z,1.945833330353101
2016-03-21T22:00:00Z,1.7427777689364221
2016-03-21T23:00:00Z,0.8672222262869279
2016-03-22T00:00:00Z,0.8127777808242374
2016-03-22T01:00:00Z,0.672500004991889
2016-03-22T02:00:00Z,0.8169444482980504
2016-03-22T03:00:00Z,0.9511111154324479
2016-03-22T04:00:00Z,0.8844444443989131
2016-03-22T05:00:00Z,0.5780555597196023
2016-03-22T06:00:00Z,0.4450000041681859
2016-03-22T07:00:00Z,0.2488888920802209
2016-03-22T08:00:00Z,0.4336111152958539
2016-03-22T09:00:00Z,0.6822222259930438
2016-03-22T10:00:00Z,1.433611111715436
2016-03-22T11:00:00Z,1.498333331156108
2016-03-22T12:00:00Z,1.448333331176804
2016-03-22T13:00:00Z,1.7319444425817994
2016-03-22T14:00:00Z,1.5486111112352874
2016-03-22T15:00:00Z,1.2827777768588728
2016-03-22T16:00:00Z,2.195555548618237
2016-03-22T17:00:00Z,2.6041666630241607
2016-03-22T18:00:00Z,2.710000002053049
2016-03-22T19:00:00Z,1.5752777740359307
2016-03-22T20:00:00Z,0.5655555594712496
2016-03-22T21:00:00Z,0.5950000036714805
2016-03-22T22:00:00Z,0.5880555597858297
2016-03-22T23:00:00Z,0.7258333355602291
2016-03-23T00:00:00Z,0.5936111143479744
2016-03-23T01:00:00Z,0.8830555577658945
2016-03-23T02:00:00Z,0.6552777814161447
2016-03-23T03:00:00Z,0.28555555939674376
2016-03-23T04:00:00Z,0.28277778110156454
2016-03-23T05:00:00Z,0.4869444485546814
2016-03-23T06:00:00Z,0.27000000383704903
2016-03-23T07:00:00Z,0.38416667154265777
2016-03-23T08:00:00Z,0.22805555831227037
2016-03-23T09:00:00Z,0.5930555604398251
2016-03-23T10:00:00Z,0.9425000017715826
2016-03-23T11:00:00Z,1.018888889439404
2016-03-23T12:00:00Z,1.391111109116011
2016-03-23T13:00:00Z,1.4427777755177684
2016-03-23T14:00:00Z,2.929444441364871
2016-03-23T15:00:00Z,3.3055555572112403
2016-03-23T16:00:00Z,2.886111108130879
2016-03-23T17:00:00Z,3.384444442060259
2016-03-23T18:00:00Z,3.972222222884496
2016-03-23T19:00:00Z,3.970555556813876
2016-03-23T20:00:00Z,3.279999995893902
2016-03-23T21:00:00Z,2.3916666616996127
2016-03-23T22:00:00Z,2.7277777757909565
2016-03-23T23:00:00Z,2.509166657593515
2016-03-24T00:00:00Z,1.8722222139437994
2016-03-24T01:00:00Z,1.9352777673138513
2016-03-24T02:00:00Z,2.217499985297521
2016-03-24T03:00:00Z,1.6016666622625457
2016-03-24T04:00:00Z,1.6905555491646131
2016-03-24T05:00:00Z,2.7797222124205696
2016-03-24T06:00:00Z,3.0194444394773905
2016-03-24T07:00:00Z,3.1897222217586307
2016-03-24T08:00:00Z,3.7144444459014467
2016-03-24T09:00:00Z,4.466666659381654
2016-03-24T10:00:00Z,4.791666662693023
2016-03-24T11:00:00Z,5.759722216924032
2016-03-24T12:00:00Z,6.128055548667907
2016-03-24T13:00:00Z,6.48416668176651
2016-03-24T14:00:00Z,7.644166688124339
2016-03-24T15:00:00Z,7.124166680706872
2016-03-24T16:00:00Z,6.68944444126553
2016-03-24T17:00:00Z,6.161388896571266
2016-03-24T18:00:00Z,5.851944457160102
2016-03-24T19:00:00Z,6.01194444431199
2016-03-24T20:00:00Z,6.0602777712874945
2016-03-24T21:00:00Z,5.954166665342119
2016-03-24T22:00:00Z,5.557222220632765
2016-03-24T23:00:00Z,5.5322222146723
2016-03-25T00:00:00Z,4.9874999913904405
2016-03-25T01:00:00Z,3.7519444439146254
2016-03-25T02:00:00Z,3.609722219904264
2016-03-25T03:00:00Z,2.6613888856437473
2016-03-25T04:00:00Z,2.728333333134651
2016-03-25T05:00:00Z,4.96166666580571
2016-03-25T06:00:00Z,3.4297222193744448
2016-03-25T07:00:00Z,3.6538888861735663
2016-03-25T08:00:00Z,4.818055541978942
2016-03-25T09:00:00Z,4.887777780161963
2016-03-25T10:00:00Z,4.211666657858425
2016-03-25T11:00:00Z,4.306388881471422
2016-03-25T12:00:00Z,2.8997222217420737
2016-03-25T13:00:00Z,2.6263888861984013
2016-03-25T14:00:00Z,2.7597222187452846
2016-03-25T15:00:00Z,2.3747222190722823
2016-03-25T16:00:00Z,3.1466666530403824
2016-03-25T17:00:00Z,4.066388891471757
2016-03-25T18:00:00Z,4.958888894319534
2016-03-25T19:00:00Z,4.198888889948527
2016-03-25T20:00:00Z,3.068888881471422
2016-03-25T21:00:00Z,2.9244444413317576
2016-03-25T22:00:00Z,3.7730555521117317
2016-03-25T23:00:00Z,3.484722223877907
2016-03-26T00:00:00Z,4.317777789301342
2016-03-26T01:00:00Z,5.272500010331472
2016-03-26T02:00:00Z,5.061388882001241
2016-03-26T03:00:00Z,5.076944440272119
2016-03-26T04:00:00Z,7.474444437689251
2016-03-26T05:00:00Z,7.069722235202789
2016-03-26T06:00:00Z,7.875000014570024
2016-03-26T07:00:00Z,7.950833349095451
2016-03-26T08:00:00Z,8.14972222910987
2016-03-26T09:00:00Z,9.435833338896433
2016-03-26T10:00:00Z,10.732777771684859
2016-03-26T11:00:00Z,10.782777774333955
2016-03-26T12:00:00Z,11.050277774863773
2016-03-26T13:00:00Z,11.477777777777778
2016-03-26T14:00:00Z,11.93055556350284
2016-03-26T15:00:00Z,12.924722239706252
2016-03-26T16:00:00Z,14.52305555873447
2016-03-26T17:00:00Z,9.275000026490954
2016-03-26T18:00:00Z,7.532500012715658
2016-03-26T19:00:00Z,8.010555569330851
2016-03-26T20:00:00Z,7.318055563502842
2016-03-26T21:00:00Z,6.862500027815501
2016-03-26T22:00:00Z,5.570277776320776
2016-03-26T23:00:00Z,4.214722222089767
2016-03-27T00:00:00Z,3.9213888820674683
2016-03-27T01:00:00Z,4.532222219308218
2016-03-27T02:00:00Z,4.480277777380413
2016-03-27T03:00:00Z,4.428333339426253
2016-03-27T04:00:00Z,5.0572222153345745
2016-03-27T05:00:00Z,4.57611110077964
2016-03-27T06:00:00Z,5.046111114819845
2016-03-27T07:00:00Z,7.179444452126821
2016-03-27T08:00:00Z,7.271666670507855
2016-03-27T09:00:00Z,7.333888887034522
2016-03-27T10:00:00Z,7.2050000051657355
2016-03-27T11:00:00Z,8.609166671832403
2016-03-27T12:00:00Z,8.545555577013229
2016-03-27T13:00:00Z,9.01805555820465
2016-03-27T14:00:00Z,8.318333319822948
2016-03-27T15:00:00Z,8.99555557900005
2016-03-27T16:00:00Z,10.344444451067183
2016-03-27T17:00:00Z,8.28666667673323
2016-03-27T18:00:00Z,6.03999999165535
2016-03-27T19:00:00Z,6.500833337836795
2016-03-27T20:00:00Z,8.284166685740153
2016-03-27T21:00:00Z,8.221666675143771
2016-03-27T22:00:00Z,11.910000014305115
2016-03-27T23:00:00Z,12.51166667011049
2016-03-28T00:00:00Z,17.368888873524135
2016-03-28T01:00:00Z,14.830833360883926
2016-03-28T02:00:00Z,14.222500014305115
2016-03-28T03:00:00Z,15.587500026490954
2016-03-28T04:00:00Z,14.814444453186459
2016-03-28T05:00:00Z,16.675833378897774
2016-03-28T06:00:00Z,13.826388878292507
2016-03-28T07:00:00Z,10.806388886769613
2016-03-28T08:00:00Z,9.928611099720001
2016-03-28T09:00:00Z,9.921944451332092
2016-03-28T10:00:00Z,9.18111113442315
2016-03-28T11:00:00Z,8.765555553966099
2016-03-28T12:00:00Z,8.996944459279378
2016-03-28T13:00:00Z,7.953611126210954
2016-03-28T14:00:00Z,9.112222227785322
2016-03-28T15:00:00Z,6.86444444987509
2016-03-28T16:00:00Z,6.091944442192713
2016-03-28T17:00:00Z,5.410555560059017
2016-03-28T18:00:00Z,4.201388893524806
2016-03-28T19:00:00Z,4.835555560721291
2016-03-28T20:00:00Z,3.885277786850929
2016-03-28T21:00:00Z,3.5833333293596903
2016-03-28T22:00:00Z,3.9111111177338493
2016-03-28T23:00:00Z,4.63027777671814
2016-03-29T00:00:00Z,4.248611107799742
2016-03-29T01:00:00Z,5.575555548402998
2016-03-29T02:00:00Z,5.380277772082223
2016-03-29T03:00:00Z,5.451666671699948
2016-03-29T04:00:00Z,4.749722226460775
2016-03-29T05:00:00Z,4.467777776055866
2016-03-29T06:00:00Z,4.274722227123049
2016-03-29T07:00:00Z,4.939444440603256
2016-03-29T08:00:00Z,5.966388887166977
2016-03-29T09:00:00Z,7.264999990330802
2016-03-29T10:00:00Z,7.723611125018862
2016-03-29T11:00:00Z,7.589999992317623
2016-03-29T12:00:00Z,7.586944455570645
2016-03-29T13:00:00Z,6.263333325253592
2016-03-29T14:00:00Z,7.321666665209664
2016-03-29T15:00:00Z,5.496388889021343
2016-03-29T16:00:00Z,5.093611109256744
2016-03-29T17:00:00Z,6.012222223149406
2016-03-29T18:00:00Z,4.468055542972353
2016-03-29T19:00:00Z,3.125000002980232
2016-03-29T20:00:00Z,3.6599999911255305
2016-03-29T21:00:00Z,4.817777770757675
2016-03-29T22:00:00Z,3.9897222220897675
2016-03-29T23:00:00Z,5.271388883723153
2016-03-30T00:00:00Z,4.75583333240615
2016-03-30T01:00:00Z,4.057222219308217
2016-03-30T02:00:00Z,3.3530555460188123
2016-03-30T03:00:00Z,3.9130555550257364
2016-03-30T04:00:00Z,4.190555553303825
2016-03-30T05:00:00Z,4.02722221215566
2016-03-30T06:00:00Z,3.800555546416177
2016-03-30T07:00:00Z,3.8883333252535928
2016-03-30T08:00:00Z,4.625277773539225
2016-03-30T09:00:00Z,5.267499997880724
2016-03-30T10:00:00Z,5.374444435040156
2016-03-30T11:00:00Z,5.074166672759586
2016-03-30T12:00:00Z,5.143611115217209
2016-03-30T13:00:00Z,3.710833328962326
2016-03-30T14:00:00Z,3.4822222189770806
2016-03-30T15:00:00Z,3.568333328763644
2016-03-30T16:00:00Z,3.386388885643747
2016-03-30T17:00:00Z,3.93527778784434
2016-03-30T18:00:00Z,3.3050000074836943
2016-03-30T19:00:00Z,3.2816666609711116
2016-03-30T20:00:00Z,2.586388891273075
2016-03-30T21:00:00Z,1.9216666618982952
2016-03-30T22:00:00Z,1.5574999972350068
2016-03-30T23:00:00Z,1.3163888896505038
2016-03-31T00:00:00Z,1.4394444436662728
2016-03-31T01:00:00Z,1.8794444377223651
2016-03-31T02:00:00Z,1.8499999958607884
2016-03-31T03:00:00Z,1.2486111108006703
2016-03-31T04:00:00Z,0.6758333360155423
2016-03-31T05:00:00Z,0.44777778207014
2016-03-31T06:00:00Z,1.4669444425238503
2016-03-31T07:00:00Z,0.8736111146501369
2016-03-31T08:00:00Z,1.665277777901954
2016-03-31T09:00:00Z,4.775000006622738
2016-03-31T10:00:00Z,5.051111114025116
2016-03-31T11:00:00Z,5.661944456895193
2016-03-31T12:00:00Z,5.695833333333334
2016-03-31T13:00:00Z,5.342222223016951
2016-03-31T14:00:00Z,5.671944437424342
2016-03-31T15:00:00Z,5.128055540720622
2016-03-31T16:00:00Z,4.420277766717804
2016-03-31T17:00:00Z,2.8658333248562284
2016-03-31T18:00:00Z,1.49833332747221
2016-03-31T19:00:00Z,1.8413888843523132
2016-03-31T20:00:00Z,1.2741666682892376
2016-03-31T21:00:00Z,1.9394444396098456
2016-03-31T22:00:00Z,1.774166661169794
2016-03-31T23:00:00Z,1.041944445297122
2016-04-01T00:00:00Z,1.3919444383225508
2016-04-01T01:00:00Z,0.9683333327372868
2016-04-01T02:00:00Z,1.3591666690177389
2016-04-01T03:00:00Z,1.5727777743505107
2016-04-01T04:00:00Z,1.4383333321246836
2016-04-01T05:00:00Z,0.7316666690011819
2016-04-01T06:00:00Z,0.6980555583619409
2016-04-01T07:00:00Z,1.3377777789202001
2016-04-01T08:00:00Z,4.669999995496538
2016-04-01T09:00:00Z,5.142777792612711
2016-04-01T10:00:00Z,6.1719444480207235
2016-04-01T11:00:00Z,7.193055550588502
2016-04-01T12:00:00Z,7.399999996026357
2016-04-01T13:00:00Z,7.51222222381168
2016-04-01T14:00:00Z,7.8066666669315765
2016-04-01T15:00:00Z,7.488055562973022
2016-04-01T16:00:00Z,6.510555560059018
2016-04-01T17:00:00Z,5.670277773009406
2016-04-01T18:00:00Z,4.915277790360981
2016-04-01T19:00:00Z,4.63194445239173
2016-04-01T20:00:00Z,4.604444442854987
2016-04-01T21:00:00Z,4.242499996556176
2016-04-01T22:00:00Z,4.338888892531395
2016-04-01T23:00:00Z,4.26194444431199
2016-04-02T00:00:00Z,4.273333330949147
2016-04-02T01:00:00Z,3.8650000055631
2016-04-02T02:00:00Z,3.715555560588837
2016-04-02T03:00:00Z,3.815833334790336
2016-04-02T04:00:00Z,4.266666646798452
2016-04-02T05:00:00Z,4.133333330684238
2016-04-02T06:00:00Z,3.5972222169240315
2016-04-02T07:00:00Z,4.843055546945996
2016-04-02T08:00:00Z,5.418888899352815
2016-04-02T09:00:00Z,6.790833359294467
2016-04-02T10:00:00Z,7.134166665209664
2016-04-02T11:00:00Z,6.153333334128062
2016-04-02T12:00:00Z,5.983333335320155
2016-04-02T13:00:00Z,5.213333335849974
2016-04-02T14:00:00Z,6.112222221824858
2016-04-02T15:00:00Z,4.899722219838036
2016-04-02T16:00:00Z,4.776666678322686
2016-04-02T17:00:00Z,5.988055549065272
2016-04-02T18:00:00Z,4.350555558999379
2016-04-02T19:00:00Z,2.104166660540634
2016-04-02T20:00:00Z,1.980555552409755
2016-04-02T21:00:00Z,1.7283333311478297
2016-04-02T22:00:00Z,1.6294444411165185
2016-04-02T23:00:00Z,2.266111099720001
2016-04-03T00:00:00Z,2.508611107865969
2016-04-03T01:00:00Z,2.662499993046125
2016-04-03T02:00:00Z,2.414722217122714
2016-04-03T03:00:00Z,2.291666661699613
2016-04-03T04:00:00Z,2.4541666722959943
2016-04-03T05:00:00Z,3.0849999990728167
2016-04-03T06:00:00Z,4.0569444507360455
2016-04-03T07:00:00Z,3.6672222289774155
2016-04-03T08:00:00Z,3.646388882729742
2016-04-03T09:00:00Z,4.025833330551783
2016-04-03T10:00:00Z,4.965833340088526
2016-04-03T11:00:00Z,4.888055565290981
2016-04-03T12:00:00Z,4.382777785592609
2016-04-03T13:00:00Z,4.2288888878292505
2016-04-03T14:00:00Z,4.139722216129303
2016-04-03T15:00:00Z,3.7274999976158143
2016-04-03T16:00:00Z,3.146666652460893
2016-04-03T17:00:00Z,2.8166666648454135
2016-04-03T18:00:00Z,3.71611111164093
2016-04-03T19:00:00Z,3.2038888894849356
2016-04-03T20:00:00Z,3.6113888839880626
2016-04-03T21:00:00Z,2.9983333312802847
2016-04-03T22:00:00Z,3.62666666607062
2016-04-03T23:00:00Z,3.449722224473953
2016-04-04T00:00:00Z,3.9661111076672872
2016-04-04T01:00:00Z,4.623055562045839
2016-04-04T02:00:00Z,4.608888893326124
2016-04-04T03:00:00Z,3.8008333265781404
2016-04-04T04:00:00Z,2.7316666666004394
2016-04-04T05:00:00Z,2.3588888893524804
2016-04-04T06:00:00Z,2.8394444429212147
2016-04-04T07:00:00Z,3.5861111058129205
2016-04-04T08:00:00Z,4.466111105680466
2016-04-04T09:00:00Z,4.070000009404288
2016-04-04T10:00:00Z,4.621944435106384
2016-04-04T11:00:00Z,4.233333336975839
2016-04-04T12:00:00Z,3.9722222245401806
2016-04-04T13:00:00Z,4.738888882266151
2016-04-04T14:00:00Z,6.3136111107137465
2016-04-04T15:00:00Z,6.710000001059639
2016-04-04T16:00:00Z,6.134722218248579
2016-04-04T17:00:00Z,4.15333333545261
2016-04-04T18:00:00Z,3.658333327704006
2016-04-04T19:00:00Z,3.4858333365784753
2016-04-04T20:00:00Z,3.741944440205892
2016-04-04T21:00:00Z,2.945555552177959
2016-04-04T22:00:00Z,2.224722217520078
2016-04-04T23:00:00Z,1.8891666660706201
2016-04-05T00:00:00Z,2.196388887365659
2016-04-05T01:00:00Z,2.4380555507209567
2016-04-05T02:00:00Z,1.931111099653774
2016-04-05T03:00:00Z,2.118055542641216
2016-04-05T04:00:00Z,1.6263888859086566
2016-04-05T05:00:00Z,1.4849999956786633
2016-04-05T06:00:00Z,2.0633333302206465
2016-04-05T07:00:00Z,2.5055555452903113
2016-04-05T08:00:00Z,3.146388887365659
2016-04-05T09:00:00Z,2.7733333273066414
2016-04-05T10:00:00Z,4.501666645540132
2016-04-05T11:00:00Z,4.2588888949818084
2016-04-05T12:00:00Z,4.527499989668528
2016-04-05T13:00:00Z,4.96861110859447
2016-04-05T14:00:00Z,4.883888884385427
2016-04-05T15:00:00Z,5.4788888785574175
2016-04-05T16:00:00Z,5.061666665474574
2016-04-05T17:00:00Z,5.023611113097933
2016-04-05T18:00:00Z,3.545555548535453
2016-04-05T19:00:00Z,2.93472221924199
2016-04-05T20:00:00Z,2.851666663421525
2016-04-05T21:00:00Z,3.0466666655408012
2016-04-05T22:00:00Z,3.217777772082223
2016-04-05T23:00:00Z,3.4938888871007494
2016-04-06T00:00:00Z,3.57722222076522
2016-04-06T01:00:00Z,4.178333330154419
2016-04-06T02:00:00Z,4.324444441000621
2016-04-06T03:00:00Z,4.542499995231628
2016-04-06T04:00:00Z,5.04083332684305
2016-04-06T05:00:00Z,6.8516666637526615
2016-04-06T06:00:00Z,6.839999997615815
2016-04-06T07:00:00Z,6.841666665342119
2016-04-06T08:00:00Z,5.816666662693024
2016-04-06T09:00:00Z,7.255555568801032
2016-04-06T10:00:00Z,6.9661111222373115
2016-04-06T11:00:00Z,7.865555567873849
2016-04-06T12:00:00Z,9.482777779632144
2016-04-06T13:00:00Z,10.524444454246098
2016-04-06T14:00:00Z,10.460555568006303
2016-04-06T15:00:00Z,10.499444434377882
2016-04-06T16:00:00Z,9.494444433848063
2016-04-06T17:00:00Z,8.459722222222222
2016-04-06T18:00:00Z,6.886666684680515
2016-04-06T19:00:00Z,5.4230555540985534
2016-04-06T20:00:00Z,5.4011111179987585
2016-04-06T21:00:00Z,4.010555553436279
2016-04-06T22:00:00Z,5.484444448682997
2016-04-06T23:00:00Z,5.63222222328186
2016-04-07T00:00:00Z,5.61888889670372
2016-04-07T01:00:00Z,4.763611109389199
2016-04-07T02:00:00Z,5.131111104620827
2016-04-07T03:00:00Z,4.979444449477725
2016-04-07T04:00:00Z,3.76805555290646
2016-04-07T05:00:00Z,3.5527777718173135
2016-04-07T06:00:00Z,4.027777773141861
2016-04-07T07:00:00Z,6.1555555568801035
2016-04-07T08:00:00Z,6.690555562575658
2016-04-07T09:00:00Z,6.745277781618966
2016-04-07T10:00:00Z,7.069444447755814
2016-04-07T11:00:00Z,7.348333348168267
2016-04-07T12:00:00Z,7.388055542442534
2016-04-07T13:00:00Z,7.011944457557466
2016-04-07T14:00:00Z,6.248055546813541
2016-04-07T15:00:00Z,2.908888882564174
2016-04-07T16:00:00Z,3.6633333317107626
2016-04-07T17:00:00Z,5.762222237719429
2016-04-07T18:00:00Z,4.30333333545261
2016-04-07T19:00:00Z,4.084444442722533
2016-04-07T20:00:00Z,4.092499999867545
2016-04-07T21:00:00Z,2.9591666655408013
2016-04-07T22:00:00Z,2.3666666626930235
2016-04-07T23:00:00Z,2.3163888848490184
2016-04-08T00:00:00Z,2.416388878557417
2016-04-08T01:00:00Z,2.162222214208709
2016-04-08T02:00:00Z,2.4649999989403617
2016-04-08T03:00:00Z,2.7169444461663566
2016-04-08T04:00:00Z,2.1519444399409826
2016-04-08T05:00:00Z,2.058333323068089
2016-04-08T06:00:00Z,2.2794444418615765
2016-04-08T07:00:00Z,2.113055556350284
2016-04-08T08:00:00Z,2.6750000026490954
2016-04-08T09:00:00Z,2.798611109620995
2016-04-08T10:00:00Z,2.2744444440222447
2016-04-08T11:00:00Z,1.649722221473025
2016-04-08T12:00:00Z,2.9861111025015514
2016-04-08T13:00:00Z,2.873333331487245
2016-04-08T14:00:00Z,2.808333330373797
2016-04-08T15:00:00Z,3.269444445106718
2016-04-08T16:00:00Z,3.6788888851801556
2016-04-08T17:00:00Z,4.601944438616434
2016-04-08T18:00:00Z,4.155277777380413
2016-04-08T19:00:00Z,3.5394444432523517
2016-04-08T20:00:00Z,3.750833331876331
2016-04-08T21:00:00Z,3.848888889286253
2016-04-08T22:00:00Z,4.088055556350284
2016-04-08T23:00:00Z,4.73333333796925
2016-04-09T00:00:00Z,5.307222228580051
2016-04-09T01:00:00Z,6.669166668256124
2016-04-09T02:00:00Z,7.202222228050232
2016-04-09T03:00:00Z,5.9719444473584495
2016-04-09T04:00:00Z,2.718333335386382
2016-04-09T05:00:00Z,1.5719444418532982
2016-04-09T06:00:00Z,2.4616666585206985
2016-04-09T07:00:00Z,2.6130555556880104
2016-04-09T08:00:00Z,2.5930555567145346
2016-04-09T09:00:00Z,2.909444441335897
2016-04-09T10:00:00Z,3.6674999982118606
2016-04-09T11:00:00Z,4.491666666666666
2016-04-09T12:00:00Z,4.276111107402378
2016-04-09T13:00:00Z,3.929444450802273
2016-04-09T14:00:00Z,5.052222222752041
2016-04-09T15:00:00Z,5.834166663222843
2016-04-09T16:00:00Z,3.4930555489328174
2016-04-09T17:00:00Z,2.425833323597908
2016-04-09T18:00:00Z,2.8522222146391867
2016-04-09T19:00:00Z,1.0830555538336435
2016-04-09T20:00:00Z,1.4705555516812536
2016-04-09T21:00:00Z,1.1347222242090438
2016-04-09T22:00:00Z,2.0397222209514845
2016-04-09T23:00:00Z,1.5872222152435118
2016-04-10T00:00:00Z,2.042777776552571
2016-04-10T01:00:00Z,1.9486111044883727
2016-04-10T02:00:00Z,2.520555547873179
2016-04-10T03:00:00Z,2.366111104355918
2016-04-10T04:00:00Z,2.350555553038915
2016-04-10T05:00:00Z,3.0994444462988113
2016-04-10T06:00:00Z,2.979722214738528
2016-04-10T07:00:00Z,4.401944441927804
2016-04-10T08:00:00Z,7.710277787182066
2016-04-10T09:00:00Z,8.572222242090437
2016-04-10T10:00:00Z,9.508611116144392
2016-04-10T11:00:00Z,9.360555570655398
2016-04-10T12:00:00Z,8.005277788639068
2016-04-10T13:00:00Z,8.03000000582801
2016-04-10T14:00:00Z,6.575277778175142
2016-04-10T15:00:00Z,6.9088888777626885
2016-04-10T16:00:00Z,6.5830555544959175
2016-04-10T17:00:00Z,6.459722242090437
2016-04-10T18:00:00Z,6.056388898690542
2016-04-10T19:00:00Z,5.8572222179836695
2016-04-10T20:00:00Z,4.535277782546149
2016-04-10T21:00:00Z,7.631944478882684
2016-04-10T22:00:00Z,4.763055571582583
2016-04-10T23:00:00Z,6.0563888927300775
2016-04-11T00:00:00Z,6.059166677130593
2016-04-11T01:00:00Z,3.484166666865349
2016-04-11T02:00:00Z,3.6924999975495867
2016-04-11T03:00:00Z,3.854999999867545
2016-04-11T04:00:00Z,3.573611106144057
2016-04-11T05:00:00Z,3.264444436629613
2016-04-11T06:00:00Z,2.5922222228513823
2016-04-11T07:00:00Z,2.0463888842198585
2016-04-11T08:00:00Z,1.6866666611697938
2016-04-11T09:00:00Z,1.6441666634546386
2016-04-11T10:00:00Z,0.7466666684796412
2016-04-11T11:00:00Z,1.3169444455040826
2016-04-11T12:00:00Z,0.8994444461746348
2016-04-11T13:00:00Z,0.6588888887315989
2016-04-11T14:00:00Z,1.155000002661513
2016-04-11T15:00:00Z,1.731944443181985
2016-04-11T16:00:00Z,1.566666661409868
2016-04-11T17:00:00Z,1.227222220123642
2016-04-11T18:00:00Z,2.0733333273066417
2016-04-11T19:00:00Z,2.61444444126553
2016-04-11T20:00:00Z,2.5863888876305685
2016-04-11T21:00:00Z,2.3833333303531012
2016-04-11T22:00:00Z,2.5180555446280373
2016-04-11T23:00:00Z,2.5197222179836696
2016-04-12T00:00:00Z,2.208888880080647
2016-04-12T01:00:00Z,1.8480555532707108
2016-04-12T02:00:00Z,1.319722220632765
2016-04-12T03:00:00Z,1.344166663620207
2016-04-12T04:00:00Z,1.9633333274887668
2016-04-12T05:00:00Z,1.9688888860245546
2016-04-12T06:00:00Z,0.9541666663769218
2016-04-12T07:00:00Z,0.48111111529999306
2016-04-12T08:00:00Z,0.7491666713936461
2016-04-12T09:00:00Z,0.5625000040978193
2016-04-12T10:00:00Z,1.4341666656856735
2016-04-12T11:00:00Z,2.263055548320214
2016-04-12T12:00:00Z,2.945277779466576
2016-04-12T13:00:00Z,2.882777779466576
2016-04-12T14:00:00Z,4.628333338763979
2016-04-12T15:00:00Z,4.263611117005349
2016-04-12T16:00:00Z,4.231944443119897
2016-04-12T17:00:00Z,3.904166666004393
2016-04-12T18:00:00Z,3.2902777718173133
2016-04-12T19:00:00Z,2.2469444372587732
2016-04-12T20:00:00Z,1.8638888852463829
2016-04-12T21:00:00Z,1.982222220984598
2016-04-12T22:00:00Z,1.1963888893110886
2016-04-12T23:00:00Z,0.9336111118396123
2016-04-13T00:00:00Z,0.989166668554147
2016-04-13T01:00:00Z,1.4169444425652424
2016-04-13T02:00:00Z,0.965000001858506
2016-04-13T03:00:00Z,1.1708333337058623
2016-04-13T04:00:00Z,1.4230555542641217
2016-04-13T05:00:00Z,1.509444442225827
2016-04-13T06:00:00Z,0.6072222251031134
2016-04-13T07:00:00Z,0.9872222264193826
2016-04-13T08:00:00Z,1.0761111107344428
2016-04-13T09:00:00Z,0.7433333372076353
2016-04-13T10:00:00Z,1.0613888876305686
2016-04-13T11:00:00Z,1.5677777783945204
2016-04-13T12:00:00Z,2.168055554582841
2016-04-13T13:00:00Z,2.1786111080812085
2016-04-13T14:00:00Z,4.830833346479469
2016-04-13T15:00:00Z,4.235277778572506
2016-04-13T16:00:00Z,2.8477777742677266
2016-04-13T17:00:00Z,4.900555570920308
2016-04-13T18:00:00Z,2.3277777787711886
2016-04-13T19:00:00Z,2.014999997864167
2016-04-13T20:00:00Z,2.00305554949575
2016-04-13T21:00:00Z,1.3033333326172498
2016-04-13T22:00:00Z,1.8294444455040826
2016-04-13T23:00:00Z,0.6102777813664741
2016-04-14T00:00:00Z,1.2558333321164052
2016-04-14T01:00:00Z,1.1372222226320041
2016-04-14T02:00:00Z,1.1619444452226162
2016-04-14T03:00:00Z,1.367222216580477
2016-04-14T04:00:00Z,1.1852777785311142
2016-04-14T05:00:00Z,1.7972222109635672
2016-04-14T06:00:00Z,1.3397222243870297
2016-04-14T07:00:00Z,1.4888888920346897
2016-04-14T08:00:00Z,1.7672222189191316
2016-04-14T09:00:00Z,2.110277770066427
2016-04-14T10:00:00Z,2.5358333323150872
2016-04-14T11:00:00Z,3.8969444417291217
2016-04-14T12:00:00Z,4.3805555621782934
2016-04-14T13:00:00Z,4.703055551317003
2016-04-14T14:00:00Z,5.476666670706537
2016-04-14T15:00:00Z,5.158611108528243
2016-04-14T16:00:00Z,4.55500000152323
2016-04-14T17:00:00Z,4.092777771419949
2016-04-14T18:00:00Z,3.675277773208088
2016-04-14T19:00:00Z,4.082499992185169
2016-04-14T20:00:00Z,2.30972221924199
2016-04-14T21:00:00Z,1.605833327025175
2016-04-14T22:00:00Z,1.4683333314127391
2016-04-14T23:00:00Z,2.0305555494295224
2016-04-15T00:00:00Z,2.305555545952585
2016-04-15T01:00:00Z,2.141944437391228
2016-04-15T02:00:00Z,2.327777767015828
2016-04-15T03:00:00Z,1.7372222201691734
2016-04-15T04:00:00Z,1.0827777811222605
2016-04-15T05:00:00Z,1.3169444410337343
2016-04-15T06:00:00Z,1.341388885759645
2016-04-15T07:00:00Z,1.470277775451541
2016-04-15T08:00:00Z,2.463888886902067
2016-04-15T09:00:00Z,2.0805555492639543
2016-04-15T10:00:00Z,3.3669444464974934
2016-04-15T11:00:00Z,3.4269444382852976
2016-04-15T12:00:00Z,2.955833334227403
2016-04-15T13:00:00Z,3.6341666675276225
2016-04-15T14:00:00Z,2.2297222143246067
2016-04-15T15:00:00Z,4.631388883458244
2016-04-15T16:00:00Z,4.809166667527623
2016-04-15T17:00:00Z,4.282777769698037
2016-04-15T18:00:00Z,3.9258333378367953
2016-04-15T19:00:00Z,3.2013888789547815
2016-04-15T20:00:00Z,3.1758333328697415
2016-04-15T21:00:00Z,2.968888890743256
2016-04-15T22:00:00Z,3.0788888931274414
2016-04-15T23:00:00Z,3.128333333134651
2016-04-16T00:00:00Z,2.509722218579716
2016-04-16T01:00:00Z,1.9313888842860858
2016-04-16T02:00:00Z,1.669166658156448
2016-04-16T03:00:00Z,2.024166663322184
2016-04-16T04:00:00Z,1.6963888847165638
2016-04-16T05:00:00Z,1.7947222181492382
2016-04-16T06:00:00Z,1.6541666644728845
2016-04-16T07:00:00Z,1.981111108760039
2016-04-16T08:00:00Z,4.700277782148785
2016-04-16T09:00:00Z,5.9188888986905415
2016-04-16T10:00:00Z,5.5672222269905935
2016-04-16T11:00:00Z,5.165833322869407
2016-04-16T12:00:00Z,4.5369444456365375
2016-04-16T13:00:00Z,4.013611100448502
2016-04-16T14:00:00Z,3.81888888378938
2016-04-16T15:00:00Z,3.051388880941603
2016-04-16T16:00:00Z,3.533055541250441
2016-04-16T17:00:00Z,3.2888888862397936
2016-04-16T18:00:00Z,3.976111114025116
2016-04-16T19:00:00Z,3.469444434510337
2016-04-16T20:00:00Z,2.276666658785608
2016-04-16T21:00:00Z,1.2883333324558206
2016-04-16T22:00:00Z,0.9394444487368067
2016-04-16T23:00:00Z,1.3133333345254263
2016-04-17T00:00:00Z,1.3386111127005682
2016-04-17T01:00:00Z,1.3627777783407105
2016-04-17T02:00:00Z,1.2691666674282815
2016-04-17T03:00:00Z,1.513333329061667
2016-04-17T04:00:00Z,1.800833325419161
2016-04-17T05:00:00Z,1.9680555489328173
2016-04-17T06:00:00Z,1.182499996593429
2016-04-17T07:00:00Z,0.8297222269285056
2016-04-17T08:00:00Z,1.343333335614039
2016-04-17T09:00:00Z,2.498055550456047
2016-04-17T10:00:00Z,2.456666661881738
2016-04-17T11:00:00Z,2.4950000000496706
2016-04-17T12:00:00Z,2.6536111052251523
2016-04-17T13:00:00Z,2.0544444444692798
2016-04-17T14:00:00Z,2.191388884021176
2016-04-17T15:00:00Z,2.2444444441547
2016-04-17T16:00:00Z,1.7813888844516543
2016-04-17T17:00:00Z,1.91499999606361
2016-04-17T18:00:00Z,0.8247222255501482
2016-04-17T19:00:00Z,1.447777771618631
2016-04-17T20:00:00Z,1.7838888843854268
2016-04-17T21:00:00Z,2.5088888810740575
2016-04-17T22:00:00Z,2.5383333308829203
2016-04-17T23:00:00Z,2.682777777314186
2016-04-18T00:00:00Z,1.955555545952585
2016-04-18T01:00:00Z,1.7916666583882437
2016-04-18T02:00:00Z,1.2194444452722868
2016-04-18T03:00:00Z,1.5497222203347418
2016-04-18T04:00:00Z,1.228888887580898
2016-04-18T05:00:00Z,1.2191666685872609
2016-04-18T06:00:00Z,1.6066666647791863
2016-04-18T07:00:00Z,2.723333326644368
2016-04-18T08:00:00Z,3.6680555644962523
2016-04-18T09:00:00Z,4.7866666747464075
2016-04-18T10:00:00Z,4.738055560986201
2016-04-18T11:00:00Z,4.8877777794996895
2016-04-18T12:00:00Z,6.145277784930335
2016-04-18T13:00:00Z,5.400555556350284
2016-04-18T14:00:00Z,5.495555563105477
2016-04-18T15:00:00Z,5.834722226858139
2016-04-18T16:00:00Z,5.5555555582046505
2016-04-18T17:00:00Z,4.623055549462636
2016-04-18T18:00:00Z,4.008611096938451
2016-04-18T19:00:00Z,2.971666658586926
2016-04-18T20:00:00Z,2.5072222193082174
2016-04-18T21:00:00Z,2.3088888820674685
2016-04-18T22:00:00Z,2.3699999925163056
2016-04-18T23:00:00Z,2.176111101441913
2016-04-19T00:00:00Z,2.6194444358348847
2016-04-19T01:00:00Z,2.1161110940906736
2016-04-19T02:00:00Z,1.8461111038923264
2016-04-19T03:00:00Z,1.7161111109786564
2016-04-19T04:00:00Z,1.5977777749506963
2016-04-19T05:00:00Z,0.5016666700649592
2016-04-19T06:00:00Z,0.9072222265932295
2016-04-19T07:00:00Z,0.8180555597982473
2016-04-19T08:00:00Z,1.6113888905901048
2016-04-19T09:00:00Z,2.4888888882680074
2016-04-19T10:00:00Z,2.571944442556964
2016-04-19T11:00:00Z,2.0830555504394903
2016-04-19T12:00:00Z,2.670833336810271
2016-04-19T13:00:00Z,2.7483333281344837
2016-04-19T14:00:00Z,2.956111106897394
2016-04-19T15:00:00Z,3.532777779714929
2016-04-19T16:00:00Z,3.6902777708239025
2016-04-19T17:00:00Z,3.1833333330021962
2016-04-19T18:00:00Z,2.5505555513832303
2016-04-19T19:00:00Z,2.94361111190584
2016-04-19T20:00:00Z,2.166944436563386
2016-04-19T21:00:00Z,1.8319444357521004
2016-04-19T22:00:00Z,1.8727777691351042
2016-04-19T23:00:00Z,2.7130555503898197
2016-04-20T00:00:00Z,3.351111098792818
2016-04-20T01:00:00Z,2.3994444376892514
2016-04-20T02:00:00Z,2.1230555491314993
2016-04-20T03:00:00Z,2.3786111056804655
2016-04-20T04:00:00Z,2.240833325849639
2016-04-20T05:00:00Z,1.7397222162948713
2016-04-20T06:00:00Z,3.064444441596667
2016-04-20T07:00:00Z,4.249999996026357
2016-04-20T08:00:00Z,4.62833333644602
2016-04-20T09:00:00Z,5.453333329492145
2016-04-20T10:00:00Z,6.066944436894523
2016-04-20T11:00:00Z,5.464444449543953
2016-04-20T12:00:00Z,5.294722223612998
2016-04-20T13:00:00Z,5.243611105283102
2016-04-20T14:00:00Z,5.551666674017906
2016-04-20T15:00:00Z,5.548611116409302
2016-04-20T16:00:00Z,7.09000001086129
2016-04-20T17:00:00Z,6.366111097070906
2016-04-20T18:00:00Z,7.130277789963616
2016-04-20T19:00:00Z,5.522777779897054
2016-04-20T20:00:00Z,5.001111098461681
2016-04-20T21:00:00Z,5.048333328962326
2016-04-20T22:00:00Z,4.1533333328035145
2016-04-20T23:00:00Z,4.380555563502842
2016-04-21T00:00:00Z,4.51861110859447
2016-04-21T01:00:00Z,3.88638888961739
2016-04-21T02:00:00Z,4.135277786188656
2016-04-21T03:00:00Z,4.263611116011938
2016-04-21T04:00:00Z,4.331666674216589
2016-04-21T05:00:00Z,4.226388893193668
2016-04-21T06:00:00Z,5.03472221824858
2016-04-21T07:00:00Z,3.8791666756073635
2016-04-21T08:00:00Z,4.878888878557417
2016-04-21T09:00:00Z,5.586666663487752
2016-04-21T10:00:00Z,6.353055567873849
2016-04-21T11:00:00Z,6.941666680574417
2016-04-21T12:00:00Z,6.897222221559948
2016-04-21T13:00:00Z,6.9788889004124535
2016-04-21T14:00:00Z,6.469722238514159
2016-04-21T15:00:00Z,5.396666670507855
2016-04-21T16:00:00Z,5.601666676998138
2016-04-21T17:00:00Z,5.6350000037087336
2016-04-21T18:00:00Z,5.109166666534212
2016-04-21T19:00:00Z,3.207500003443824
2016-04-21T20:00:00Z,3.235555551118321
2016-04-21T21:00:00Z,5.228888883855608
2016-04-21T22:00:00Z,5.249722204605738
2016-04-21T23:00:00Z,5.622777781221601
2016-04-22T00:00:00Z,4.655555555886693
2016-04-22T01:00:00Z,4.606111121839947
2016-04-22T02:00:00Z,4.682222229242325
2016-04-22T03:00:00Z,4.970277772347132
2016-04-22T04:00:00Z,5.519444444444445
2016-04-22T05:00:00Z,5.584166654613283
2016-04-22T06:00:00Z,5.215000002914005
2016-04-22T07:00:00Z,5.618333330419328
2016-04-22T08:00:00Z,5.608888887034523
2016-04-22T09:00:00Z,4.787499990065893
2016-04-22T10:00:00Z,4.398055557078785
2016-04-22T11:00:00Z,4.546111118793488
2016-04-22T12:00:00Z,4.179166669978036
2016-04-22T13:00:00Z,3.478055554297235
2016-04-22T14:00:00Z,3.696111110183928
2016-04-22T15:00:00Z,4.780277760823568
2016-04-22T16:00:00Z,4.586666664150026
2016-04-22T17:00:00Z,4.43055556151602
2016-04-22T18:00:00Z,4.773888892597622
2016-04-22T19:00:00Z,4.840277779102325
2016-04-22T20:00:00Z,3.949722217520078
2016-04-22T21:00:00Z,4.6663888725969525
2016-04-22T22:00:00Z,5.022499993443489
2016-04-22T23:00:00Z,4.0255555477407245
2016-04-23T00:00:00Z,3.7727777765856847
2016-04-23T01:00:00Z,3.129444448484315
2016-04-23T02:00:00Z,2.9261111037598715
2016-04-23T03:00:00Z,3.8166666759385004
2016-04-23T04:00:00Z,3.4933333314127393
2016-04-23T05:00:00Z,3.1869444453054006
2016-04-23T06:00:00Z,4.2311111026340065
2016-04-23T07:00:00Z,5.244722223944134
2016-04-23T08:00:00Z,5.333888892994986
2016-04-23T09:00:00Z,5.438611108726925
2016-04-23T10:00:00Z,5.775277782148785
2016-04-23T11:00:00Z,5.618055550919639
2016-04-23T12:00:00Z,5.3997222284475965
2016-04-23T13:00:00Z,5.8313889033264585
2016-04-23T14:00:00Z,5.404722222354677
2016-04-23T15:00:00Z,4.682222208711836
2016-04-23T16:00:00Z,4.509444453318914
2016-04-23T17:00:00Z,3.0202777720159952
2016-04-23T18:00:00Z,1.3083333355478115
2016-04-23T19:00:00Z,0.7336111144059234
2016-04-23T20:00:00Z,1.0330555552409755
2016-04-23T21:00:00Z,1.3913888855112924
2016-04-23T22:00:00Z,1.7336111040578948
2016-04-23T23:00:00Z,1.4569444437821706
2016-04-24T00:00:00Z,2.033055547210905
2016-04-24T01:00:00Z,2.4219444427225323
2016-04-24T02:00:00Z,2.6527777751286825
2016-04-24T03:00:00Z,2.810000001059638
2016-04-24T04:00:00Z,3.069166659315427
2016-04-24T05:00:00Z,3.6144444432523515
2016-04-24T06:00:00Z,4.06138888100783
2016-04-24T07:00:00Z,4.5680555555555555
2016-04-24T08:00:00Z,3.9533333245250915
2016-04-24T09:00:00Z,6.027222230699327
2016-04-24T10:00:00Z,6.038055563635297
2016-04-24T11:00:00Z,5.998055546813541
2016-04-24T12:00:00Z,5.493333346976174
2016-04-24T13:00:00Z,5.179999999205271
2016-04-24T14:00:00Z,4.671388899617725
2016-04-24T15:00:00Z,3.25055555038982
2016-04-24T16:00:00Z,2.3497222180167836
2016-04-24T17:00:00Z,2.139722213314639
2016-04-24T18:00:00Z,1.758611110680633
2016-04-24T19:00:00Z,1.8263888852463828
2016-04-24T20:00:00Z,1.343333329115477
2016-04-24T21:00:00Z,1.5088888883590699
2016-04-24T22:00:00Z,2.3411111063427397
2016-04-24T23:00:00Z,2.579444443848398
2016-04-25T00:00:00Z,2.446666661236021
2016-04-25T01:00:00Z,2.394722220632765
2016-04-25T02:00:00Z,2.1597222199042636
2016-04-25T03:00:00Z,2.262777774532636
2016-04-25T04:00:00Z,1.981111106938786
2016-04-25T05:00:00Z,3.003333326511913
2016-04-25T06:00:00Z,4.460277777910233
2016-04-25T07:00:00Z,4.59555555317137
2016-04-25T08:00:00Z,4.662777773539225
2016-04-25T09:00:00Z,5.047222219573127
2016-04-25T10:00:00Z,6.041388888491524
2016-04-25T11:00:00Z,5.488055551052094
2016-04-25T12:00:00Z,5.776944445239173
2016-04-25T13:00:00Z,5.227499989668528
2016-04-25T14:00:00Z,6.291666664017571
2016-04-25T15:00:00Z,5.6236111150847545
2016-04-25T16:00:00Z,4.22861110634274
2016-04-25T17:00:00Z,3.9994444492790433
2016-04-25T18:00:00Z,4.903333317571216
2016-04-25T19:00:00Z,5.717499993907081
2016-04-25T20:00:00Z,4.20194444126553
2016-04-25T21:00:00Z,1.0697222265932296
2016-04-25T22:00:00Z,1.8033333293679688
2016-04-25T23:00:00Z,2.3355555512838895
2016-04-26T00:00:00Z,1.8897222169571453
2016-04-26T01:00:00Z,3.9333333296908273
2016-04-26T02:00:00Z,3.548611106806331
2016-04-26T03:00:00Z,3.2977777666515773
2016-04-26T04:00:00Z,2.84416665898429
2016-04-26T05:00:00Z,2.932222217321396
2016-04-26T06:00:00Z,4.3119444453054
2016-04-26T07:00:00Z,5.439999998278088
2016-04-26T08:00:00Z,5.832500005430646
2016-04-26T09:00:00Z,5.418055553568734
2016-04-26T10:00:00Z,6.191666657394833
2016-04-26T11:00:00Z,5.904444442192713
2016-04-26T12:00:00Z,5.996388880411784
2016-04-26T13:00:00Z,6.5788888805442385
2016-04-26T14:00:00Z,5.886388897895813
2016-04-26T15:00:00Z,5.698888886637158
2016-04-26T16:00:00Z,4.143333320154084
2016-04-26T17:00:00Z,6.283055572377311
2016-04-26T18:00:00Z,6.849166670110491
2016-04-26T19:00:00Z,5.590000003576279
2016-04-26T20:00:00Z,3.897500002053049
2016-04-26T21:00:00Z,3.6330555531713697
2016-04-26T22:00:00Z,2.920277774333954
2016-04-26T23:00:00Z,2.881944438152843
2016-04-27T00:00:00Z,3.342500005165736
2016-04-27T01:00:00Z,2.438888880610466
2016-04-27T02:00:00Z,2.2569444401396646
2016-04-27T03:00:00Z,1.6808333297570546
2016-04-27T04:00:00Z,1.5002777692344453
2016-04-27T05:00:00Z,1.2399999992301067
2016-04-27T06:00:00Z,1.489166663090388
2016-04-27T07:00:00Z,2.443333331412739
2016-04-27T08:00:00Z,3.245833330021964
2016-04-27T09:00:00Z,3.4344444402390057
2016-04-27T10:00:00Z,3.1530555453565388
2016-04-27T11:00:00Z,2.6591666634711952
2016-04-27T12:00:00Z,2.3958333262345857
2016-04-27T13:00:00Z,2.393888884637919
2016-04-27T14:00:00Z,2.833888886868954
2016-04-27T15:00:00Z,3.915833336280452
2016-04-27T16:00:00Z,3.7152777853939267
2016-04-27T17:00:00Z,3.938611111044884
2016-04-27T18:00:00Z,3.6713888969686295
2016-04-27T19:00:00Z,1.59444444357521
2016-04-27T20:00:00Z,1.264722223745452
2016-04-27T21:00:00Z,1.1088888900147544
2016-04-27T22:00:00Z,1.2686111071871387
2016-04-27T23:00:00Z,0.9916666670391957
2016-04-28T00:00:00Z,1.8133333227700656
2016-04-28T01:00:00Z,2.413333335849974
2016-04-28T02:00:00Z,1.7352777709563574
2016-04-28T03:00:00Z,1.8938888794846005
2016-04-28T04:00:00Z,2.120555540919304
2016-04-28T05:00:00Z,1.9647222131490707
2016-04-28T06:00:00Z,1.6233333263132308
2016-04-28T07:00:00Z,1.0144444460463193
2016-04-28T08:00:00Z,2.5369444383515254
2016-04-28T09:00:00Z,3.5938888824648325
2016-04-28T10:00:00Z,4.388888886239793
2016-04-28T11:00:00Z,4.466111108991835
2016-04-28T12:00:00Z,0.4914979722335754
2016-04-28T13:00:00Z,5.014953262709383
2016-04-28T14:00:00Z,6.923333358102375
2016-04-28T15:00:00Z,7.277777781089147
2016-04-28T16:00:00Z,6.763055558337106
2016-04-28T17:00:00Z,7.5719444308016035
2016-04-28T18:00:00Z,6.076666667726305
2016-04-28T19:00:00Z,5.833888889021344
2016-04-28T20:00:00Z,5.074444443649716
2016-04-28T21:00:00Z,5.213333342472712
2016-04-28T22:00:00Z,5.245277784268061
2016-04-28T23:00:00Z,4.39583332075013
2016-04-29T00:00:00Z,4.072980503849997
2016-04-29T01:00:00Z,3.8972222136126624
2016-04-29T02:00:00Z,3.729166661699613
2016-04-29T03:00:00Z,2.9733333329359692
2016-04-29T04:00:00Z,3.63777777949969
2016-04-29T05:00:00Z,4.471666661898295
2016-04-29T06:00:00Z,4.646111112833023
2016-04-29T07:00:00Z,6.488611117998759
2016-04-29T08:00:00Z,6.232777777645323
2016-04-29T09:00:00Z,5.334722242421574
2016-04-29T10:00:00Z,5.8755555560191475
2016-04-29T11:00:00Z,5.933611109521654
2016-04-29T12:00:00Z,6.30638888809416
2016-04-29T13:00:00Z,5.797222226858139
2016-04-29T14:00:00Z,6.044444435172611
2016-04-29T15:00:00Z,6.902222219440672
2016-04-29T16:00:00Z,6.465277771486177
2016-04-29T17:00:00Z,4.949166670772764
2016-04-29T18:00:00Z,3.4391666567987866
2016-04-29T19:00:00Z,2.8813888917366666
2016-04-29T20:00:00Z,1.4938888917366664
2016-04-29T21:00:00Z,1.3772222209307883
2016-04-29T22:00:00Z,1.4263888834251297
2016-04-29T23:00:00Z,1.6108333281344838
2016-04-30T00:00:00Z,1.4746518093563388
2016-04-30T01:00:00Z,1.4455555524263117
2016-04-30T02:00:00Z,1.6199999949998325
2016-04-30T03:00:00Z,1.6497222160299618
2016-04-30T04:00:00Z,1.6024999981125196
2016-04-30T05:00:00Z,1.405555553568734
2016-04-30T06:00:00Z,1.9291666590505177
2016-04-30T07:00:00Z,1.9680555446280374
2016-04-30T08:00:00Z,3.153611100382275
2016-04-30T09:00:00Z,3.4072222219573125
2016-04-30T10:00:00Z,3.7955555574761495
2016-04-30T11:00:00Z,3.647777770459652
2016-04-30T12:00:00Z,4.253888881868786
2016-04-30T13:00:00Z,4.609166660739316
2016-04-30T14:00:00Z,3.3172222226030295
2016-04-30T15:00:00Z,5.186111100845867
2016-04-30T16:00:00Z,2.314722216129303
2016-04-30T17:00:00Z,3.333888884219858
2016-04-30T18:00:00Z,2.8372222238116795
2016-04-30T19:00:00Z,2.2308333247900007
2016-04-30T20:00:00Z,1.2458333323399227
2016-04-30T21:00:00Z,1.2261111080646514
2016-04-30T22:00:00Z,1.079722223120431
2016-04-30T23:00:00Z,1.4838888855444061
2016-05-01T00:00:00Z,1.3103064067848547
2016-05-01T01:00:00Z,1.3038888873739376
2016-05-01T02:00:00Z,0.7819444473211964
2016-05-01T03:00:00Z,0.4002777804310123
2016-05-01T04:00:00Z,0.7852777804558476
2016-05-01T05:00:00Z,0.880833334579236
2016-05-01T06:00:00Z,0.40111111669490734
2016-05-01T07:00:00Z,0.7138888924900029
2016-05-01T08:00:00Z,3.2616666618320678
2016-05-01T09:00:00Z,4.334444432788425
2016-05-01T10:00:00Z,4.477499997284677
2016-05-01T11:00:00Z,4.850833326247003
2016-05-01T12:00:00Z,5.471388889021344
2016-05-01T13:00:00Z,5.64277777340677
2016-05-01T14:00:00Z,5.471388886372249
2016-05-01T15:00:00Z,5.495555557807287
2016-05-01T16:00:00Z,4.844722208711836
2016-05-01T17:00:00Z,4.824722214539846
2016-05-01T18:00:00Z,5.166944438219071
2016-05-01T19:00:00Z,5.285277775923411
2016-05-01T20:00:00Z,4.963888895511627
2016-05-01T21:00:00Z,5.070833319425583
2016-05-01T22:00:00Z,4.452777779102325
2016-05-01T23:00:00Z,4.310833330286874
2016-05-02T00:00:00Z,4.3635097493036215
2016-05-02T01:00:00Z,3.9141666601101557
2016-05-02T02:00:00Z,3.914722222752041
2016-05-02T03:00:00Z,3.7344444380866157
2016-05-02T04:00:00Z,4.57611110077964
2016-05-02T05:00:00Z,4.734722222884496
2016-05-02T06:00:00Z,5.115833333465788
2016-05-02T07:00:00Z,5.196666663885116
2016-05-02T08:00:00Z,5.591388889816073
2016-05-02T09:00:00Z,6.974722231096692
2016-05-02T10:00:00Z,6.7022222075197435
2016-05-02T11:00:00Z,7.496388883060879
2016-05-02T12:00:00Z,7.4052777853277
2016-05-02T13:00:00Z,7.337222244342168
2016-05-02T14:00:00Z,7.529444444179535
2016-05-02T15:00:00Z,6.267222232288784
2016-05-02T16:00:00Z,4.442500002847778
2016-05-02T17:00:00Z,6.447222231494056
2016-05-02T18:00:00Z,6.645277799500359
2016-05-02T19:00:00Z,4.893611120515399
2016-05-02T20:00:00Z,3.8486111177338493
2016-05-02T21:00:00Z,2.8047222185466025
2016-05-02T22:00:00Z,2.5788888833589025
2016-05-02T23:00:00Z,2.635555553767416
2016-05-03T00:00:00Z,1.833704730428361
2016-05-03T01:00:00Z,1.9830555538336436
2016-05-03T02:00:00Z,2.5027777757909564
2016-05-03T03:00:00Z,2.119444435172611
2016-05-03T04:00:00Z,1.7977777706252205
2016-05-03T05:00:00Z,2.59694444404708
2016-05-03T06:00:00Z,2.329999996556176
2016-05-03T07:00:00Z,3.89166667064031
2016-05-03T08:00:00Z,3.5941666609711116
2016-05-03T09:00:00Z,4.6350000103314715
2016-05-03T10:00:00Z,4.669444445437855
2016-05-03T11:00:00Z,5.320555556482739
2016-05-03T12:00:00Z,5.758888891008165
2016-05-03T13:00:00Z,5.082222232553694
2016-05-03T14:00:00Z,4.463333329889509
2016-05-03T15:00:00Z,4.759166669845581
2016-05-03T16:00:00Z,4.426944455504417
2016-05-03T17:00:00Z,3.87333332531982
2016-05-03T18:00:00Z,2.7577777716848586
2016-05-03T19:00:00Z,1.551666664166583
2016-05-03T20:00:00Z,1.7863888839880626
2016-05-03T21:00:00Z,2.1741666585206985
2016-05-03T22:00:00Z,1.381388881078197
2016-05-03T23:00:00Z,0.5258333366364241
2016-05-04T00:00:00Z,0.9467966591830373
2016-05-04T01:00:00Z,0.28194444850087164
2016-05-04T02:00:00Z,1.0452777809773883
2016-05-04T03:00:00Z,0.8611111149812738
2016-05-04T04:00:00Z,1.3747222217420736
2016-05-04T05:00:00Z,1.1238888905280167
2016-05-04T06:00:00Z,0.41416666971312627
2016-05-04T07:00:00Z,2.085277778800163
2016-05-04T08:00:00Z,3.8838888853788376
2016-05-04T09:00:00Z,4.636111110448837
2016-05-04T10:00:00Z,5.057222227917777
2016-05-04T11:00:00Z,5.2661111185948055
2016-05-04T12:00:00Z,4.624722226791912
2016-05-04T13:00:00Z,3.9911111166907682
2016-05-04T14:00:00Z,3.825277778175142
2016-05-04T15:00:00Z,3.8636111001173656
2016-05-04T16:00:00Z,3.924722221824858
2016-05-04T17:00:00Z,3.4891666690508525
2016-05-04T18:00:00Z,3.494722221957313
2016-05-04T19:00:00Z,3.529444443848398
2016-05-04T20:00:00Z,2.648055549710989
2016-05-04T21:00:00Z,1.05999999884516
2016-05-04T22:00:00Z,1.5175000031789143
2016-05-04T23:00:00Z,1.43722221892741
2016-05-05T00:00:00Z,1.722284117448961
2016-05-05T01:00:00Z,1.4702777712709374
2016-05-05T02:00:00Z,1.3341666660375064
2016-05-05T03:00:00Z,1.9166666590505177
2016-05-05T04:00:00Z,1.7452777703603108
2016-05-05T05:00:00Z,1.6880555462920004
2016-05-05T06:00:00Z,1.1158333343764146
2016-05-05T07:00:00Z,1.8066666698290241
2016-05-05T08:00:00Z,3.189999997615814
2016-05-05T09:00:00Z,4.7030555602577
2016-05-05T10:00:00Z,4.868611107269923
2016-05-05T11:00:00Z,4.808611112833023
2016-05-05T12:00:00Z,4.958888898293178
2016-05-05T13:00:00Z,5.2633333401547535
2016-05-05T14:00:00Z,4.66527779367235
2016-05-05T15:00:00Z,4.153055557608605
2016-05-05T16:00:00Z,4.29666666885217
2016-05-05T17:00:00Z,3.2894444435834886
2016-05-05T18:00:00Z,2.7388888819350137
2016-05-05T19:00:00Z,2.5674999955627653
2016-05-05T20:00:00Z,2.1272222131490706
2016-05-05T21:00:00Z,1.9202777690357633
2016-05-05T22:00:00Z,2.227499993642171
2016-05-05T23:00:00Z,2.251388887895478
2016-05-06T00:00:00Z,2.510863512007307
2016-05-06T01:00:00Z,2.6555555519130496
2016-05-06T02:00:00Z,2.569722220963902
2016-05-06T03:00:00Z,2.8150000092056064
2016-05-06T04:00:00Z,2.8061111128992504
2016-05-06T05:00:00Z,2.5916666600439284
2016-05-06T06:00:00Z,2.5958333270417318
2016-05-06T07:00:00Z,2.728333333796925
2016-05-06T08:00:00Z,2.797222214274936
2016-05-06T09:00:00Z,2.9533333338797094
2016-05-06T10:00:00Z,3.5127777725458147
2016-05-06T11:00:00Z,3.3411111063427397
2016-05-06T12:00:00Z,3.5669444532858
2016-05-06T13:00:00Z,3.49999999942051
2016-05-06T14:00:00Z,4.48666666911708
2016-05-06T15:00:00Z,4.368333321147495
2016-05-06T16:00:00Z,2.943888880312443
2016-05-06T17:00:00Z,1.878888882448276
2016-05-06T18:00:00Z,2.1372222176856464
2016-05-06T19:00:00Z,1.8983333248231147
2016-05-06T20:00:00Z,0.7166666710956229
2016-05-06T21:00:00Z,1.1875000037666825
2016-05-06T22:00:00Z,1.0719444444403052
2016-05-06T23:00:00Z,1.7016666607724296
2016-05-07T00:00:00Z,1.5487465161134937
2016-05-07T01:00:00Z,1.5144444386164346
2016-05-07T02:00:00Z,1.2952777762379912
2016-05-07T03:00:00Z,1.8327777748306593
2016-05-07T04:00:00Z,1.1269444431902633
2016-05-07T05:00:00Z,0.5413888930446572
2016-05-07T06:00:00Z,1.0216666659961144
2016-05-07T07:00:00Z,0.9561111130234268
2016-05-07T08:00:00Z,0.5863888918525643
2016-05-07T09:00:00Z,1.413888886757195
2016-05-07T10:00:00Z,1.739444443376528
2016-05-07T11:00:00Z,2.4569444399740963
2016-05-07T12:00:00Z,3.3169444383846387
2016-05-07T13:00:00Z,5.337500016225709
2016-05-07T14:00:00Z,5.764166669050852
2016-05-07T15:00:00Z,5.960555568668577
2016-05-07T16:00:00Z,4.983611109521654
2016-05-07T17:00:00Z,4.014999999933773
2016-05-07T18:00:00Z,2.886111107799742
2016-05-07T19:00:00Z,2.8074999998013177
2016-05-07T20:00:00Z,2.6394444445768994
2016-05-07T21:00:00Z,2.078333326511913
2016-05-07T22:00:00Z,1.9199999990769558
2016-05-07T23:00:00Z,1.9263888801137605
2016-05-08T00:00:00Z,1.6194985999743918
2016-05-08T01:00:00Z,2.3027777751286824
2016-05-08T02:00:00Z,1.9194444379872746
2016-05-08T03:00:00Z,2.045555552509096
2016-05-08T04:00:00Z,1.2941666633097662
2016-05-08T05:00:00Z,1.2544444428549872
2016-05-08T06:00:00Z,1.4958333297736115
2016-05-08T07:00:00Z,2.8100000003973644
2016-05-08T08:00:00Z,3.5058333350552453
2016-05-08T09:00:00Z,3.6302777806917828
2016-05-08T10:00:00Z,5.934999993774626
2016-05-08T11:00:00Z,6.032222232553694
2016-05-08T12:00:00Z,6.061111110448837
2016-05-08T13:00:00Z,6.653333340088526
2016-05-08T14:00:00Z,6.253055544031991
2016-05-08T15:00:00Z,6.786944439013799
2016-05-08T16:00:00Z,5.960277785857518
2016-05-08T17:00:00Z,5.603333329492145
2016-05-08T18:00:00Z,3.7511111077335144
2016-05-08T19:00:00Z,3.2363888896173902
2016-05-08T20:00:00Z,2.7238888922664852
2016-05-08T21:00:00Z,2.927222228381369
2016-05-08T22:00:00Z,2.891944444510672
2016-05-08T23:00:00Z,2.7986111107799743
2016-05-09T00:00:00Z,2.5242339850800284
2016-05-09T01:00:00Z,2.553888890478346
2016-05-09T02:00:00Z,2.6897222177849875
2016-05-09T03:00:00Z,2.4483333226707247
2016-05-09T04:00:00Z,2.1827777736716802
2016-05-09T05:00:00Z,2.294999994834264
2016-05-09T06:00:00Z,2.188888886405362
2016-05-09T07:00:00Z,2.8527777744664085
2016-05-09T08:00:00Z,3.089166667726305
2016-05-09T09:00:00Z,3.7025000032451416
2016-05-09T10:00:00Z,5.034444448682997
2016-05-09T11:00:00Z,5.007777771684858
2016-05-09T12:00:00Z,5.249722220500311
2016-05-09T13:00:00Z,4.64638888405429
2016-05-09T14:00:00Z,5.041666663355297
2016-05-09T15:00:00Z,5.47749999165535
2016-05-09T16:00:00Z,3.019166667924987
2016-05-09T17:00:00Z,2.576111106740104
2016-05-09T18:00:00Z,1.6408333278364606
2016-05-09T19:00:00Z,2.0711111042234633
2016-05-09T20:00:00Z,1.914166660606861
2016-05-09T21:00:00Z,1.7216666637195481
2016-05-09T22:00:00Z,1.5852777727776104
2016-05-09T23:00:00Z,1.1638888897995154
2016-05-10T00:00:00Z,1.0571030653120748
2016-05-10T01:00:00Z,0.7077777818673187
2016-05-10T02:00:00Z,1.2591666668653487
2016-05-10T03:00:00Z,1.2427777792844508
2016-05-10T04:00:00Z,1.468611109091176
2016-05-10T05:00:00Z,2.2472222112947042
2016-05-10T06:00:00Z,2.7427777730756335
2016-05-10T07:00:00Z,2.727222219771809
2016-05-10T08:00:00Z,3.0747222198380366
2016-05-10T09:00:00Z,2.937499995364083
2016-05-10T10:00:00Z,2.75999999013212
2016-05-10T11:00:00Z,2.653611108991835
2016-05-10T12:00:00Z,2.308333328035143
2016-05-10T13:00:00Z,1.8038888856354687
2016-05-10T14:00:00Z,1.5458333250963026
2016-05-10T15:00:00Z,2.0605555519461634
2016-05-10T16:00:00Z,0.7522222262082828
2016-05-10T17:00:00Z,0.8783333348110318
2016-05-10T18:00:00Z,0.903888890085121
2016-05-10T19:00:00Z,0.7088888929742906
2016-05-10T20:00:00Z,1.7016666601101558
2016-05-10T21:00:00Z,1.4402777758737406
2016-05-10T22:00:00Z,1.0022222245112062
2016-05-10T23:00:00Z,1.080277779367235
2016-05-11T00:00:00Z,0.8699164381639871
2016-05-11T01:00:00Z,0.8680555551209383
2016-05-11T02:00:00Z,1.02805555673937
2016-05-11T03:00:00Z,0.4855555605350269
2016-05-11T04:00:00Z,0.49027778181350895
2016-05-11T05:00:00Z,0.17166666922469934
2016-05-11T06:00:00Z,0.245277781267133
2016-05-11T07:00:00Z,0.35944444826907584
2016-05-11T08:00:00Z,0.9666666680119104
2016-05-11T09:00:00Z,1.000555555232697
2016-05-11T10:00:00Z,1.1647222250699998
2016-05-11T11:00:00Z,1.4724999937125378
2016-05-11T12:00:00Z,2.3419444388813444
2016-05-11T13:00:00Z,2.1599999955130946
2016-05-11T14:00:00Z,2.212499990893735
2016-05-11T15:00:00Z,1.8811111066076491
2016-05-11T16:00:00Z,1.9897222156325975
2016-05-11T17:00:00Z,2.126666662262546
2016-05-11T18:00:00Z,1.2794444459593959
2016-05-11T19:00:00Z,0.8572222220400969
2016-05-11T20:00:00Z,0.9605555569132169
2016-05-11T21:00:00Z,0.536111113242805
2016-05-11T22:00:00Z,1.119444442871544
2016-05-11T23:00:00Z,1.1566666702015533
2016-05-12T00:00:00Z,1.0501392789205801
2016-05-12T01:00:00Z,0.8216666698662771
2016-05-12T02:00:00Z,1.4836111052168741
2016-05-12T03:00:00Z,1.2052777787670492
2016-05-12T04:00:00Z,2.751944440934393
2016-05-12T05:00:00Z,5.280555542972353
2016-05-12T06:00:00Z,5.3752777788374155
2016-05-12T07:00:00Z,3.8313888841205173
2016-05-12T08:00:00Z,4.361666666467984
2016-05-12T09:00:00Z,5.057499985562431
2016-05-12T10:00:00Z,4.856666665607029
2016-05-12T11:00:00Z,5.379722232288785
2016-05-12T12:00:00Z,4.729166670309173
2016-05-12T13:00:00Z,5.442500014437569
2016-05-12T14:00:00Z,5.225277773539225
2016-05-12T15:00:00Z,4.570555558800697
2016-05-12T16:00:00Z,4.8497222231494055
2016-05-12T17:00:00Z,4.077777767843671
2016-05-12T18:00:00Z,4.144444439808527
2016-05-12T19:00:00Z,4.753611098395454
2016-05-12T20:00:00Z,4.398055554098553
2016-05-12T21:00:00Z,4.8077777822812395
2016-05-12T22:00:00Z,5.745833337306976
2016-05-12T23:00:00Z,4.824166654215919
2016-05-13T00:00:00Z,5.76462396738589
2016-05-13T01:00:00Z,4.863055547740724
2016-05-13T02:00:00Z,3.9441666579908796
2016-05-13T03:00:00Z,6.167500008477105
2016-05-13T04:00:00Z,5.494166668918398
2016-05-13T05:00:00Z,6.5691666616333855
2016-05-13T06:00:00Z,6.197500002384186
2016-05-13T07:00:00Z,5.5566666669315765
2016-05-13T08:00:00Z,7.6661111169391205
2016-05-13T09:00:00Z,6.874166671766175
2016-05-13T10:00:00Z,7.1327777829435135
2016-05-13T11:00:00Z,7.4130555484029985
2016-05-13T12:00:00Z,6.918333344327079
2016-05-13T13:00:00Z,6.3172222269905935
2016-05-13T14:00:00Z,6.2122222224871315
2016-05-13T15:00:00Z,5.960555546151268
2016-05-13T16:00:00Z,6.469722232553694
2016-05-13T17:00:00Z,6.900000007285012
2016-05-13T18:00:00Z,6.450277784797881
2016-05-13T19:00:00Z,5.770277791553074
2016-05-13T20:00:00Z,5.832499990198348
2016-05-13T21:00:00Z,5.48722221189075
2016-05-13T22:00:00Z,5.974444458882014
2016-05-13T23:00:00Z,5.200277761287159
2016-05-14T00:00:00Z,5.616991651423462
2016-05-14T01:00:00Z,3.7652777794334624
2016-05-14T02:00:00Z,3.118055553568734
2016-05-14T03:00:00Z,3.124166663156615
2016-05-14T04:00:00Z,3.032222225268682
2016-05-14T05:00:00Z,2.7980555524428685
2016-05-14T06:00:00Z,5.115000000264909
2016-05-14T07:00:00Z,5.703611113627752
2016-05-14T08:00:00Z,5.090555555290646
2016-05-14T09:00:00Z,4.61083333492279
2016-05-14T10:00:00Z,4.545277787579431
2016-05-14T11:00:00Z,3.5477777789036433
2016-05-14T12:00:00Z,3.8102777736054527
2016-05-14T13:00:00Z,3.223888887340824
2016-05-14T14:00:00Z,2.8830555466728076
2016-05-14T15:00:00Z,2.845833334575097
2016-05-14T16:00:00Z,3.056388889418708
2016-05-14T17:00:00Z,2.958333334657881
2016-05-14T18:00:00Z,2.0977777754267057
2016-05-14T19:00:00Z,1.52027777367168
2016-05-14T20:00:00Z,1.5661111078328556
2016-05-14T21:00:00Z,0.9902777772396802
2016-05-14T22:00:00Z,0.8136111139630278
2016-05-14T23:00:00Z,0.8233333367026514
2016-05-15T00:00:00Z,0.9844011134340902
2016-05-15T01:00:00Z,1.9591666556066938
2016-05-15T02:00:00Z,0.9383333348358671
2016-05-15T03:00:00Z,0.6591666700732377
2016-05-15T04:00:00Z,0.7916666665010982
2016-05-15T05:00:00Z,0.39527778062555524
2016-05-15T06:00:00Z,1.338611113280058
2016-05-15T07:00:00Z,2.026388886074225
2016-05-15T08:00:00Z,2.2855555533948873
2016-05-15T09:00:00Z,2.5399999962912667
2016-05-15T10:00:00Z,3.6330555462174945
2016-05-15T11:00:00Z,3.1455555513501166
2016-05-15T12:00:00Z,2.4594444462822542
2016-05-15T13:00:00Z,3.7497222180167835
2016-05-15T14:00:00Z,4.193333329839839
2016-05-15T15:00:00Z,3.9941666709052193
2016-05-15T16:00:00Z,3.533888895644082
2016-05-15T17:00:00Z,3.2569444441133077
2016-05-15T18:00:00Z,2.6149999952978558
2016-05-15T19:00:00Z,3.189999993311034
2016-05-15T20:00:00Z,2.605555557873514
2016-05-15T21:00:00Z,2.4683333314127394
2016-05-15T22:00:00Z,2.700277777512868
2016-05-15T23:00:00Z,2.8372222241428164
2016-05-16T00:00:00Z,2.3752089091330184
2016-05-16T01:00:00Z,2.0397222146391867
2016-05-16T02:00:00Z,2.119999991191758
2016-05-16T03:00:00Z,2.396388884716564
2016-05-16T04:00:00Z,2.2169444385502075
2016-05-16T05:00:00Z,2.0141666617658402
2016-05-16T06:00:00Z,1.976388880610466
2016-05-16T07:00:00Z,2.840277775625388
2016-05-16T08:00:00Z,3.3244444443119896
2016-05-16T09:00:00Z,3.607222223944134
2016-05-16T10:00:00Z,3.485000006026692
2016-05-16T11:00:00Z,3.397499993774626
2016-05-16T12:00:00Z,3.659722226527002
2016-05-16T13:00:00Z,3.900833318961991
2016-05-16T14:00:00Z,3.5802777782082558
2016-05-16T15:00:00Z,4.051388888226615
2016-05-16T16:00:00Z,3.5544444484843147
2016-05-16T17:00:00Z,3.37222221924199
2016-05-16T18:00:00Z,3.5491666638188892
2016-05-16T19:00:00Z,3.3941666583220163
2016-05-16T20:00:00Z,2.591666657063696
2016-05-16T21:00:00Z,2.6136111077335147
2016-05-16T22:00:00Z,2.7786111063427397
2016-05-16T23:00:00Z,2.6608333279689154
2016-05-17T00:00:00Z,2.0754874609306992
2016-05-17T01:00:00Z,1.1705555520537827
2016-05-17T02:00:00Z,1.5197222204671965
2016-05-17T03:00:00Z,2.27833332684305
2016-05-17T04:00:00Z,2.0724999907943937
2016-05-17T05:00:00Z,1.3238888869682948
2016-05-17T06:00:00Z,1.6799999980462923
2016-05-17T07:00:00Z,2.9272222141424815
2016-05-17T08:00:00Z,2.4272222196890247
2016-05-17T09:00:00Z,3.6894444465637206
2016-05-17T10:00:00Z,3.849722216526667
2016-05-17T11:00:00Z,4.3744444439808525
2016-05-17T12:00:00Z,4.835555556747648
2016-05-17T13:00:00Z,6.021944436762068
2016-05-17T14:00:00Z,6.590000009536743
2016-05-17T15:00:00Z,5.14888889392217
2016-05-17T16:00:00Z,4.911666676733229
2016-05-17T17:00:00Z,4.143055558535788
2016-05-17T18:00:00Z,4.460833325650957
2016-05-17T19:00:00Z,4.2980555448267195
2016-05-17T20:00:00Z,4.7172222283151415
2016-05-17T21:00:00Z,5.404722226990594
2016-05-17T22:00:00Z,4.270833330684238
2016-05-17T23:00:00Z,3.8372222264607747
2016-05-18T00:00:00Z,4.338718667335829
2016-05-18T01:00:00Z,5.891111119588216
2016-05-18T02:00:00Z,5.743055568138758
2016-05-18T03:00:00Z,4.985833329293463
2016-05-18T04:00:00Z,5.036944440007209
2016-05-18T05:00:00Z,5.438888893524806
2016-05-18T06:00:00Z,5.706666658322017
2016-05-18T07:00:00Z,5.623055548800362
2016-05-18T08:00:00Z,5.446944441729122
2016-05-18T09:00:00Z,3.5755555513832302
2016-05-18T10:00:00Z,3.5036111129654777
2016-05-18T11:00:00Z,3.8255555652909807
2016-05-18T12:00:00Z,4.809722219573127
2016-05-18T13:00:00Z,3.7916666630241607
2016-05-18T14:00:00Z,3.185555551449458
2016-05-18T15:00:00Z,3.4297222210301292
2016-05-18T16:00:00Z,1.3772222234970994
2016-05-18T17:00:00Z,2.8994444446431267
2016-05-18T18:00:00Z,2.025833333428535
2016-05-18T19:00:00Z,1.1572222198256188
2016-05-18T20:00:00Z,2.3830555515156853
2016-05-18T21:00:00Z,2.319999994834264
2016-05-18T22:00:00Z,2.417499993575944
2016-05-18T23:00:00Z,2.632222217652533
2016-05-19T00:00:00Z,2.5378830034420683
2016-05-19T01:00:00Z,2.3222222180830108
2016-05-19T02:00:00Z,2.3966666688521703
2016-05-19T03:00:00Z,2.1333333300219643
2016-05-19T04:00:00Z,2.4247222228182688
2016-05-19T05:00:00Z,2.441388883524471
2016-05-19T06:00:00Z,2.6772222194406723
2016-05-19T07:00:00Z,2.8244444419940313
2016-05-19T08:00:00Z,2.7124999980131785
2016-05-19T09:00:00Z,3.1544444491465886
2016-05-19T10:00:00Z,3.68166666328907
2016-05-19T11:00:00Z,3.482222220301628
2016-05-19T12:00:00Z,4.238611103428735
2016-05-19T13:00:00Z,5.605833340353436
2016-05-19T14:00:00Z,6.685000000397364
2016-05-19T15:00:00Z,6.431111122502221
2016-05-19T16:00:00Z,6.091388879881965
2016-05-19T17:00:00Z,5.496111118793488
2016-05-19T18:00:00Z,5.416388879881965
2016-05-19T19:00:00Z,4.570277787910568
2016-05-19T20:00:00Z,4.264722216791577
2016-05-19T21:00:00Z,5.04916667011049
2016-05-19T22:00:00Z,4.839444444576899
2016-05-19T23:00:00Z,3.890833330485556
2016-05-20T00:00:00Z,3.4231197777564812
2016-05-20T01:00:00Z,3.07972221771876
2016-05-20T02:00:00Z,3.4705555544959172
2016-05-20T03:00:00Z,3.5363888876305687
2016-05-20T04:00:00Z,3.4905555486679076
2016-05-20T05:00:00Z,4.177777773804134
2016-05-20T06:00:00Z,4.393611105283101
2016-05-20T07:00:00Z,4.8411111222373115
2016-05-20T08:00:00Z,4.934166682759921
2016-05-20T09:00:00Z,4.466944438881344
2016-05-20T10:00:00Z,4.561111116409302
2016-05-20T11:00:00Z,4.687222206923697
2016-05-20T12:00:00Z,5.08805555038982
2016-05-20T13:00:00Z,5.077499998940362
2016-05-20T14:00:00Z,5.097499993112352
2016-05-20T15:00:00Z,5.4369444472922215
2016-05-20T16:00:00Z,5.433333325717184
2016-05-20T17:00:00Z,5.369722221957312
2016-05-20T18:00:00Z,3.755277778704961
2016-05-20T19:00:00Z,4.176944437291887
2016-05-20T20:00:00Z,3.215555552641551
2016-05-20T21:00:00Z,4.558888877762689
2016-05-20T22:00:00Z,6.2830555551581915
2016-05-20T23:00:00Z,5.8430555568801035
2016-05-21T00:00:00Z,4.648467967769229
2016-05-21T01:00:00Z,5.328888883193334
2016-05-21T02:00:00Z,5.752500006887648
2016-05-21T03:00:00Z,6.664444434642792
2016-05-21T04:00:00Z,6.445833336644703
2016-05-21T05:00:00Z,6.050833333863152
2016-05-21T06:00:00Z,6.020833332671059
2016-05-21T07:00:00Z,6.203611112303204
2016-05-21T08:00:00Z,6.504999998542997
2016-05-21T09:00:00Z,6.005277778042688
2016-05-21T10:00:00Z,6.049722243679894
2016-05-21T11:00:00Z,6.586666642957264
2016-05-21T12:00:00Z,6.739444442590078
2016-05-21T13:00:00Z,5.89611112276713
2016-05-21T14:00:00Z,6.007777776983049
2016-05-21T15:00:00Z,5.9066666815016005
2016-05-21T16:00:00Z,5.526388892200258
2016-05-21T17:00:00Z,6.600000015232298
2016-05-21T18:00:00Z,5.638611121972402
2016-05-21T19:00:00Z,3.8733333239952725
2016-05-21T20:00:00Z,4.073611110779974
2016-05-21T21:00:00Z,3.3686111079321965
2016-05-21T22:00:00Z,2.349166660838657
2016-05-21T23:00:00Z,2.507499996821086
2016-05-22T00:00:00Z,1.7974930335884307
2016-05-22T01:00:00Z,1.2294444420892332
2016-05-22T02:00:00Z,0.8572222254549463
2016-05-22T03:00:00Z,0.622500004288223
2016-05-22T04:00:00Z,0.6438888927714692
2016-05-22T05:00:00Z,0.6272222246146865
2016-05-22T06:00:00Z,0.7800000018750628
2016-05-22T07:00:00Z,1.316388889029622
2016-05-22T08:00:00Z,1.262777774863773
2016-05-22T09:00:00Z,1.3063888903293344
2016-05-22T10:00:00Z,1.9633333263090915
2016-05-22T11:00:00Z,2.2024999991887144
2016-05-22T12:00:00Z,3.082500001622571
2016-05-22T13:00:00Z,4.339444449543953
2016-05-22T14:00:00Z,3.5233333316114215
2016-05-22T15:00:00Z,2.8555555509196386
2016-05-22T16:00:00Z,1.3744444423872564
2016-05-22T17:00:00Z,2.5086111111773386
2016-05-22T18:00:00Z,3.4230555372105704
2016-05-22T19:00:00Z,1.4605555571408735
2016-05-22T20:00:00Z,2.6772222194406723
2016-05-22T21:00:00Z,2.588055550058683
2016-05-22T22:00:00Z,3.053333337439431
2016-05-22T23:00:00Z,1.9055555452903112
2016-05-23T00:00:00Z,1.7105849542989704
2016-05-23T01:00:00Z,2.1972222208976744
2016-05-23T02:00:00Z,2.3580555518468223
2016-05-23T03:00:00Z,1.1366666682892375
2016-05-23T04:00:00Z,2.091944436728954
2016-05-23T05:00:00Z,1.1986111121252179
2016-05-23T06:00:00Z,2.396666666203075
2016-05-23T07:00:00Z,2.7869444406694837
2016-05-23T08:00:00Z,3.425555549727546
2016-05-23T09:00:00Z,3.891944435901112
2016-05-23T10:00:00Z,4.18888888557752
2016-05-23T11:00:00Z,3.5658333400885263
2016-05-23T12:00:00Z,3.559444434278541
2016-05-23T13:00:00Z,3.1175000035514433
2016-05-23T14:00:00Z,2.9927777651283476
2016-05-23T15:00:00Z,3.0986111048195095
2016-05-23T16:00:00Z,4.4597222146060735
2016-05-23T17:00:00Z,3.8330555386013456
2016-05-23T18:00:00Z,3.372499994105763
2016-05-23T19:00:00Z,1.9211110999186833
2016-05-23T20:00:00Z,1.1608333335568508
2016-05-23T21:00:00Z,1.9844444415635534
2016-05-23T22:00:00Z,2.390277768174807
2016-05-23T23:00:00Z,1.4569444412986436
2016-05-24T00:00:00Z,1.6392757605377346
2016-05-24T01:00:00Z,2.3458333270417318
2016-05-24T02:00:00Z,2.448333332935969
2016-05-24T03:00:00Z,3.421666663222843
2016-05-24T04:00:00Z,3.014722219771809
2016-05-24T05:00:00Z,2.6499999950329465
2016-05-24T06:00:00Z,3.235833332935969
2016-05-24T07:00:00Z,3.47388889392217
2016-05-24T08:00:00Z,3.910277780228191
2016-05-24T09:00:00Z,4.1752777751949095
2016-05-24T10:00:00Z,4.528333328829872
2016-05-24T11:00:00Z,4.413055557343695
2016-05-24T12:00:00Z,5.121944444378217
2016-05-24T13:00:00Z,5.205833333068424
2016-05-24T14:00:00Z,5.356666662957934
2016-05-24T15:00:00Z,5.174722209572792
2016-05-24T16:00:00Z,4.453055559264289
2016-05-24T17:00:00Z,4.687777776850594
2016-05-24T18:00:00Z,5.016944442192713
2016-05-24T19:00:00Z,4.083888894319534
2016-05-24T20:00:00Z,3.5547222163942127
2016-05-24T21:00:00Z,3.18944444126553
2016-05-24T22:00:00Z,3.1897222217586307
2016-05-24T23:00:00Z,2.4416666524277795
2016-05-25T00:00:00Z,2.3459609959450938
2016-05-25T01:00:00Z,1.6244444410006205
2016-05-25T02:00:00Z,2.9566666656070284
2016-05-25T03:00:00Z,1.6005555537011888
2016-05-25T04:00:00Z,1.7799999914235538
2016-05-25T05:00:00Z,1.8783333338797092
2016-05-25T06:00:00Z,2.501666658123334
2016-05-25T07:00:00Z,3.350277774863773
2016-05-25T08:00:00Z,3.5927777813540565
2016-05-25T09:00:00Z,3.3372222185134888
2016-05-25T10:00:00Z,3.48555555442969
2016-05-25T11:00:00Z,3.3955555472109054
2016-05-25T12:00:00Z,3.0936111094223127
2016-05-25T13:00:00Z,3.8741666667991215
2016-05-25T14:00:00Z,3.011944440338347
2016-05-25T15:00:00Z,3.8977777789036434
2016-05-25T16:00:00Z,3.5786111139588885
2016-05-25T17:00:00Z,3.7683333261145484
2016-05-25T18:00:00Z,3.0722222218910855
2016-05-25T19:00:00Z,2.383333329194122
2016-05-25T20:00:00Z,1.7180555492639542
2016-05-25T21:00:00Z,1.7241666555404662
2016-05-25T22:00:00Z,1.2025000014238887
2016-05-25T23:00:00Z,0.8397222230831782
2016-05-26T00:00:00Z,0.9997214493977327
2016-05-26T01:00:00Z,0.8630555599513982
2016-05-26T02:00:00Z,0.7069444486043519
2016-05-26T03:00:00Z,0.38444444806211525
2016-05-26T04:00:00Z,0.6861111129737563
2016-05-26T05:00:00Z,0.4525000047145618
2016-05-26T06:00:00Z,0.7163888923616872
2016-05-26T07:00:00Z,1.446944444005688
2016-05-26T08:00:00Z,1.800555554529031
2016-05-26T09:00:00Z,1.6111111061233614
2016-05-26T10:00:00Z,1.6197222240476146
2016-05-26T11:00:00Z,1.149166662618518
2016-05-26T12:00:00Z,1.160000000604325
2016-05-26T13:00:00Z,1.5147222204133868
2016-05-26T14:00:00Z,1.2627777755260468
2016-05-26T15:00:00Z,1.3761111118934222
2016-05-26T16:00:00Z,1.3236111140499511
2016-05-26T17:00:00Z,1.3352777766891653
2016-05-26T18:00:00Z,1.7783333264705208
2016-05-26T19:00:00Z,1.9738888813389672
2016-05-26T20:00:00Z,0.8533333353491293
2016-05-26T21:00:00Z,1.1527777777570818
2016-05-26T22:00:00Z,1.0152777798059913
2016-05-26T23:00:00Z,0.9516666664431492
2016-05-27T00:00:00Z,1.1094707551108762
2016-05-27T01:00:00Z,1.2808333340618345
2016-05-27T02:00:00Z,1.0647222264566356
2016-05-27T03:00:00Z,2.1547222177187604
2016-05-27T04:00:00Z,2.243611106938786
2016-05-27T05:00:00Z,2.189166655805376
2016-05-27T06:00:00Z,3.4219444420602585
2016-05-27T07:00:00Z,3.693333335386382
2016-05-27T08:00:00Z,3.263888885246383
2016-05-27T09:00:00Z,3.3780555453565384
2016-05-27T10:00:00Z,3.5958333217435414
2016-05-27T11:00:00Z,3.048055555754238
2016-05-27T12:00:00Z,2.3016666669398544
2016-05-27T13:00:00Z,2.506388885113928
2016-05-27T14:00:00Z,2.3541666678256457
2016-05-27T15:00:00Z,2.471666667030917
2016-05-27T16:00:00Z,2.425277776312497
2016-05-27T17:00:00Z,2.646944440073437
2016-05-27T18:00:00Z,1.343888889418708
2016-05-27T19:00:00Z,0.8502777791685528
2016-05-27T20:00:00Z,1.2222222226154473
2016-05-27T21:00:00Z,2.020000000670552
2016-05-27T22:00:00Z,2.234166660097738
2016-05-27T23:00:00Z,0.8538888912854923
2016-05-28T00:00:00Z,2.2036211679904905
2016-05-28T01:00:00Z,2.598888886968295
2016-05-28T02:00:00Z,2.3527777761220934
2016-05-28T03:00:00Z,2.774444434046745
2016-05-28T04:00:00Z,3.3147222254011366
2016-05-28T05:00:00Z,3.516111105349329
2016-05-28T06:00:00Z,3.695833330684238
2016-05-28T07:00:00Z,3.5502777695655823
2016-05-28T08:00:00Z,3.3338888853788378
2016-05-28T09:00:00Z,3.3836111108875935
2016-05-28T10:00:00Z,3.9241666649778684
2016-05-28T11:00:00Z,3.8213888787560992
2016-05-28T12:00:00Z,3.652777781751421
2016-05-28T13:00:00Z,3.54666666885217
2016-05-28T14:00:00Z,3.7816666536860994
2016-05-28T15:00:00Z,3.9744444413317574
2016-05-28T16:00:00Z,3.9502777758571836
2016-05-28T17:00:00Z,4.102777788705296
2016-05-28T18:00:00Z,3.3252777712212667
2016-05-28T19:00:00Z,2.845555549528864
2016-05-28T20:00:00Z,2.1466666599114737
2016-05-28T21:00:00Z,2.103611107005013
2016-05-28T22:00:00Z,2.9355555511183207
2016-05-28T23:00:00Z,2.849999995364083
2016-05-29T00:00:00Z,2.6364902526887346
2016-05-29T01:00:00Z,2.5716666618982953
2016-05-29T02:00:00Z,2.2641666561365126
2016-05-29T03:00:00Z,2.1486111018392773
2016-05-29T04:00:00Z,2.823611111773385
2016-05-29T05:00:00Z,4.451111114687389
2016-05-29T06:00:00Z,4.636944439013799
2016-05-29T07:00:00Z,5.377777791685528
2016-05-29T08:00:00Z,4.83305554555522
2016-05-29T09:00:00Z,5.15277776784367
2016-05-29T10:00:00Z,4.81499997874101
2016-05-29T11:00:00Z,5.548888880676693
2016-05-29T12:00:00Z,5.4661111255486805
2016-05-29T13:00:00Z,5.589722228712506
2016-05-29T14:00:00Z,5.976944438616434
2016-05-29T15:00:00Z,5.650833329889509
2016-05-29T16:00:00Z,5.778333340088526
2016-05-29T17:00:00Z,5.805555557542377
2016-05-29T18:00:00Z,5.112777780824238
2016-05-29T19:00:00Z,3.5455555544959174
2016-05-29T20:00:00Z,2.236111103826099
2016-05-29T21:00:00Z,1.7363888831602203
2016-05-29T22:00:00Z,1.9930555515819126
2016-05-29T23:00:00Z,2.511111109289858
2016-05-30T00:00:00Z,3.030919218129766
2016-05-30T01:00:00Z,3.4913888888226614
2016-05-30T02:00:00Z,4.128055561913384
2016-05-30T03:00:00Z,3.998333333267106
2016-05-30T04:00:00Z,3.8799999988741343
2016-05-30T05:00:00Z,3.7838888903458914
2016-05-30T06:00:00Z,4.696666664878527
2016-05-30T07:00:00Z,4.86444445517328
2016-05-30T08:00:00Z,5.088888898822996
2016-05-30T09:00:00Z,5.516111110316382
2016-05-30T10:00:00Z,5.34555554456181
2016-05-30T11:00:00Z,5.105833333730698
2016-05-30T12:00:00Z,4.881666654348374
2016-05-30T13:00:00Z,5.771944450669818
2016-05-30T14:00:00Z,5.985277781883876
2016-05-30T15:00:00Z,6.323333348830541
2016-05-30T16:00:00Z,6.638888893524806
2016-05-30T17:00:00Z,5.756111105283101
2016-05-30T18:00:00Z,5.631666672229767
2016-05-30T19:00:00Z,5.273888893259896
2016-05-30T20:00:00Z,5.524444442987442
2016-05-30T21:00:00Z,5.918333340353436
2016-05-30T22:00:00Z,5.848055569330851
2016-05-30T23:00:00Z,6.495555561118656
2016-05-31T00:00:00Z,5.950974928635409
2016-05-31T01:00:00Z,5.986666663487752
2016-05-31T02:00:00Z,6.262777787446976
2016-05-31T03:00:00Z,6.501666685607698
2016-05-31T04:00:00Z,5.97527777089013
2016-05-31T05:00:00Z,6.208611124753952
2016-05-31T06:00:00Z,5.973611104488373
2016-05-31T07:00:00Z,6.571666657924652
2016-05-31T08:00:00Z,7.1225000156296625
2016-05-31T09:00:00Z,7.302777796321445
2016-05-31T10:00:00Z,7.227222217453851
2016-05-31T11:00:00Z,7.645833334657881
2016-05-31T12:00:00Z,5.7550000111262
2016-05-31T13:00:00Z,5.238333347770903
2016-05-31T14:00:00Z,4.6411111219061745
2016-05-31T15:00:00Z,4.437777781486512
2016-05-31T16:00:00Z,6.118611114554935
2016-05-31T17:00:00Z,5.471111108197106
2016-05-31T18:00:00Z,6.048055556747649
2016-05-31T19:00:00Z,6.013888880279329
2016-05-31T20:00:00Z,4.881388874517547
2016-05-31T21:00:00Z,5.14222221771876
2016-05-31T22:00:00Z,5.042777771419949
2016-05-31T23:00:00Z,4.811666658189561
2016-06-01T00:00:00Z,4.787465187168387
2016-06-01T01:00:00Z,3.9761111047532824
2016-06-01T02:00:00Z,3.784722218910853
2016-06-01T03:00:00Z,4.7777777844005165
2016-06-01T04:00:00Z,5.184166662560569
2016-06-01T05:00:00Z,4.945833332339922
2016-06-01T06:00:00Z,4.743888893061214
2016-06-01T07:00:00Z,4.71194443570243
2016-06-01T08:00:00Z,5.7786111070050135
2016-06-01T09:00:00Z,5.35638889140553
2016-06-01T10:00:00Z,6.800000017881393
2016-06-01T11:00:00Z,6.541666663355297
2016-06-01T12:00:00Z,6.0125
2016-06-01T13:00:00Z,5.822777777247959
2016-06-01T14:00:00Z,6.1672222197055815
2016-06-01T15:00:00Z,5.9688888947168985
2016-06-01T16:00:00Z,6.561666671435038
2016-06-01T17:00:00Z,6.867222226990593
2016-06-01T18:00:00Z,6.843888900015089
2016-06-01T19:00:00Z,5.863333320617675
2016-06-01T20:00:00Z,5.80027777949969
2016-06-01T21:00:00Z,4.809444446696175
2016-06-01T22:00:00Z,5.1508333345254265
2016-06-01T23:00:00Z,5.84138888782925
2016-06-02T00:00:00Z,6.701671317427271
2016-06-02T01:00:00Z,6.791944458749559
2016-06-02T02:00:00Z,6.747499993774626
2016-06-02T03:00:00Z,6.9186111119058396
2016-06-02T04:00:00Z,6.065555564562479
2016-06-02T05:00:00Z,6.9127777715524035
2016-06-02T06:00:00Z,7.4586111260785
2016-06-02T07:00:00Z,7.614444456497828
2016-06-02T08:00:00Z,8.09055556456248
2016-06-02T09:00:00Z,7.189722214804755
2016-06-02T10:00:00Z,6.780277782016331
2016-06-02T11:00:00Z,5.921388900942272
2016-06-02T12:00:00Z,6.568888907300101
2016-06-02T13:00:00Z,6.478888889153798
2016-06-02T14:00:00Z,6.79694444735845
2016-06-02T15:00:00Z,6.338333341810438
2016-06-02T16:00:00Z,6.362777780824238
2016-06-02T17:00:00Z,5.807777777645323
2016-06-02T18:00:00Z,5.263611098130544
2016-06-02T19:00:00Z,4.882222215334575
2016-06-02T20:00:00Z,4.124444450272454
2016-06-02T21:00:00Z,4.552777779102326
2016-06-02T22:00:00Z,5.2947222179836695
2016-06-02T23:00:00Z,4.549444439676073
2016-06-03T00:00:00Z,4.291643452843584
2016-06-03T01:00:00Z,3.9572222308980094
2016-06-03T02:00:00Z,4.158888879087236
2016-06-03T03:00:00Z,3.913611106408967
2016-06-03T04:00:00Z,4.525000012583202
2016-06-03T05:00:00Z,4.551111107402377
2016-06-03T06:00:00Z,4.320833324723774
2016-06-03T07:00:00Z,4.126944440603256
2016-06-03T08:00:00Z,4.265555548999044
2016-06-03T09:00:00Z,3.7624999894036186
2016-06-03T10:00:00Z,3.721666669845581
2016-06-03T11:00:00Z,3.412777773870362
2016-06-03T12:00:00Z,3.401666669547558
2016-06-03T13:00:00Z,3.4302777700954015
2016-06-03T14:00:00Z,2.9841666705078547
2016-06-03T15:00:00Z,2.9777777772810725
2016-06-03T16:00:00Z,2.8169444421927134
2016-06-03T17:00:00Z,2.3622222195068994
2016-06-03T18:00:00Z,2.546388887365659
2016-06-03T19:00:00Z,2.67305555658208
2016-06-03T20:00:00Z,1.326944445197781
2016-06-03T21:00:00Z,0.6111111142362158
2016-06-03T22:00:00Z,0.8380555583578017
2016-06-03T23:00:00Z,0.6369444467748205
2016-06-04T00:00:00Z,0.9181058533012368
2016-06-04T01:00:00Z,1.2147222211791409
2016-06-04T02:00:00Z,1.5705555523435275
2016-06-04T03:00:00Z,1.3613888895346058
2016-06-04T04:00:00Z,1.496111107369264
2016-06-04T05:00:00Z,1.4538888898160722
2016-06-04T06:00:00Z,1.3727777786552906
2016-06-04T07:00:00Z,1.6241666643155945
2016-06-04T08:00:00Z,2.6372222198380366
2016-06-04T09:00:00Z,2.2674999949004917
2016-06-04T10:00:00Z,1.9638888845013247
2016-06-04T11:00:00Z,2.64111111437281
2016-06-04T12:00:00Z,2.0588888888557753
2016-06-04T13:00:00Z,2.225555550224251
2016-06-04T14:00:00Z,2.4288888831933337
2016-06-04T15:00:00Z,2.8147222207652196
2016-06-04T16:00:00Z,2.864444441596667
2016-06-04T17:00:00Z,2.833333332339923
2016-06-04T18:00:00Z,1.6530555518964927
2016-06-04T19:00:00Z,1.123055554760827
2016-06-04T20:00:00Z,1.4469444478551547
2016-06-04T21:00:00Z,1.4480555536018478
2016-06-04T22:00:00Z,1.2608333342605167
2016-06-04T23:00:00Z,1.0869444477889272
2016-06-05T00:00:00Z,0.8228412278639905
2016-06-05T01:00:00Z,1.9199999971522226
2016-06-05T02:00:00Z,2.3358333316114215
2016-06-05T03:00:00Z,2.4616666611697937
2016-06-05T04:00:00Z,2.115277770327197
2016-06-05T05:00:00Z,3.0980555590656067
2016-06-05T06:00:00Z,3.8233333359162014
2016-06-05T07:00:00Z,3.3241666575272877
2016-06-05T08:00:00Z,3.612499993377262
2016-06-05T09:00:00Z,3.415555555290646
2016-06-05T10:00:00Z,3.219444434510337
2016-06-05T11:00:00Z,3.7261111040910087
2016-06-05T12:00:00Z,3.6730555484692258
2016-06-05T13:00:00Z,3.093888885113928
2016-06-05T14:00:00Z,3.4644444356362025
2016-06-05T15:00:00Z,3.2402777751286824
2016-06-05T16:00:00Z,2.8805555529064604
2016-06-05T17:00:00Z,2.896944437424342
2016-06-05T18:00:00Z,2.0661111077500713
2016-06-05T19:00:00Z,1.5030555513997872
2016-06-05T20:00:00Z,1.6738888882100582
2016-06-05T21:00:00Z,1.2327777778936757
2016-06-05T22:00:00Z,0.91555555889176
2016-06-05T23:00:00Z,1.2136111095547677
2016-06-06T00:00:00Z,0.9278551543904546
2016-06-06T01:00:00Z,1.0016666702512238
2016-06-06T02:00:00Z,1.7988888803455565
2016-06-06T03:00:00Z,2.1572222164935537
2016-06-06T04:00:00Z,2.5449999941719903
2016-06-06T05:00:00Z,3.411944447292222
2016-06-06T06:00:00Z,2.8974999954303104
2016-06-06T07:00:00Z,2.5702777713537217
2016-06-06T08:00:00Z,2.4036111084951295
2016-06-06T09:00:00Z,2.3624999976820416
2016-06-06T10:00:00Z,2.649999994825986
2016-06-06T11:00:00Z,2.73083333592448
2016-06-06T12:00:00Z,2.7494444477889273
2016-06-06T13:00:00Z,2.5047222240103615
2016-06-06T14:00:00Z,2.549722222362955
2016-06-06T15:00:00Z,2.564722220848004
2016-06-06T16:00:00Z,3.036388889286253
2016-06-06T17:00:00Z,2.4041666572292644
2016-06-06T18:00:00Z,3.132777773340543
2016-06-06T19:00:00Z,2.012222219672468
2016-06-06T20:00:00Z,1.2852777760889795
2016-06-06T21:00:00Z,1.1805555561350451
2016-06-06T22:00:00Z,0.4669444473046396
2016-06-06T23:00:00Z,0.8436111133338676
2016-06-07T00:00:00Z,0.9428969396065536
2016-06-07T01:00:00Z,0.6716666704457667
2016-06-07T02:00:00Z,0.7111111151882343
2016-06-07T03:00:00Z,1.1302777766353553
2016-06-07T04:00:00Z,1.2052777786014808
2016-06-07T05:00:00Z,1.344999999884102
2016-06-07T06:00:00Z,0.9691666667660077
2016-06-07T07:00:00Z,1.1930555577079456
2016-06-07T08:00:00Z,1.4697222189149923
2016-06-07T09:00:00Z,1.7872222166922358
2016-06-07T10:00:00Z,1.9211111063758533
2016-06-07T11:00:00Z,2.0955555516812536
2016-06-07T12:00:00Z,2.3841666610704526
2016-06-07T13:00:00Z,2.8441666621300907
2016-06-07T14:00:00Z,2.590833329161008
2016-06-07T15:00:00Z,2.378611107170582
2016-06-07T16:00:00Z,2.838333327571551
2016-06-07T17:00:00Z,3.251666671699948
2016-06-07T18:00:00Z,2.4761111120382946
2016-06-07T19:00:00Z,2.0586111010776627
2016-06-07T20:00:00Z,2.0563888784911897
2016-06-07T21:00:00Z,2.2069444358348846
2016-06-07T22:00:00Z,2.24805555442969
2016-06-07T23:00:00Z,2.0430555509196386
2016-06-08T00:00:00Z,2.1671309185559373
2016-06-08T01:00:00Z,1.9772222149703238
2016-06-08T02:00:00Z,1.419444444278876
2016-06-08T03:00:00Z,1.0469444464478228
2016-06-08T04:00:00Z,1.0855555578238434
2016-06-08T05:00:00Z,1.1719444468203517
2016-06-08T06:00:00Z,1.158888890966773
2016-06-08T07:00:00Z,1.8822222157071034
2016-06-08T08:00:00Z,1.852499998609225
2016-06-08T09:00:00Z,2.069999997400575
2016-06-08T10:00:00Z,2.4511111069056724
2016-06-08T11:00:00Z,1.9563888871835338
2016-06-08T12:00:00Z,1.608333332174354
2016-06-08T13:00:00Z,1.6488888893897335
2016-06-08T14:00:00Z,1.6191666640548243
2016-06-08T15:00:00Z,1.7277777788746689
2016-06-08T16:00:00Z,1.1788888874981138
2016-06-08T17:00:00Z,1.186111113284197
2016-06-08T18:00:00Z,1.9388888934834136
2016-06-08T19:00:00Z,0.7388888903376128
2016-06-08T20:00:00Z,0.9352777810767293
2016-06-08T21:00:00Z,1.010555558403333
2016-06-08T22:00:00Z,1.5861111077997418
2016-06-08T23:00:00Z,1.8147222169571453
2016-06-09T00:00:00Z,2.199442893183663
2016-06-09T01:00:00Z,2.040555548005634
2016-06-09T02:00:00Z,1.9622222208314473
2016-06-09T03:00:00Z,1.9072222186459435
2016-06-09T04:00:00Z,2.42999999291367
2016-06-09T05:00:00Z,2.3041666636864346
2016-06-09T06:00:00Z,2.368888880478011
2016-06-09T07:00:00Z,2.446388887034522
2016-06-09T08:00:00Z,1.9758333310484886
2016-06-09T09:00:00Z,1.7608333262511426
2016-06-09T10:00:00Z,2.023333332935969
2016-06-09T11:00:00Z,1.4641666633594368
2016-06-09T12:00:00Z,1.699166664150026
2016-06-09T13:00:00Z,1.404722220243679
2016-06-09T14:00:00Z,1.665555549826887
2016-06-09T15:00:00Z,3.19388889024655
2016-06-09T16:00:00Z,3.009166657924652
2016-06-09T17:00:00Z,2.7338888810740576
2016-06-09T18:00:00Z,2.773888891273075
2016-06-09T19:00:00Z,2.4286111070050134
2016-06-09T20:00:00Z,1.7172222196227975
2016-06-09T21:00:00Z,1.6627777755260467
2016-06-09T22:00:00Z,0.46555556083718935
2016-06-09T23:00:00Z,0.676388893276453
2016-06-10T00:00:00Z,0.6635097530060824
2016-06-10T01:00:00Z,1.1175000027649933
2016-06-10T02:00:00Z,0.8050000021234155
2016-06-10T03:00:00Z,1.536944441497326
2016-06-10T04:00:00Z,1.1669444447176325
2016-06-10T05:00:00Z,0.8108333359368973
2016-06-10T06:00:00Z,1.2730555553817087
2016-06-10T07:00:00Z,1.4166666619893578
2016-06-10T08:00:00Z,1.658055553626683
2016-06-10T09:00:00Z,2.12222222139438
2016-06-10T10:00:00Z,2.4191666609711118
2016-06-10T11:00:00Z,2.14833332894163
2016-06-10T12:00:00Z,2.899444449279043
2016-06-10T13:00:00Z,3.0552777742346127
2016-06-10T14:00:00Z,4.254444442192713
2016-06-10T15:00:00Z,4.079444434245428
2016-06-10T16:00:00Z,3.2019444356362023
2016-06-10T17:00:00Z,1.3158333383500576
2016-06-10T18:00:00Z,1.2836111109082897
2016-06-10T19:00:00Z,0.5030555602163076
2016-06-10T20:00:00Z,1.2830555513087245
2016-06-10T21:00:00Z,1.3044444480496975
2016-06-10T22:00:00Z,1.6055555527408918
2016-06-10T23:00:00Z,1.3580555545787016
2016-06-11T00:00:00Z,1.740111417425044
2016-06-11T01:00:00Z,1.184722225368023
2016-06-11T02:00:00Z,0.7808333378285169
2016-06-11T03:00:00Z,0.5163888918235898
2016-06-11T04:00:00Z,0.6194444457689922
2016-06-11T05:00:00Z,0.4319444502186444
2016-06-11T06:00:00Z,0.6555555602328644
2016-06-11T07:00:00Z,0.9452777791354391
2016-06-11T08:00:00Z,1.0230555562716392
2016-06-11T09:00:00Z,0.98055555789421
2016-06-11T10:00:00Z,1.0586111078038811
2016-06-11T11:00:00Z,1.2019444463774562
2016-06-11T12:00:00Z,1.0625000009106265
2016-06-11T13:00:00Z,0.9847222262786495
2016-06-11T14:00:00Z,2.2544444410337343
2016-06-11T15:00:00Z,2.824722222487132
2016-06-11T16:00:00Z,2.981111115217209
2016-06-11T17:00:00Z,2.926944440934393
2016-06-11T18:00:00Z,3.2041666676600773
2016-06-11T19:00:00Z,2.9516666657394834
2016-06-11T20:00:00Z,2.3427777657906215
2016-06-11T21:00:00Z,2.2838888835575846
2016-06-11T22:00:00Z,2.4688888837893805
2016-06-11T23:00:00Z,2.6247222165266675
2016-06-12T00:00:00Z,2.868245121164242
2016-06-12T01:00:00Z,2.644722220963902
2016-06-12T02:00:00Z,2.246388878424962
2016-06-12T03:00:00Z,1.339722221965591
2016-06-12T04:00:00Z,1.5580555516812535
2016-06-12T05:00:00Z,1.8277777673469648
2016-06-12T06:00:00Z,3.2413888934585784
2016-06-12T07:00:00Z,3.4161111060116025
2016-06-12T08:00:00Z,3.065000000927183
2016-06-12T09:00:00Z,2.5633333298895096
2016-06-12T10:00:00Z,2.3488888820840255
2016-06-12T11:00:00Z,2.5083333283662794
2016-06-12T12:00:00Z,3.0100000000662273
2016-06-12T13:00:00Z,4.187777777844005
2016-06-12T14:00:00Z,4.5522222154670295
2016-06-12T15:00:00Z,4.688333328564962
2016-06-12T16:00:00Z,4.582499993509717
2016-06-12T17:00:00Z,4.40555555621783
2016-06-12T18:00:00Z,4.4113888849814735
2016-06-12T19:00:00Z,3.7330555644300247
2016-06-12T20:00:00Z,3.1174999998675452
2016-06-12T21:00:00Z,3.6366666674613954
2016-06-12T22:00:00Z,3.299166660838657
2016-06-12T23:00:00Z,3.0411111113097933
2016-06-13T00:00:00Z,2.924233980829669
2016-06-13T01:00:00Z,2.628888888160388
2016-06-13T02:00:00Z,3.317222223016951
2016-06-13T03:00:00Z,3.0327777786387338
2016-06-13T04:00:00Z,3.4030555542972354
2016-06-13T05:00:00Z,2.8502777781751423
2016-06-13T06:00:00Z,2.948055555754238
2016-06-13T07:00:00Z,3.2955555508534116
2016-06-13T08:00:00Z,3.8466666595803365
2016-06-13T09:00:00Z,4.464722216791577
2016-06-13T10:00:00Z,4.063611109058062
2016-06-13T11:00:00Z,4.9480555646949345
2016-06-13T12:00:00Z,4.838055556681421
2016-06-13T13:00:00Z,4.903888881868786
2016-06-13T14:00:00Z,5.278888881868786
2016-06-13T15:00:00Z,4.931388884782791
2016-06-13T16:00:00Z,4.3511111156808004
2016-06-13T17:00:00Z,3.7316666593154273
2016-06-13T18:00:00Z,2.6241666641500263
2016-06-13T19:00:00Z,3.1930555522441866
2016-06-13T20:00:00Z,3.147499993112352
2016-06-13T21:00:00Z,2.1105555521117316
2016-06-13T22:00:00Z,2.926388884252972
2016-06-13T23:00:00Z,2.3744444462988112
2016-06-14T00:00:00Z,2.6980501423307115
2016-06-14T01:00:00Z,3.1019444310002857
2016-06-14T02:00:00Z,2.8563888831271065
2016-06-14T03:00:00Z,3.1666666607062024
2016-06-14T04:00:00Z,2.9563888841205173
2016-06-14T05:00:00Z,3.6797222173876234
2016-06-14T06:00:00Z,3.836666667461395
2016-06-14T07:00:00Z,4.001944446894858
2016-06-14T08:00:00Z,3.9555555492639543
2016-06-14T09:00:00Z,4.12361109720336
2016-06-14T10:00:00Z,4.07888888253106
2016-06-14T11:00:00Z,4.544166668587261
2016-06-14T12:00:00Z,4.095277779632145
2016-06-14T13:00:00Z,3.9144444353050654
2016-06-14T14:00:00Z,4.608888886372248
2016-06-14T15:00:00Z,4.263055548071861
2016-06-14T16:00:00Z,4.593611104620828
2016-06-14T17:00:00Z,3.638333331545194
2016-06-14T18:00:00Z,3.3747222112284767
2016-06-14T19:00:00Z,3.1841666715012655
2016-06-14T20:00:00Z,2.5888888852463827
2016-06-14T21:00:00Z,2.2244444406694837
2016-06-14T22:00:00Z,2.407499994503127
2016-06-14T23:00:00Z,2.621111106210285
2016-06-15T00:00:00Z,2.5857938707372936
2016-06-15T01:00:00Z,2.3961111035611893
2016-06-15T02:00:00Z,2.3458333286974167
2016-06-15T03:00:00Z,2.1841666635539796
2016-06-15T04:00:00Z,2.396666661898295
2016-06-15T05:00:00Z,2.7841666668653486
2016-06-15T06:00:00Z,3.16861110760106
2016-06-15T07:00:00Z,3.7538888851801553
2016-06-15T08:00:00Z,3.7924999955627654
2016-06-15T09:00:00Z,3.751666671368811
2016-06-15T10:00:00Z,3.5136111127005685
2016-06-15T11:00:00Z,4.16249999139044
2016-06-15T12:00:00Z,5.979166655408012
2016-06-15T13:00:00Z,5.8566666728920405
2016-06-15T14:00:00Z,4.668055554231008
2016-06-15T15:00:00Z,3.992499996887313
2016-06-15T16:00:00Z,3.533888891670439
2016-06-15T17:00:00Z,4.165833323862818
2016-06-15T18:00:00Z,3.087222225136227
2016-06-15T19:00:00Z,2.2713888853788378
2016-06-15T20:00:00Z,2.2624999947018094
2016-06-15T21:00:00Z,2.071944437424342
2016-06-15T22:00:00Z,2.303611100713412
2016-06-15T23:00:00Z,2.3355555527740055
2016-06-16T00:00:00Z,1.5540389910049757
2016-06-16T01:00:00Z,0.8372222268539998
2016-06-16T02:00:00Z,1.0122222221146027
2016-06-16T03:00:00Z,0.8075000030299028
2016-06-16T04:00:00Z,0.7566666702222493
2016-06-16T05:00:00Z,0.7741666693033443
2016-06-16T06:00:00Z,1.1888888890130653
2016-06-16T07:00:00Z,1.7724999979138374
2016-06-16T08:00:00Z,2.1611111085448
2016-06-16T09:00:00Z,1.8341666661409868
2016-06-16T10:00:00Z,2.228055549909671
2016-06-16T11:00:00Z,1.6686111107054684
2016-06-16T12:00:00Z,2.038611110465394
2016-06-16T13:00:00Z,2.959166666803261
2016-06-16T14:00:00Z,2.1686111119058396
2016-06-16T15:00:00Z,1.9666666667494508
2016-06-16T16:00:00Z,2.7750000013245475
2016-06-16T17:00:00Z,1.3238888915214273
2016-06-16T18:00:00Z,2.0802777767181397
2016-06-16T19:00:00Z,1.537222217851215
2016-06-16T20:00:00Z,1.635277778075801
2016-06-16T21:00:00Z,1.096111112833023
2016-06-16T22:00:00Z,1.2666666669978035
2016-06-16T23:00:00Z,1.5783333318101036
2016-06-17T00:00:00Z,1.4947075192974804
2016-06-17T01:00:00Z,1.494999996986654
2016-06-17T02:00:00Z,1.845833323399226
2016-06-17T03:00:00Z,2.415555550489161
2016-06-17T04:00:00Z,2.2130555467473134
2016-06-17T05:00:00Z,1.899444441166189
2016-06-17T06:00:00Z,2.063055548402998
2016-06-17T07:00:00Z,2.5986111132635012
2016-06-17T08:00:00Z,3.442499996887313
2016-06-17T09:00:00Z,3.106388886438476
2016-06-17T10:00:00Z,3.2677777777115504
2016-06-17T11:00:00Z,3.1097222136126623
2016-06-17T12:00:00Z,3.041111113462183
2016-06-17T13:00:00Z,2.124166666302416
2016-06-17T14:00:00Z,3.596111112170749
2016-06-17T15:00:00Z,3.1852777719497682
2016-06-17T16:00:00Z,2.5416666630241607
2016-06-17T17:00:00Z,1.5897222228555217
2016-06-17T18:00:00Z,2.2055555527201958
2016-06-17T19:00:00Z,2.6566666697462398
2016-06-17T20:00:00Z,1.5749999975992575
2016-06-17T21:00:00Z,1.4538888847662343
2016-06-17T22:00:00Z,1.2027777754805153
2016-06-17T23:00:00Z,1.4072222222470574
2016-06-18T00:00:00Z,1.450974928469379
2016-06-18T01:00:00Z,1.1783333328862986
2016-06-18T02:00:00Z,1.1141666686369314
2016-06-18T03:00:00Z,1.4163888888226615
2016-06-18T04:00:00Z,1.6788888805442386
2016-06-18T05:00:00Z,2.015833328498734
2016-06-18T06:00:00Z,3.156944443451034
2016-06-18T07:00:00Z,3.121666669845581
2016-06-18T08:00:00Z,3.288611114025116
2016-06-18T09:00:00Z,2.5627777718835407
2016-06-18T10:00:00Z,3.182777772678269
2016-06-18T11:00:00Z,3.3841666681071123
2016-06-18T12:00:00Z,2.977222217122714
2016-06-18T13:00:00Z,2.4738888901140954
2016-06-18T14:00:00Z,2.948611111442248
2016-06-18T15:00:00Z,2.626388894352648
2016-06-18T16:00:00Z,1.912499989900324
2016-06-18T17:00:00Z,2.359999990794394
2016-06-18T18:00:00Z,1.7502777703934245
2016-06-18T19:00:00Z,1.8844444360997943
2016-06-18T20:00:00Z,1.9758333295583725
2016-06-18T21:00:00Z,2.343333324790001
2016-06-18T22:00:00Z,2.0658333322240248
2016-06-18T23:00:00Z,2.0469444442126488
2016-06-19T00:00:00Z,2.269637877894643
2016-06-19T01:00:00Z,2.129444444179535
2016-06-19T02:00:00Z,2.1691666586531535
2016-06-19T03:00:00Z,1.7413888841867446
2016-06-19T04:00:00Z,1.609722220732106
2016-06-19T05:00:00Z,1.5552777750624551
2016-06-19T06:00:00Z,1.9597222136126624
2016-06-19T07:00:00Z,2.085833328962326
2016-06-19T08:00:00Z,3.224722217188941
2016-06-19T09:00:00Z,4.137777774863773
2016-06-19T10:00:00Z,3.4486111091242897
2016-06-19T11:00:00Z,3.704722211923864
2016-06-19T12:00:00Z,4.138888884252972
2016-06-19T13:00:00Z,4.6277777708239025
2016-06-19T14:00:00Z,4.939722222089768
2016-06-19T15:00:00Z,4.722777773936589
2016-06-19T16:00:00Z,4.9919444461663565
2016-06-19T17:00:00Z,4.453888878888554
2016-06-19T18:00:00Z,3.7491666595141093
2016-06-19T19:00:00Z,4.244999995496538
2016-06-19T20:00:00Z,5.261666672097312
2016-06-19T21:00:00Z,5.113888898160723
2016-06-19T22:00:00Z,5.13111111720403
2016-06-19T23:00:00Z,5.826666663752662
2016-06-20T00:00:00Z,5.874373264631521
2016-06-20T01:00:00Z,6.164166669050853
2016-06-20T02:00:00Z,6.056111108594471
2016-06-20T03:00:00Z,5.443333340353436
2016-06-20T04:00:00Z,5.209166670507855
2016-06-20T05:00:00Z,4.855833328432507
2016-06-20T06:00:00Z,4.898055547475815
2016-06-20T07:00:00Z,5.095277776983049
2016-06-20T08:00:00Z,4.707222215996849
2016-06-20T09:00:00Z,4.398888890279664
2016-06-20T10:00:00Z,4.077499989668528
2016-06-20T11:00:00Z,3.633333338300387
2016-06-20T12:00:00Z,4.6000000062916016
2016-06-20T13:00:00Z,4.6963888823986055
2016-06-20T14:00:00Z,3.972222223215633
2016-06-20T15:00:00Z,5.08277777797646
2016-06-20T16:00:00Z,4.4336111169722345
2016-06-20T17:00:00Z,4.2952777753273645
2016-06-20T18:00:00Z,3.7824999951654013
2016-06-20T19:00:00Z,2.925555552376641
2016-06-20T20:00:00Z,3.079722222685814
2016-06-20T21:00:00Z,2.4036111030313703
2016-06-20T22:00:00Z,1.4324999957862827
2016-06-20T23:00:00Z,1.3138888850808144
2016-06-21T00:00:00Z,1.6183843986237614
2016-06-21T01:00:00Z,1.1752777797273464
2016-06-21T02:00:00Z,1.4811111083047257
2016-06-21T03:00:00Z,1.5786111055148973
2016-06-21T04:00:00Z,1.7186111079321966
2016-06-21T05:00:00Z,1.953055545522107
2016-06-21T06:00:00Z,2.316111104355918
2016-06-21T07:00:00Z,2.83194443848398
2016-06-21T08:00:00Z,3.1413888921340307
2016-06-21T09:00:00Z,3.7202777743339537
2016-06-21T10:00:00Z,3.347499998079406
2016-06-21T11:00:00Z,3.0441666692495346
2016-06-21T12:00:00Z,3.2730555504560472
2016-06-21T13:00:00Z,3.4222222179174424
2016-06-21T14:00:00Z,2.8733333322736954
2016-06-21T15:00:00Z,2.454722215731939
2016-06-21T16:00:00Z,3.7186111102501553
2016-06-21T17:00:00Z,4.350277768572171
2016-06-21T18:00:00Z,4.242222216063076
2016-06-21T19:00:00Z,3.5002777775128684
2016-06-21T20:00:00Z,3.442500000860956
2016-06-21T21:00:00Z,2.382499998807907
2016-06-21T22:00:00Z,2.594166659977701
2016-06-21T23:00:00Z,2.7558333300881914
2016-06-22T00:00:00Z,2.6214484693612228
2016-06-22T01:00:00Z,1.9044444411993027
2016-06-22T02:00:00Z,1.4844444372587733
2016-06-22T03:00:00Z,0.8913888898574643
2016-06-22T04:00:00Z,0.6819444480248623
2016-06-22T05:00:00Z,1.4263888882266151
2016-06-22T06:00:00Z,1.303888885055979
2016-06-22T07:00:00Z,2.4827777764863437
2016-06-22T08:00:00Z,3.7783333321412402
2016-06-22T09:00:00Z,3.7675000035100514
2016-06-22T10:00:00Z,3.979166669978036
2016-06-22T11:00:00Z,3.879166673289405
2016-06-22T12:00:00Z,4.967777776055866
2016-06-22T13:00:00Z,4.707777770360311
2016-06-22T14:00:00Z,4.245277771353722
2016-06-22T15:00:00Z,3.526388888557752
2016-06-22T16:00:00Z,2.7566666619645224
2016-06-22T17:00:00Z,2.028333325849639
2016-06-22T18:00:00Z,2.3891666637526616
2016-06-22T19:00:00Z,1.6388888850808143
2016-06-22T20:00:00Z,1.2916666633552976
2016-06-22T21:00:00Z,1.647222215992709
2016-06-22T22:00:00Z,0.7927777775045898
2016-06-22T23:00:00Z,0.6044444469735026
2016-06-23T00:00:00Z,0.8504178283481877
2016-06-23T01:00:00Z,1.1944444468658832
2016-06-23T02:00:00Z,0.8177777795328034
2016-06-23T03:00:00Z,0.6236111145466566
2016-06-23T04:00:00Z,1.1286111113925774
2016-06-23T05:00:00Z,0.7266666697338223
2016-06-23T06:00:00Z,1.2733333309905397
2016-06-23T07:00:00Z,1.337777775277694
2016-06-23T08:00:00Z,1.6666666575604014
2016-06-23T09:00:00Z,1.5761111102170415
2016-06-23T10:00:00Z,1.8955555510189799
2016-06-23T11:00:00Z,2.0411111012101175
2016-06-23T12:00:00Z,0.959722223236329
2016-06-23T13:00:00Z,1.3986111102211807
2016-06-23T14:00:00Z,1.8038888846006658
2016-06-23T15:00:00Z,1.891111105018192
2016-06-23T16:00:00Z,1.5383333298895094
2016-06-23T17:00:00Z,2.849722216526667
2016-06-23T18:00:00Z,2.7880555513832306
2016-06-23T19:00:00Z,2.9416666587193805
2016-06-23T20:00:00Z,2.705555550588502
2016-06-23T21:00:00Z,3.0297222206989924
2016-06-23T22:00:00Z,2.1841666605737475
2016-06-23T23:00:00Z,2.8591666655408012
2016-06-24T00:00:00Z,2.2025069617627393
2016-06-24T01:00:00Z,2.2569444371594325
2016-06-24T02:00:00Z,1.6938888842033015
2016-06-24T03:00:00Z,1.668055550278061
2016-06-24T04:00:00Z,1.3502777779681816
2016-06-24T05:00:00Z,2.0858333266443676
2016-06-24T06:00:00Z,3.241944440205892
2016-06-24T07:00:00Z,3.1811111079321965
2016-06-24T08:00:00Z,3.7211111105150647
2016-06-24T09:00:00Z,3.863611109389199
2016-06-24T10:00:00Z,4.7227777732743155
2016-06-24T11:00:00Z,5.025833339823617
2016-06-24T12:00:00Z,5.667777793274985
2016-06-24T13:00:00Z,5.329166662693024
2016-06-24T14:00:00Z,6.990555581781599
2016-06-24T15:00:00Z,6.507222229242325
2016-06-24T16:00:00Z,4.359166667362055
2016-06-24T17:00:00Z,2.2966666628089216
2016-06-24T18:00:00Z,1.7427777767181396
2016-06-24T19:00:00Z,1.632499999139044
2016-06-24T20:00:00Z,1.93416665709681
2016-06-24T21:00:00Z,1.9255555480718614
2016-06-24T22:00:00Z,2.112777767909898
2016-06-24T23:00:00Z,2.1505555503898197
2016-06-25T00:00:00Z,1.7805013847342772
2016-06-25T01:00:00Z,1.2497222256536284
2016-06-25T02:00:00Z,2.1252777725458145
2016-06-25T03:00:00Z,1.87194444619947
2016-06-25T04:00:00Z,2.791111109654109
2016-06-25T05:00:00Z,3.197500001059638
2016-06-25T06:00:00Z,2.8538888845178816
2016-06-25T07:00:00Z,2.616666665010982
2016-06-25T08:00:00Z,3.104722223016951
2016-06-25T09:00:00Z,2.715833328333166
2016-06-25T10:00:00Z,2.1119444417249826
2016-06-25T11:00:00Z,1.254444441344175
2016-06-25T12:00:00Z,2.8763888885577518
2016-06-25T13:00:00Z,2.0063888874318865
2016-06-25T14:00:00Z,2.2869444414145415
2016-06-25T15:00:00Z,1.9211111030851802
2016-06-25T16:00:00Z,1.1427777782082558
2016-06-25T17:00:00Z,1.9916666558219327
2016-06-25T18:00:00Z,2.5333333205845623
2016-06-25T19:00:00Z,2.4708333177698982
2016-06-25T20:00:00Z,2.1969444452060594
2016-06-25T21:00:00Z,1.8563888808091482
2016-06-25T22:00:00Z,1.8266666581233342
2016-06-25T23:00:00Z,2.143055549098386
2016-06-26T00:00:00Z,2.3760445642604138
2016-06-26T01:00:00Z,2.28777777089013
2016-06-26T02:00:00Z,2.500555548402998
2016-06-26T03:00:00Z,2.1863888856437472
2016-06-26T04:00:00Z,1.6972222169240316
2016-06-26T05:00:00Z,1.710555550456047
2016-06-26T06:00:00Z,1.9944444422713585
2016-06-26T07:00:00Z,3.1124999950329464
2016-06-26T08:00:00Z,2.812777777678437
2016-06-26T09:00:00Z,3.098333324657546
2016-06-26T10:00:00Z,4.3577777723471325
2016-06-26T11:00:00Z,5.428888896438811
2016-06-26T12:00:00Z,6.432777783605787
2016-06-26T13:00:00Z,5.164166659779019
2016-06-26T14:00:00Z,4.237222222818269
2016-06-26T15:00:00Z,4.528055551317003
2016-06-26T16:00:00Z,2.989999999602636
2016-06-26T17:00:00Z,2.4977777749300003
2016-06-26T18:00:00Z,3.0400000009271833
2016-06-26T19:00:00Z,4.226111108064652
2016-06-26T20:00:00Z,3.9305555416478053
2016-06-26T21:00:00Z,3.753888883524471
2016-06-26T22:00:00Z,3.722222218579716
2016-06-26T23:00:00Z,3.3749999976820417
2016-06-27T00:00:00Z,3.382451250692596
2016-06-27T01:00:00Z,3.333055556482739
2016-06-27T02:00:00Z,3.5605555481380886
2016-06-27T03:00:00Z,2.465277779764599
2016-06-27T04:00:00Z,3.1061111062765123
2016-06-27T05:00:00Z,2.81222221619553
2016-06-27T06:00:00Z,3.5175000088082418
2016-06-27T07:00:00Z,3.8897222191095353
2016-06-27T08:00:00Z,4.39027777115504
2016-06-27T09:00:00Z,4.76750000152323
2016-06-27T10:00:00Z,4.86027778784434
2016-06-27T11:00:00Z,5.184166669514444
2016-06-27T12:00:00Z,4.980555562840568
2016-06-27T13:00:00Z,4.727500003245142
2016-06-27T14:00:00Z,4.6380555563502845
2016-06-27T15:00:00Z,4.422500001059638
2016-06-27T16:00:00Z,3.925555560986201
2016-06-27T17:00:00Z,3.108888888441854
2016-06-27T18:00:00Z,3.4261111040910084
2016-06-27T19:00:00Z,2.654444443186124
2016-06-27T20:00:00Z,2.3919444408681656
2016-06-27T21:00:00Z,2.2647222164604397
2016-06-27T22:00:00Z,2.4702777713537216
2016-06-27T23:00:00Z,1.831111108428902
2016-06-28T00:00:00Z,1.325069640340247
2016-06-28T01:00:00Z,0.9163888919063741
2016-06-28T02:00:00Z,1.2530555544007156
2016-06-28T03:00:00Z,0.8719444452474515
2016-06-28T04:00:00Z,0.5836111154614223
2016-06-28T05:00:00Z,0.4144444481780132
2016-06-28T06:00:00Z,0.2711111142196589
2016-06-28T07:00:00Z,1.1072222246478
2016-06-28T08:00:00Z,2.5247222137120033
2016-06-28T09:00:00Z,3.834444441066848
2016-06-28T10:00:00Z,4.420833335651292
2016-06-28T11:00:00Z,4.734166678786278
2016-06-28T12:00:00Z,5.743055557542377
2016-06-28T13:00:00Z,5.414722228050232
2016-06-28T14:00:00Z,4.380555558204651
2016-06-28T15:00:00Z,4.969444441795349
2016-06-28T16:00:00Z,5.376944449212816
2016-06-28T17:00:00Z,6.38527778784434
2016-06-28T18:00:00Z,6.16388889948527
2016-06-28T19:00:00Z,6.7938888953791725
2016-06-28T20:00:00Z,7.125833341148165
2016-06-28T21:00:00Z,8.684444444709355
2016-06-28T22:00:00Z,6.189722239971161
2016-06-28T23:00:00Z,5.573333328300052
2016-06-29T00:00:00Z,3.238440107502313
2016-06-29T01:00:00Z,2.710833329955737
2016-06-29T02:00:00Z,3.0397222210963566
2016-06-29T03:00:00Z,2.5602777782413693
2016-06-29T04:00:00Z,2.7883333328697417
2016-06-29T05:00:00Z,2.386111109289858
2016-06-29T06:00:00Z,4.0133333305517835
2016-06-29T07:00:00Z,4.35527777771155
2016-06-29T08:00:00Z,5.532222221295039
2016-06-29T09:00:00Z,5.400000001324548
2016-06-29T10:00:00Z,6.694722228580051
2016-06-29T11:00:00Z,7.301944450537364
2016-06-29T12:00:00Z,7.10583333240615
2016-06-29T13:00:00Z,6.217222224341499
2016-06-29T14:00:00Z,6.174722236394882
2016-06-29T15:00:00Z,5.953055559926563
2016-06-29T16:00:00Z,5.6850000000662275
2016-06-29T17:00:00Z,5.446666665209664
2016-06-29T18:00:00Z,5.555555558866924
2016-06-29T19:00:00Z,5.278888892465168
2016-06-29T20:00:00Z,5.452499996953541
2016-06-29T21:00:00Z,4.881388894054624
2016-06-29T22:00:00Z,3.9072222183148066
2016-06-29T23:00:00Z,3.31222221089734
2016-06-30T00:00:00Z,2.853203339497027
2016-06-30T01:00:00Z,2.528055555290646
2016-06-30T02:00:00Z,2.2049999912579854
2016-06-30T03:00:00Z,1.8199999880459574
2016-06-30T04:00:00Z,1.761388885974884
2016-06-30T05:00:00Z,2.0055555494295225
2016-06-30T06:00:00Z,1.6688888849069674
2016-06-30T07:00:00Z,2.488333331214057
2016-06-30T08:00:00Z,3.200833332207468
2016-06-30T09:00:00Z,3.6441666732231774
2016-06-30T10:00:00Z,4.0141666594478815
2016-06-30T11:00:00Z,4.700277770558993
2016-06-30T12:00:00Z,4.684166651964188
2016-06-30T13:00:00Z,5.041388888491524
2016-06-30T14:00:00Z,6.106388894054625
2016-06-30T15:00:00Z,5.865833334790336
2016-06-30T16:00:00Z,5.783333337306976
2016-06-30T17:00:00Z,6.206388883458244
2016-06-30T18:00:00Z,4.980277782678604
2016-06-30T19:00:00Z,5.351944445901447
2016-06-30T20:00:00Z,6.233888887034523
2016-06-30T21:00:00Z,6.089166658454471
2016-06-30T22:00:00Z,5.9963888883590695
2016-06-30T23:00:00Z,5.709166665209664
2016-07-01T00:00:00Z,6.314484671961963
2016-07-01T01:00:00Z,5.9483333388964335
2016-07-01T02:00:00Z,5.397222216924032
2016-07-01T03:00:00Z,4.872777781221601
2016-07-01T04:00:00Z,3.910555562708113
2016-07-01T05:00:00Z,2.865555557939741
2016-07-01T06:00:00Z,2.909166662560569
2016-07-01T07:00:00Z,4.169722214010027
2016-07-01T08:00:00Z,3.9283333275053236
2016-07-01T09:00:00Z,4.661111102170414
2016-07-01T10:00:00Z,4.032499999801318
2016-07-01T11:00:00Z,4.6750000009934105
2016-07-01T12:00:00Z,5.088055561979612
2016-07-01T13:00:00Z,6.727222250567542
2016-07-01T14:00:00Z,4.901388889551162
2016-07-01T15:00:00Z,4.634999995099173
2016-07-01T16:00:00Z,4.959722220235401
2016-07-01T17:00:00Z,4.907777772015995
2016-07-01T18:00:00Z,4.379166668653488
2016-07-01T19:00:00Z,4.525555566946665
2016-07-01T20:00:00Z,3.1625000102652443
2016-07-01T21:00:00Z,4.7086111028989155
2016-07-01T22:00:00Z,4.393055548270543
2016-07-01T23:00:00Z,5.028055553303824
2016-07-02T00:00:00Z,4.590807801169605
2016-07-02T01:00:00Z,4.076111107402378
2016-07-02T02:00:00Z,3.7394444511996374
2016-07-02T03:00:00Z,4.101388883590698
2016-07-02T04:00:00Z,3.797777787513203
2016-07-02T05:00:00Z,3.9097222175863053
2016-07-02T06:00:00Z,4.258055555489328
2016-07-02T07:00:00Z,4.614444439278708
2016-07-02T08:00:00Z,4.566944458418423
2016-07-02T09:00:00Z,4.87777777645323
2016-07-02T10:00:00Z,6.461111113097933
2016-07-02T11:00:00Z,6.529444452789095
2016-07-02T12:00:00Z,6.591666683885786
2016-07-02T13:00:00Z,6.613055558337106
2016-07-02T14:00:00Z,5.313055560986201
2016-07-02T15:00:00Z,5.345000003443824
2016-07-02T16:00:00Z,5.314444459146923
2016-07-02T17:00:00Z,5.165000014503797
2016-07-02T18:00:00Z,4.53333333796925
2016-07-02T19:00:00Z,3.8991666648123
2016-07-02T20:00:00Z,2.8561111092567444
2016-07-02T21:00:00Z,2.3874999937083987
2016-07-02T22:00:00Z,2.273888882994652
2016-07-02T23:00:00Z,2.342777768274148
2016-07-03T00:00:00Z,1.8467966517366075
2016-07-03T01:00:00Z,2.7236111091242896
2016-07-03T02:00:00Z,2.556388890080982
2016-07-03T03:00:00Z,2.4802777773804134
2016-07-03T04:00:00Z,2.156111106276512
2016-07-03T05:00:00Z,2.5822222226195866
2016-07-03T06:00:00Z,2.8972222202354008
2016-07-03T07:00:00Z,2.6038888807098073
2016-07-03T08:00:00Z,2.6916666645142766
2016-07-03T09:00:00Z,3.479999993575944
2016-07-03T10:00:00Z,3.478611109654109
2016-07-03T11:00:00Z,3.47222222354677
2016-07-03T12:00:00Z,3.3072222255998187
2016-07-03T13:00:00Z,4.070277765724394
2016-07-03T14:00:00Z,3.7269444316625595
2016-07-03T15:00:00Z,3.316111107832856
2016-07-03T16:00:00Z,3.371111101905505
2016-07-03T17:00:00Z,3.341111112965478
2016-07-03T18:00:00Z,3.4711111115084754
2016-07-03T19:00:00Z,2.896666661898295
2016-07-03T20:00:00Z,2.2602777724464733
2016-07-03T21:00:00Z,2.5286111099852455
2016-07-03T22:00:00Z,2.116388882862197
2016-07-03T23:00:00Z,1.8997222152021196
2016-07-04T00:00:00Z,1.807520886317601
2016-07-04T01:00:00Z,1.0816666684216922
2016-07-04T02:00:00Z,0.8294444464561012
2016-07-04T03:00:00Z,0.6886111155359281
2016-07-04T04:00:00Z,1.0108333374891016
2016-07-04T05:00:00Z,0.2816666697048479
2016-07-04T06:00:00Z,1.4888888843564523
2016-07-04T07:00:00Z,2.6824999959932434
2016-07-04T08:00:00Z,3.024722221162584
2016-07-04T09:00:00Z,3.6772222250699995
2016-07-04T10:00:00Z,3.1558333337306976
2016-07-04T11:00:00Z,3.1863888949155807
2016-07-04T12:00:00Z,4.691666659712792
2016-07-04T13:00:00Z,5.125833344459534
2016-07-04T14:00:00Z,3.913055565622118
2016-07-04T15:00:00Z,4.409722222884496
2016-07-04T16:00:00Z,4.478611107667287
2016-07-04T17:00:00Z,4.236111112435659
2016-07-04T18:00:00Z,4.939444437954161
2016-07-04T19:00:00Z,4.2369444496101805
2016-07-04T20:00:00Z,3.8647222257322733
2016-07-04T21:00:00Z,4.1013888832595615
2016-07-04T22:00:00Z,4.117499997880723
2016-07-04T23:00:00Z,3.97611111038261
2016-07-05T00:00:00Z,4.307799449206063
2016-07-05T01:00:00Z,3.7927777724133596
2016-07-05T02:00:00Z,3.421111112833023
2016-07-05T03:00:00Z,3.334722219904264
2016-07-05T04:00:00Z,3.521666658255789
2016-07-05T05:00:00Z,3.3216666602426104
2016-07-05T06:00:00Z,4.114444447225995
2016-07-05T07:00:00Z,4.150555551528103
2016-07-05T08:00:00Z,4.6675000028477776
2016-07-05T09:00:00Z,4.724444456232918
2016-07-05T10:00:00Z,4.396111103561189
2016-07-05T11:00:00Z,4.407222221626176
2016-07-05T12:00:00Z,3.576388886488146
2016-07-05T13:00:00Z,3.5375000060432487
2016-07-05T14:00:00Z,3.5988888800144196
2016-07-05T15:00:00Z,3.409722221063243
2016-07-05T16:00:00Z,3.6749999950329464
2016-07-05T17:00:00Z,3.638333331876331
2016-07-05T18:00:00Z,3.908611110183928
2016-07-05T19:00:00Z,3.2088888867033853
2016-07-05T20:00:00Z,2.3266666664017572
2016-07-05T21:00:00Z,2.2688888861073386
2016-07-05T22:00:00Z,1.3561111107468604
2016-07-05T23:00:00Z,1.9666666587193806
2016-07-06T00:00:00Z,1.156545957047129
2016-07-06T01:00:00Z,1.0327777796321445
2016-07-06T02:00:00Z,0.9888888906687499
2016-07-06T03:00:00Z,0.7425000027236012
2016-07-06T04:00:00Z,1.0600000003973642
2016-07-06T05:00:00Z,0.6688888933302628
2016-07-06T06:00:00Z,0.6863888916662998
2016-07-06T07:00:00Z,0.6355555608868599
2016-07-06T08:00:00Z,1.225555554466943
2016-07-06T09:00:00Z,1.3308333336065212
2016-07-06T10:00:00Z,1.188055553783973
2016-07-06T11:00:00Z,1.1547222225409415
2016-07-06T12:00:00Z,1.083611111363603
2016-07-06T13:00:00Z,1.410833332894577
2016-07-06T14:00:00Z,1.4688888893566199
2016-07-06T15:00:00Z,1.1608333309077554
2016-07-06T16:00:00Z,1.1552777789740099
2016-07-06T17:00:00Z,2.2463888847165636
2016-07-06T18:00:00Z,3.6247222198380364
2016-07-06T19:00:00Z,3.091944443186124
2016-07-06T20:00:00Z,2.3633333272404142
2016-07-06T21:00:00Z,2.026944438782003
2016-07-06T22:00:00Z,1.2241666681857573
2016-07-06T23:00:00Z,1.0102777801867988
2016-07-07T00:00:00Z,0.5498607279447459
2016-07-07T01:00:00Z,1.4869444420768154
2016-07-07T02:00:00Z,1.1052777777529426
2016-07-07T03:00:00Z,1.3447222236336933
2016-07-07T04:00:00Z,1.4522222215102778
2016-07-07T05:00:00Z,2.0494444395105043
2016-07-07T06:00:00Z,2.532499996986654
2016-07-07T07:00:00Z,3.1047222110960218
2016-07-07T08:00:00Z,2.986944442656305
2016-07-07T09:00:00Z,3.500000010927518
2016-07-07T10:00:00Z,3.277500002665652
2016-07-07T11:00:00Z,3.600555550720957
2016-07-07T12:00:00Z,4.078888890643914
2016-07-07T13:00:00Z,4.343611110581292
2016-07-07T14:00:00Z,4.2522222134802075
2016-07-07T15:00:00Z,4.4027777814202835
2016-07-07T16:00:00Z,4.238611103428735
2016-07-07T17:00:00Z,4.04611109594504
2016-07-07T18:00:00Z,3.3511111074023776
2016-07-07T19:00:00Z,2.811111107468605
2016-07-07T20:00:00Z,2.0333333240614997
2016-07-07T21:00:00Z,2.6052777727444965
2016-07-07T22:00:00Z,2.796111106210285
2016-07-07T23:00:00Z,2.6347222212288113
2016-07-08T00:00:00Z,2.5005570995442383
2016-07-08T01:00:00Z,1.917222216228644
2016-07-08T02:00:00Z,2.8324999938408535
2016-07-08T03:00:00Z,3.529722211096022
2016-07-08T04:00:00Z,3.7486111114422482
2016-07-08T05:00:00Z,3.9136111080646514
2016-07-08T06:00:00Z,4.709166669845581
2016-07-08T07:00:00Z,4.995833330684238
2016-07-08T08:00:00Z,5.600000001986822
2016-07-08T09:00:00Z,6.595277775658501
2016-07-08T10:00:00Z,6.526111101441913
2016-07-08T11:00:00Z,6.162499999337726
2016-07-08T12:00:00Z,6.997777788506614
2016-07-08T13:00:00Z,6.742500017748939
2016-07-08T14:00:00Z,6.039999999933773
2016-07-08T15:00:00Z,5.6688888953791725
2016-07-08T16:00:00Z,5.063888883259561
2016-07-08T17:00:00Z,4.914166655474239
2016-07-08T18:00:00Z,4.274722217520078
2016-07-08T19:00:00Z,3.6155555536349615
2016-07-08T20:00:00Z,3.0502777722146774
2016-07-08T21:00:00Z,2.206944439622263
2016-07-08T22:00:00Z,1.8127777715317077
2016-07-08T23:00:00Z,2.2774999933110345
2016-07-09T00:00:00Z,0.8983286910360903
2016-07-09T01:00:00Z,1.8283333256012864
2016-07-09T02:00:00Z,2.1286111103163825
2016-07-09T03:00:00Z,2.975555560986201
2016-07-09T04:00:00Z,3.527222219109535
2016-07-09T05:00:00Z,3.991666669315762
2016-07-09T06:00:00Z,5.181388889418708
2016-07-09T07:00:00Z,4.189166669713126
2016-07-09T08:00:00Z,5.11972223189142
2016-07-09T09:00:00Z,7.075000000662274
2016-07-09T10:00:00Z,6.7213888777626885
2016-07-09T11:00:00Z,6.928611115614573
2016-07-09T12:00:00Z,6.296388901604546
2016-07-09T13:00:00Z,6.994166682826148
2016-07-09T14:00:00Z,7.6541666487852735
2016-07-09T15:00:00Z,6.953333321544859
2016-07-09T16:00:00Z,6.87527777089013
2016-07-09T17:00:00Z,7.182500012053383
2016-07-09T18:00:00Z,6.342499994569355
2016-07-09T19:00:00Z,5.2386111067401036
2016-07-09T20:00:00Z,4.298055555754238
2016-07-09T21:00:00Z,4.176944444908036
2016-07-09T22:00:00Z,4.00583333240615
2016-07-09T23:00:00Z,5.100555547740725
2016-07-10T00:00:00Z,5.272701942821067
2016-07-10T01:00:00Z,5.474444437026977
2016-07-10T02:00:00Z,6.377777781751421
2016-07-10T03:00:00Z,5.585555560721291
2016-07-10T04:00:00Z,4.649722227785323
2016-07-10T05:00:00Z,4.20583333240615
2016-07-10T06:00:00Z,4.747500003708733
2016-07-10T07:00:00Z,4.728055564231343
2016-07-10T08:00:00Z,4.218611105945375
2016-07-10T09:00:00Z,5.657777786917157
2016-07-10T10:00:00Z,5.39500000278155
2016-07-10T11:00:00Z,6.561111106475194
2016-07-10T12:00:00Z,7.156944437159432
2016-07-10T13:00:00Z,7.343888888756434
2016-07-10T14:00:00Z,7.491111122899586
2016-07-10T15:00:00Z,7.597222230831782
2016-07-10T16:00:00Z,7.668888883458243
2016-07-10T17:00:00Z,7.570555572377311
2016-07-10T18:00:00Z,6.55694444709354
2016-07-10T19:00:00Z,6.939166659116745
2016-07-10T20:00:00Z,7.596666661236021
2016-07-10T21:00:00Z,6.0466666870647
2016-07-10T22:00:00Z,5.456944430536694
2016-07-10T23:00:00Z,6.518611110581292
2016-07-11T00:00:00Z,6.409470742127358
2016-07-11T01:00:00Z,6.446111107534833
2016-07-11T02:00:00Z,6.201111114687389
2016-07-11T03:00:00Z,6.598888901207182
2016-07-11T04:00:00Z,6.7536111116409305
2016-07-11T05:00:00Z,6.2491666667991215
2016-07-11T06:00:00Z,7.33527777393659
2016-07-11T07:00:00Z,6.148888897895813
2016-07-11T08:00:00Z,6.679722236262427
2016-07-11T09:00:00Z,6.481388890743256
2016-07-11T10:00:00Z,6.451944451861912
2016-07-11T11:00:00Z,6.1744444462988115
2016-07-11T12:00:00Z,7.148611101839277
2016-07-11T13:00:00Z,4.787777778175142
2016-07-11T14:00:00Z,4.910833332935969
2016-07-11T15:00:00Z,4.5438888986905415
2016-07-11T16:00:00Z,4.485833347174856
2016-07-11T17:00:00Z,4.4286110987265905
2016-07-11T18:00:00Z,3.93055555290646
2016-07-11T19:00:00Z,2.970833330353101
2016-07-11T20:00:00Z,2.2799999945900504
2016-07-11T21:00:00Z,2.302499996456835
2016-07-11T22:00:00Z,1.5055555560522609
2016-07-11T23:00:00Z,1.6361111051506467
2016-07-12T00:00:00Z,2.0094707453815386
2016-07-12T01:00:00Z,2.5191666695806716
2016-07-12T02:00:00Z,2.7416666673289405
2016-07-12T03:00:00Z,2.456111110912429
2016-07-12T04:00:00Z,2.365277781089147
2016-07-12T05:00:00Z,2.810833328631189
2016-07-12T06:00:00Z,3.90055555999279
2016-07-12T07:00:00Z,3.950277772214678
2016-07-12T08:00:00Z,4.150833326247003
2016-07-12T09:00:00Z,4.378888880544238
2016-07-12T10:00:00Z,3.4383333338631523
2016-07-12T11:00:00Z,3.428888891471757
2016-07-12T12:00:00Z,3.428888887498114
2016-07-12T13:00:00Z,4.253055569198397
2016-07-12T14:00:00Z,4.161111111773385
2016-07-12T15:00:00Z,2.455833326011068
2016-07-12T16:00:00Z,2.5188888852588005
2016-07-12T17:00:00Z,4.9286111205816265
2016-07-12T18:00:00Z,2.751388896132509
2016-07-12T19:00:00Z,3.1727777729431788
2016-07-12T20:00:00Z,2.1199999948342643
2016-07-12T21:00:00Z,1.7233333281344838
2016-07-12T22:00:00Z,2.5144444369607504
2016-07-12T23:00:00Z,1.9697222146723006
2016-07-13T00:00:00Z,2.56935933207403
2016-07-13T01:00:00Z,2.7819444391462538
2016-07-13T02:00:00Z,2.507777774002817
2016-07-13T03:00:00Z,1.889999994304445
2016-07-13T04:00:00Z,1.2405555541316668
2016-07-13T05:00:00Z,1.513333325833082
2016-07-13T06:00:00Z,1.830555551416344
2016-07-13T07:00:00Z,2.344999997317791
2016-07-13T08:00:00Z,3.063055556515853
2016-07-13T09:00:00Z,4.267222217056486
2016-07-13T10:00:00Z,4.018611109919018
2016-07-13T11:00:00Z,3.4769444477227
2016-07-13T12:00:00Z,3.6927777748968866
2016-07-13T13:00:00Z,4.4041666759385
2016-07-13T14:00:00Z,4.42888889213403
2016-07-13T15:00:00Z,2.9641666614347035
2016-07-13T16:00:00Z,3.4136111044221455
2016-07-13T17:00:00Z,1.6163888895470235
2016-07-13T18:00:00Z,1.0577777795286643
2016-07-13T19:00:00Z,1.7088888850477006
2016-07-13T20:00:00Z,1.9258333245913188
2016-07-13T21:00:00Z,2.3616666634877523
2016-07-13T22:00:00Z,2.139166659447882
2016-07-13T23:00:00Z,2.3438888877630233
2016-07-14T00:00:00Z,1.9590529213376695
2016-07-14T01:00:00Z,1.806111106938786
2016-07-14T02:00:00Z,0.8147222246767746
2016-07-14T03:00:00Z,1.3941666673454973
2016-07-14T04:00:00Z,1.1949999989113873
2016-07-14T05:00:00Z,1.1883333349393475
2016-07-14T06:00:00Z,2.4141666692164208
2016-07-14T07:00:00Z,3.229444441199303
2016-07-14T08:00:00Z,3.7413888855112925
2016-07-14T09:00:00Z,3.4319444465140503
2016-07-14T10:00:00Z,3.0699999956621062
2016-07-14T11:00:00Z,3.737222217188941
2016-07-14T12:00:00Z,3.127499993642171
2016-07-14T13:00:00Z,2.9469444475240176
2016-07-14T14:00:00Z,2.5980555514494577
2016-07-14T15:00:00Z,2.2997222161955304
2016-07-14T16:00:00Z,1.9955555479559632
2016-07-14T17:00:00Z,2.7208333308084143
2016-07-14T18:00:00Z,2.0224999927812153
2016-07-14T19:00:00Z,3.168611108428902
2016-07-14T20:00:00Z,2.3438888837893805
2016-07-14T21:00:00Z,1.9547222230169508
2016-07-14T22:00:00Z,2.6447222183148065
2016-07-14T23:00:00Z,2.7044444421927136
2016-07-15T00:00:00Z,2.8055710194834758
2016-07-15T01:00:00Z,2.5522222187783985
2016-07-15T02:00:00Z,1.5458333311809433
2016-07-15T03:00:00Z,1.7144444377885923
2016-07-15T04:00:00Z,1.773333326809936
2016-07-15T05:00:00Z,1.5674999958939022
2016-07-15T06:00:00Z,1.901666659447882
2016-07-15T07:00:00Z,2.553888884186745
2016-07-15T08:00:00Z,3.12777778075801
2016-07-15T09:00:00Z,4.012222214539846
2016-07-15T10:00:00Z,3.9908333328035144
2016-07-15T11:00:00Z,4.5161111030313705
2016-07-15T12:00:00Z,4.461666668785943
2016-07-15T13:00:00Z,4.286388890941938
2016-07-15T14:00:00Z,3.9111111121045217
2016-07-15T15:00:00Z,4.184166666865349
2016-07-15T16:00:00Z,3.3311111195219887
2016-07-15T17:00:00Z,3.567500004834599
2016-07-15T18:00:00Z,2.895833337638113
2016-07-15T19:00:00Z,3.1005555586682427
2016-07-15T20:00:00Z,3.344722224937545
2016-07-15T21:00:00Z,2.5588888867033854
2016-07-15T22:00:00Z,2.6361111130979324
2016-07-15T23:00:00Z,2.327777773472998
2016-07-16T00:00:00Z,2.923398322049622
2016-07-16T01:00:00Z,3.227777773141861
2016-07-16T02:00:00Z,2.98972221646044
2016-07-16T03:00:00Z,2.6566666616333854
2016-07-16T04:00:00Z,1.8886111048360665
2016-07-16T05:00:00Z,1.8238888882514503
2016-07-16T06:00:00Z,3.201111106740104
2016-07-16T07:00:00Z,3.3263888869020675
2016-07-16T08:00:00Z,3.6899999966224035
2016-07-16T09:00:00Z,3.895277777314186
2016-07-16T10:00:00Z,4.191944445504083
2016-07-16T11:00:00Z,3.6638888902134363
2016-07-16T12:00:00Z,3.7005555523766414
2016-07-16T13:00:00Z,3.7272222144736182
2016-07-16T14:00:00Z,3.182777773009406
2016-07-16T15:00:00Z,2.146666662229432
2016-07-16T16:00:00Z,3.39749999013212
2016-07-16T17:00:00Z,3.7100000027153226
2016-07-16T18:00:00Z,3.5433333228031794
2016-07-16T19:00:00Z,3.0016666624281143
2016-07-16T20:00:00Z,1.9499999943706725
2016-07-16T21:00:00Z,1.2527777795576387
2016-07-16T22:00:00Z,2.321111105548011
2016-07-16T23:00:00Z,2.0733333312802844
2016-07-17T00:00:00Z,2.155431752749472
2016-07-17T01:00:00Z,2.1627777732080884
2016-07-17T02:00:00Z,2.414722217122714
2016-07-17T03:00:00Z,2.3113888868027264
2016-07-17T04:00:00Z,1.303611110150814
2016-07-17T05:00:00Z,1.2713888884625502
2016-07-17T06:00:00Z,1.8427777763870028
2016-07-17T07:00:00Z,3.3161111099852456
2016-07-17T08:00:00Z,3.7266666644149358
2016-07-17T09:00:00Z,4.133333336644703
2016-07-17T10:00:00Z,4.5497222145398455
2016-07-17T11:00:00Z,4.814999990993076
2016-07-17T12:00:00Z,4.855833335717519
2016-07-17T13:00:00Z,4.130555553237597
2016-07-17T14:00:00Z,4.516388889153799
2016-07-17T15:00:00Z,4.230833330419329
2016-07-17T16:00:00Z,4.986666671103901
2016-07-17T17:00:00Z,4.781111110912429
2016-07-17T18:00:00Z,4.515833333465788
2016-07-17T19:00:00Z,3.360000001390775
2016-07-17T20:00:00Z,2.689722219109535
2016-07-17T21:00:00Z,2.4866666638188892
2016-07-17T22:00:00Z,1.617222217967113
2016-07-17T23:00:00Z,1.9977777745988634
2016-07-18T00:00:00Z,1.2818941532071255
2016-07-18T01:00:00Z,1.618055549201866
2016-07-18T02:00:00Z,1.589722221593062
2016-07-18T03:00:00Z,0.9833333338300387
2016-07-18T04:00:00Z,1.0591666698662772
2016-07-18T05:00:00Z,0.7350000027567148
2016-07-18T06:00:00Z,0.6430555595085025
2016-07-18T07:00:00Z,0.48388889332612356
2016-07-18T08:00:00Z,1.0849999993211694
2016-07-18T09:00:00Z,1.2266666662775807
2016-07-18T10:00:00Z,1.4530555499924553
2016-07-18T11:00:00Z,1.5299999953558048
2016-07-18T12:00:00Z,1.6086111067690783
2016-07-18T13:00:00Z,1.8002777797066503
2016-07-18T14:00:00Z,1.4661111065703962
2016-07-18T15:00:00Z,1.3905555543386274
2016-07-18T16:00:00Z,1.574722219734556
2016-07-18T17:00:00Z,3.319166658963594
2016-07-18T18:00:00Z,3.2424999912579855
2016-07-18T19:00:00Z,2.2913888848490185
2016-07-18T20:00:00Z,0.8449999999875824
2016-07-18T21:00:00Z,0.7619444473543101
2016-07-18T22:00:00Z,1.4266666642493673
2016-07-18T23:00:00Z,1.549999998178747
2016-07-19T00:00:00Z,1.5465181029938722
2016-07-19T01:00:00Z,1.5997222115596135
2016-07-19T02:00:00Z,1.678055551317003
2016-07-19T03:00:00Z,1.7188888826304012
2016-07-19T04:00:00Z,1.9508333269092772
2016-07-19T05:00:00Z,1.910277775923411
2016-07-19T06:00:00Z,1.7366666591829725
2016-07-19T07:00:00Z,2.394166660639975
2016-07-19T08:00:00Z,3.466666661699613
2016-07-19T09:00:00Z,4.896388891008165
2016-07-19T10:00:00Z,5.44611110885938
2016-07-19T11:00:00Z,5.765277788374159
2016-07-19T12:00:00Z,6.5522222406334345
2016-07-19T13:00:00Z,7.046944440073437
2016-07-19T14:00:00Z,7.11972221798367
2016-07-19T15:00:00Z,6.6055555482705435
2016-07-19T16:00:00Z,6.091944461398654
2016-07-19T17:00:00Z,5.063333325915867
2016-07-19T18:00:00Z,4.254444450471136
2016-07-19T19:00:00Z,3.5886111110448837
2016-07-19T20:00:00Z,2.6849999950991736
2016-07-19T21:00:00Z,2.736388886306021
2016-07-19T22:00:00Z,2.0666666592160863
2016-07-19T23:00:00Z,2.5516666622625457
2016-07-20T00:00:00Z,3.7610027763504834
2016-07-20T01:00:00Z,3.9163888855112923
2016-07-20T02:00:00Z,3.0444444411330753
2016-07-20T03:00:00Z,3.868333329425918
2016-07-20T04:00:00Z,5.015833346711265
2016-07-20T05:00:00Z,2.1841666666997805
2016-07-20T06:00:00Z,4.65861111316416
2016-07-20T07:00:00Z,4.3449999882115256
2016-07-20T08:00:00Z,3.9230555517805947
2016-07-20T09:00:00Z,4.074722225136227
2016-07-20T10:00:00Z,4.668888877828916
2016-07-20T11:00:00Z,5.093888888094161
2016-07-20T12:00:00Z,5.4480555491314995
2016-07-20T13:00:00Z,5.7027777870496115
2016-07-20T14:00:00Z,4.446944453981188
2016-07-20T15:00:00Z,4.4830555495288635
2016-07-20T16:00:00Z,5.1566666815016005
2016-07-20T17:00:00Z,4.83000000251664
2016-07-20T18:00:00Z,4.325833332538605
2016-07-20T19:00:00Z,4.395277770029174
2016-07-20T20:00:00Z,4.053611107667288
2016-07-20T21:00:00Z,2.698888885643747
2016-07-20T22:00:00Z,3.079166666004393
2016-07-20T23:00:00Z,2.7527777661879855
2016-07-21T00:00:00Z,2.839554313165564
2016-07-21T01:00:00Z,2.433055551846822
2016-07-21T02:00:00Z,2.2733333243264093
2016-07-21T03:00:00Z,2.264999990661939
2016-07-21T04:00:00Z,2.5674999998675454
2016-07-21T05:00:00Z,1.8033333304234678
2016-07-21T06:00:00Z,2.1736111092898582
2016-07-21T07:00:00Z,2.8466666681898967
2016-07-21T08:00:00Z,2.4949999993046124
2016-07-21T09:00:00Z,2.2674999949211876
2016-07-21T10:00:00Z,2.1152777773638567
2016-07-21T11:00:00Z,1.8811111084702943
2016-07-21T12:00:00Z,2.1994444416628944
2016-07-21T13:00:00Z,1.723611106061273
2016-07-21T14:00:00Z,1.982777774375346
2016-07-21T15:00:00Z,1.7408333280848132
2016-07-21T16:00:00Z,2.354722228232357
2016-07-21T17:00:00Z,2.6549999945693545
2016-07-21T18:00:00Z,3.038055558337106
2016-07-21T19:00:00Z,2.5686111003160477
2016-07-21T20:00:00Z,1.2847222240848675
2016-07-21T21:00:00Z,0.7919444469941987
2016-07-21T22:00:00Z,0.6200000027815501
2016-07-21T23:00:00Z,0.7894444482607974
2016-07-22T00:00:00Z,0.5827298084465906
2016-07-22T01:00:00Z,0.5769444475364354
2016-07-22T02:00:00Z,0.7086111151716775
2016-07-22T03:00:00Z,1.0724999990521207
2016-07-22T04:00:00Z,0.6000000045945247
2016-07-22T05:00:00Z,0.7286111146004663
2016-07-22T06:00:00Z,1.268888887680239
2016-07-22T07:00:00Z,1.0505555575920476
2016-07-22T08:00:00Z,0.8558333371869392
2016-07-22T09:00:00Z,1.211388890279664
2016-07-22T10:00:00Z,1.500833336615728
2016-07-22T11:00:00Z,1.6958333278488782
2016-07-22T12:00:00Z,1.7208333272073004
2016-07-22T13:00:00Z,2.300277775567439
2016-07-22T14:00:00Z,2.5063888813058535
2016-07-22T15:00:00Z,2.768611105117533
2016-07-22T16:00:00Z,2.6308333305848968
2016-07-22T17:00:00Z,2.889999998940362
2016-07-22T18:00:00Z,3.0161111056804657
2016-07-22T19:00:00Z,3.1024999976158143
2016-07-22T20:00:00Z,2.3447222116920683
2016-07-22T21:00:00Z,2.2524999926487603
2016-07-22T22:00:00Z,2.203611105018192
2016-07-22T23:00:00Z,1.1319444465140502
2016-07-23T00:00:00Z,1.4036211681067114
2016-07-23T01:00:00Z,1.544722216990259
2016-07-23T02:00:00Z,0.8686111145963271
2016-07-23T03:00:00Z,1.1302777839203675
2016-07-23T04:00:00Z,0.925555557757616
2016-07-23T05:00:00Z,1.0636111112932365
2016-07-23T06:00:00Z,1.0872222220525145
2016-07-23T07:00:00Z,1.1005555554810498
2016-07-23T08:00:00Z,1.6083333329401082
2016-07-23T09:00:00Z,2.3024999923590155
2016-07-23T10:00:00Z,2.9227777681416933
2016-07-23T11:00:00Z,2.656111113064819
2016-07-23T12:00:00Z,2.971388879418373
2016-07-23T13:00:00Z,3.3600000008940696
2016-07-23T14:00:00Z,4.007222224937545
2016-07-23T15:00:00Z,4.561944456895192
2016-07-23T16:00:00Z,4.22416666050752
2016-07-23T17:00:00Z,3.9747222125530244
2016-07-23T18:00:00Z,3.847777771618631
2016-07-23T19:00:00Z,2.32416666696469
2016-07-23T20:00:00Z,2.031666662295659
2016-07-23T21:00:00Z,2.0366666600108148
2016-07-23T22:00:00Z,1.9786111023690967
2016-07-23T23:00:00Z,1.8272222177849875
2016-07-24T00:00:00Z,2.2846796582336215
2016-07-24T01:00:00Z,1.8119444373581144
2016-07-24T02:00:00Z,2.039722209506565
2016-07-24T03:00:00Z,1.7597222155994838
2016-07-24T04:00:00Z,1.8252777791685528
2016-07-24T05:00:00Z,1.4072222215433916
2016-07-24T06:00:00Z,1.722777779897054
2016-07-24T07:00:00Z,2.3011111090580623
2016-07-24T08:00:00Z,3.274722221493721
2016-07-24T09:00:00Z,3.860833332604832
2016-07-24T10:00:00Z,5.065833338763979
2016-07-24T11:00:00Z,4.436944449610181
2016-07-24T12:00:00Z,4.868611119853126
2016-07-24T13:00:00Z,5.5538888977633585
2016-07-24T14:00:00Z,4.938333331876331
2016-07-24T15:00:00Z,5.107222229904599
2016-07-24T16:00:00Z,3.9725000040398704
2016-07-24T17:00:00Z,4.062222225798501
2016-07-24T18:00:00Z,3.8219444301393297
2016-07-24T19:00:00Z,3.4686111082633335
2016-07-24T20:00:00Z,3.560277773274316
2016-07-24T21:00:00Z,3.4188888867696128
2016-07-24T22:00:00Z,3.3091666602426106
2016-07-24T23:00:00Z,3.122500002384186
2016-07-25T00:00:00Z,2.7373259074176586
2016-07-25T01:00:00Z,2.754722219705582
2016-07-25T02:00:00Z,2.639166659116745
2016-07-25T03:00:00Z,2.381388886935181
2016-07-25T04:00:00Z,1.5744444427390893
2016-07-25T05:00:00Z,2.205555555224419
2016-07-25T06:00:00Z,2.3374999988410208
2016-07-25T07:00:00Z,2.5244444403383466
2016-07-25T08:00:00Z,3.38361110024982
2016-07-25T09:00:00Z,3.840833321544859
2016-07-25T10:00:00Z,4.2680555500917965
2016-07-25T11:00:00Z,4.571944427159098
2016-07-25T12:00:00Z,4.41583332253827
2016-07-25T13:00:00Z,4.791666662693023
2016-07-25T14:00:00Z,4.016111099388865
2016-07-25T15:00:00Z,3.5391666650772096
2016-07-25T16:00:00Z,4.183611109190517
2016-07-25T17:00:00Z,4.20416665342119
2016-07-25T18:00:00Z,4.677499998278088
2016-07-25T19:00:00Z,2.1194444350070425
2016-07-25T20:00:00Z,2.058055548535453
2016-07-25T21:00:00Z,2.063055553866757
2016-07-25T22:00:00Z,2.0355555485520096
2016-07-25T23:00:00Z,1.8016666640424066
2016-07-26T00:00:00Z,2.4532033341176662
2016-07-26T01:00:00Z,2.4425000021855037
2016-07-26T02:00:00Z,1.5541666655490796
2016-07-26T03:00:00Z,1.3013888864881462
2016-07-26T04:00:00Z,1.5558333303365441
2016-07-26T05:00:00Z,1.278055550903082
2016-07-26T06:00:00Z,1.83944443696075
2016-07-26T07:00:00Z,2.4752777728769515
2016-07-26T08:00:00Z,2.7794444461663566
2016-07-26T09:00:00Z,2.871666666865349
2016-07-26T10:00:00Z,3.0133333371745215
2016-07-26T11:00:00Z,3.237777776105536
2016-07-26T12:00:00Z,3.7688888914055294
2016-07-26T13:00:00Z,4.058055549197727
2016-07-26T14:00:00Z,3.7930555515819124
2016-07-26T15:00:00Z,3.7000000052981905
2016-07-26T16:00:00Z,5.013611102766461
2016-07-26T17:00:00Z,4.416666657063696
2016-07-26T18:00:00Z,3.551666668057442
2016-07-26T19:00:00Z,3.921111116806666
2016-07-26T20:00:00Z,3.141944439212481
2016-07-26T21:00:00Z,3.926944438616435
2016-07-26T22:00:00Z,3.893055557542377
2016-07-26T23:00:00Z,3.821388887365659
2016-07-27T00:00:00Z,3.652646232116189
2016-07-27T01:00:00Z,4.600555568933487
2016-07-27T02:00:00Z,4.702777779764599
2016-07-27T03:00:00Z,4.492500008477105
2016-07-27T04:00:00Z,5.008333332008785
2016-07-27T05:00:00Z,4.767222215731938
2016-07-27T06:00:00Z,4.517499997880724
2016-07-27T07:00:00Z,4.054444440537029
2016-07-27T08:00:00Z,3.91027776532703
2016-07-27T09:00:00Z,4.215833316246669
2016-07-27T10:00:00Z,4.60888887974951
2016-07-27T11:00:00Z,4.182777780956692
2016-07-27T12:00:00Z,4.333888888027933
2016-07-27T13:00:00Z,4.341111112965478
2016-07-27T14:00:00Z,4.093333326445686
2016-07-27T15:00:00Z,4.293055564330684
2016-07-27T16:00:00Z,4.653888887166977
2016-07-27T17:00:00Z,4.574722219838036
2016-07-27T18:00:00Z,4.136666666136848
2016-07-27T19:00:00Z,2.778055548336771
2016-07-27T20:00:00Z,2.645833327372869
2016-07-27T21:00:00Z,3.054999997549587
2016-07-27T22:00:00Z,2.6877777794996898
2016-07-27T23:00:00Z,2.483611110846202
2016-07-28T00:00:00Z,2.2935933155269677
2016-07-28T01:00:00Z,1.94833332531982
2016-07-28T02:00:00Z,1.879444435901112
2016-07-28T03:00:00Z,1.9049999919202594
2016-07-28T04:00:00Z,1.7691666546795104
2016-07-28T05:00:00Z,1.5994444423251681
2016-07-28T06:00:00Z,1.1402777774052488
2016-07-28T07:00:00Z,1.0458333362721735
2016-07-28T08:00:00Z,2.1300000004470347
2016-07-28T09:00:00Z,3.536944449113475
2016-07-28T10:00:00Z,4.768333343995942
2016-07-28T11:00:00Z,5.837499994039535
2016-07-28T12:00:00Z,5.809999995761448
2016-07-28T13:00:00Z,5.473333330286874
2016-07-28T14:00:00Z,4.444166668587261
2016-07-28T15:00:00Z,3.8555555515819124
2016-07-28T16:00:00Z,3.32138889696863
2016-07-28T17:00:00Z,2.811944439013799
2016-07-28T18:00:00Z,3.203888883855608
2016-07-28T19:00:00Z,2.871388883723153
2016-07-28T20:00:00Z,3.3083333296908273
2016-07-28T21:00:00Z,3.979166661368476
2016-07-28T22:00:00Z,3.217499996225039
2016-07-28T23:00:00Z,3.0394444465637207
2016-07-29T00:00:00Z,2.9242339791693728
2016-07-29T01:00:00Z,2.5605555537674163
2016-07-29T02:00:00Z,2.5233333355850642
2016-07-29T03:00:00Z,3.003333333134651
2016-07-29T04:00:00Z,3.8994444373581145
2016-07-29T05:00:00Z,3.8275000049008265
2016-07-29T06:00:00Z,3.524444439013799
2016-07-29T07:00:00Z,3.627777764863438
2016-07-29T08:00:00Z,4.92805555595292
2016-07-29T09:00:00Z,4.233611102898916
2016-07-29T10:00:00Z,3.896388894981808
2016-07-29T11:00:00Z,3.9138888892200256
2016-07-29T12:00:00Z,5.0411111169391205
2016-07-29T13:00:00Z,4.867222221030129
2016-07-29T14:00:00Z,4.99666668176651
2016-07-29T15:00:00Z,4.24250000582801
2016-07-29T16:00:00Z,4.958888884716564
2016-07-29T17:00:00Z,5.134722218248579
2016-07-29T18:00:00Z,4.455555548270543
2016-07-29T19:00:00Z,3.5794444299406476
2016-07-29T20:00:00Z,2.4266666644149355
2016-07-29T21:00:00Z,2.2466666642162534
2016-07-29T22:00:00Z,1.863333324260182
2016-07-29T23:00:00Z,1.891111097070906
2016-07-30T00:00:00Z,2.163788293065467
2016-07-30T01:00:00Z,2.0522222114933864
2016-07-30T02:00:00Z,1.5711111083626748
2016-07-30T03:00:00Z,0.8630555580680569
2016-07-30T04:00:00Z,0.9691666695806715
2016-07-30T05:00:00Z,1.0308333361314403
2016-07-30T06:00:00Z,1.0633333335320154
2016-07-30T07:00:00Z,1.9486111109455426
2016-07-30T08:00:00Z,2.5161111093229716
2016-07-30T09:00:00Z,2.186666660838657
2016-07-30T10:00:00Z,1.234999999921355
2016-07-30T11:00:00Z,1.6083333320294817
2016-07-30T12:00:00Z,2.0758333324972127
2016-07-30T13:00:00Z,2.234722216365238
2016-07-30T14:00:00Z,2.0480555549470916
2016-07-30T15:00:00Z,2.248888882001241
2016-07-30T16:00:00Z,1.771388882957399
2016-07-30T17:00:00Z,1.8549999962250392
2016-07-30T18:00:00Z,2.4897222171227136
2016-07-30T19:00:00Z,1.6741666639844577
2016-07-30T20:00:00Z,0.9897222266015079
2016-07-30T21:00:00Z,0.7988888941291306
2016-07-30T22:00:00Z,1.329722225252125
2016-07-30T23:00:00Z,1.4411111113097932
2016-07-31T00:00:00Z,1.2378830080410896
2016-07-31T01:00:00Z,1.170555559794108
2016-07-31T02:00:00Z,1.329444439874755
2016-07-31T03:00:00Z,1.2516666654083464
2016-07-31T04:00:00Z,1.5899999943044452
2016-07-31T05:00:00Z,1.1844444479379388
2016-07-31T06:00:00Z,1.193611111988624
2016-07-31T07:00:00Z,1.6122222248050901
2016-07-31T08:00:00Z,1.9097222226775354
2016-07-31T09:00:00Z,2.8105555607212915
2016-07-31T10:00:00Z,2.657777770360311
2016-07-31T11:00:00Z,2.899166660176383
2016-07-31T12:00:00Z,3.4522222267256844
2016-07-31T13:00:00Z,3.785555555091964
2016-07-31T14:00:00Z,3.768055555224419
2016-07-31T15:00:00Z,5.080833319160673
2016-07-31T16:00:00Z,6.471388883060879
2016-07-31T17:00:00Z,5.8230555550298755
2016-07-31T18:00:00Z,4.8986111071374685
2016-07-31T19:00:00Z,3.5908333328035145
2016-07-31T20:00:00Z,2.9569444391462536
2016-07-31T21:00:00Z,2.425833330551783
2016-07-31T22:00:00Z,2.2386111034287346
2016-07-31T23:00:00Z,2.1152777694993548
2016-08-01T00:00:00Z,1.913370466165888
2016-08-01T01:00:00Z,1.8052777697642644
2016-08-01T02:00:00Z,1.8974999914566675
2016-08-01T03:00:00Z,1.9380555474095875
2016-08-01T04:00:00Z,1.9436111041241222
2016-08-01T05:00:00Z,0.7291666687362723
2016-08-01T06:00:00Z,1.5199999986837307
2016-08-01T07:00:00Z,2.4630555503898197
2016-08-01T08:00:00Z,2.6733333296246
2016-08-01T09:00:00Z,2.6483333269755045
2016-08-01T10:00:00Z,3.3202777743339538
2016-08-01T11:00:00Z,3.704444439874755
2016-08-01T12:00:00Z,4.204722228315141
2016-08-01T13:00:00Z,3.931944450404909
2016-08-01T14:00:00Z,4.536388887754745
2016-08-01T15:00:00Z,4.346944444047081
2016-08-01T16:00:00Z,5.028055560588837
2016-08-01T17:00:00Z,5.0308333277702335
2016-08-01T18:00:00Z,4.1961111144887075
2016-08-01T19:00:00Z,5.196111112170749
2016-08-01T20:00:00Z,5.886388883325789
2016-08-01T21:00:00Z,5.380833337042067
2016-08-01T22:00:00Z,5.2811111175351675
2016-08-01T23:00:00Z,5.641944448153178
2016-08-02T00:00:00Z,4.617548749971522
2016-08-02T01:00:00Z,5.703611110978656
2016-08-02T02:00:00Z,5.595277779632145
2016-08-02T03:00:00Z,5.853611110978656
2016-08-02T04:00:00Z,5.964999987185001
2016-08-02T05:00:00Z,5.265833329243792
2016-08-02T06:00:00Z,4.367500000343554
2016-08-02T07:00:00Z,4.856944442457623
2016-08-02T08:00:00Z,5.078333336114883
2016-08-02T09:00:00Z,4.941388884517882
2016-08-02T10:00:00Z,5.4366666648123
2016-08-02T11:00:00Z,5.950555570920309
2016-08-02T12:00:00Z,5.6611111292615535
2016-08-02T13:00:00Z,6.527500009536743
2016-08-02T14:00:00Z,6.630555579397414
2016-08-02T15:00:00Z,5.702777772479587
2016-08-02T16:00:00Z,5.9722222215599485
2016-08-02T17:00:00Z,6.161666686005063
2016-08-02T18:00:00Z,5.891944443517261
2016-08-02T19:00:00Z,5.422777758704291
2016-08-02T20:00:00Z,5.495833334657881
2016-08-02T21:00:00Z,6.003333342075348
2016-08-02T22:00:00Z,5.823333346181446
2016-08-02T23:00:00Z,5.642222207784653
2016-08-03T00:00:00Z,7.001392759652523
2016-08-03T01:00:00Z,6.916944440205892
2016-08-03T02:00:00Z,6.323055549462636
2016-08-03T03:00:00Z,5.969444436497159
2016-08-03T04:00:00Z,5.89944443570243
2016-08-03T05:00:00Z,6.582222227255503
2016-08-03T06:00:00Z,4.332222226593229
2016-08-03T07:00:00Z,5.957500001457002
2016-08-03T08:00:00Z,6.527222232686149
2016-08-03T09:00:00Z,6.3752777847978805
2016-08-03T10:00:00Z,6.235555559396744
2016-08-03T11:00:00Z,7.1530555526415505
2016-08-03T12:00:00Z,8.182222233878242
2016-08-03T13:00:00Z,8.531666666931576
2016-08-03T14:00:00Z,9.542500017748939
2016-08-03T15:00:00Z,9.336111125681136
2016-08-03T16:00:00Z,8.828055572509765
2016-08-03T17:00:00Z,8.229444433583154
2016-08-03T18:00:00Z,8.356111123826768
2016-08-03T19:00:00Z,6.568055554231008
2016-08-03T20:00:00Z,7.515555553966099
2016-08-03T21:00:00Z,7.021944456630283
2016-08-03T22:00:00Z,6.372222234143151
2016-08-03T23:00:00Z,6.337222216526667
2016-08-04T00:00:00Z,6.09136489307648
2016-08-04T01:00:00Z,5.403333340088526
2016-08-04T02:00:00Z,4.738888888888889
2016-08-04T03:00:00Z,4.5997222231494055
2016-08-04T04:00:00Z,6.056666675541136
2016-08-04T05:00:00Z,4.967500004172325
2016-08-04T06:00:00Z,5.9897222310304645
2016-08-04T07:00:00Z,6.5727777812216015
2016-08-04T08:00:00Z,7.110277795791626
2016-08-04T09:00:00Z,7.476666657792197
2016-08-04T10:00:00Z,6.404166674613952
2016-08-04T11:00:00Z,4.573055555754237
2016-08-04T12:00:00Z,5.5133333279026875
2016-08-04T13:00:00Z,6.29555556707912
2016-08-04T14:00:00Z,5.637222213215298
2016-08-04T15:00:00Z,6.908055559131834
2016-08-04T16:00:00Z,7.5113889084921945
2016-08-04T17:00:00Z,5.2069444487492245
2016-08-04T18:00:00Z,4.470555550191137
2016-08-04T19:00:00Z,4.463055564628707
2016-08-04T20:00:00Z,4.452777773141861
2016-08-04T21:00:00Z,3.303055548005634
2016-08-04T22:00:00Z,3.390833326511913
2016-08-04T23:00:00Z,2.8425000025166405
2016-08-05T00:00:00Z,2.9278551496171024
2016-08-05T01:00:00Z,3.016666661368476
2016-08-05T02:00:00Z,2.1174999889400272
2016-08-05T03:00:00Z,2.592222217056486
2016-08-05T04:00:00Z,2.0924999939070807
2016-08-05T05:00:00Z,1.5441666629579331
2016-08-05T06:00:00Z,1.5880555488583115
2016-08-05T07:00:00Z,1.9899999966224036
2016-08-05T08:00:00Z,2.5486111101177005
2016-08-05T09:00:00Z,2.6247222198380364
2016-08-05T10:00:00Z,3.027222214639187
2016-08-05T11:00:00Z,3.7530555519792768
2016-08-05T12:00:00Z,2.691388893789715
2016-08-05T13:00:00Z,2.4813888916952744
2016-08-05T14:00:00Z,4.312222215533256
2016-08-05T15:00:00Z,4.680277779367235
2016-08-05T16:00:00Z,4.603055537078116
2016-08-05T17:00:00Z,4.958888879087236
2016-08-05T18:00:00Z,4.664722210831112
2016-08-05T19:00:00Z,3.745277774996228
2016-08-05T20:00:00Z,3.001388889220026
2016-08-05T21:00:00Z,2.7366666654745737
2016-08-05T22:00:00Z,2.0319444454378552
2016-08-05T23:00:00Z,2.299166661832068
2016-08-06T00:00:00Z,1.1662952652756218
2016-08-06T01:00:00Z,1.730555545621448
2016-08-06T02:00:00Z,0.9399999990231461
2016-08-06T03:00:00Z,0.6877777790857686
2016-08-06T04:00:00Z,0.9638888886405362
2016-08-06T05:00:00Z,1.3949999961588118
2016-08-06T06:00:00Z,2.0466666610704527
2016-08-06T07:00:00Z,2.546111105548011
2016-08-06T08:00:00Z,3.1180555548932816
2016-08-06T09:00:00Z,2.618888890784648
2016-08-06T10:00:00Z,3.3255555462506083
2016-08-06T11:00:00Z,3.8133333328697416
2016-08-06T12:00:00Z,3.810833326809936
2016-08-06T13:00:00Z,4.174722216857804
2016-08-06T14:00:00Z,4.42722221314907
2016-08-06T15:00:00Z,6.052222219440672
2016-08-06T16:00:00Z,5.84611110885938
2016-08-06T17:00:00Z,6.388888889551163
2016-08-06T18:00:00Z,5.726666684945425
2016-08-06T19:00:00Z,4.98000000582801
2016-08-06T20:00:00Z,4.2836111002498205
2016-08-06T21:00:00Z,4.635833328300052
2016-08-06T22:00:00Z,4.879166671302584
2016-08-06T23:00:00Z,5.054166654083464
2016-08-07T00:00:00Z,4.387743733387471
2016-08-07T01:00:00Z,4.373055552111731
2016-08-07T02:00:00Z,4.164166667726305
2016-08-07T03:00:00Z,4.971388894981808
2016-08-07T04:00:00Z,4.896388891008165
2016-08-07T05:00:00Z,4.548333326975505
2016-08-07T06:00:00Z,4.3352777693006725
2016-08-07T07:00:00Z,5.3319444298744205
2016-08-07T08:00:00Z,4.722777781221602
2016-08-07T09:00:00Z,5.692222225666046
2016-08-07T10:00:00Z,6.028055559264289
2016-08-07T11:00:00Z,6.913888894849354
2016-08-07T12:00:00Z,8.141666673289405
2016-08-07T13:00:00Z,8.31972224579917
2016-08-07T14:00:00Z,7.535000007020103
2016-08-07T15:00:00Z,6.534166661236021
2016-08-07T16:00:00Z,6.768055565489663
2016-08-07T17:00:00Z,6.98972223467297
2016-08-07T18:00:00Z,6.412777782148785
2016-08-07T19:00:00Z,5.911111115747028
2016-08-07T20:00:00Z,3.985277767976125
2016-08-07T21:00:00Z,4.033611102898916
2016-08-07T22:00:00Z,3.8524999996026357
2016-08-07T23:00:00Z,4.598888885974884
2016-08-08T00:00:00Z,4.8877437313951155
2016-08-08T01:00:00Z,4.95972223215633
2016-08-08T02:00:00Z,5.903333331478967
2016-08-08T03:00:00Z,5.3183333330684235
2016-08-08T04:00:00Z,5.036666668123669
2016-08-08T05:00:00Z,3.667499994238218
2016-08-08T06:00:00Z,4.3347222179174425
2016-08-08T07:00:00Z,4.735555556085375
2016-08-08T08:00:00Z,4.1902777741352715
2016-08-08T09:00:00Z,5.0738888869682945
2016-08-08T10:00:00Z,4.8361111134290695
2016-08-08T11:00:00Z,4.939444446894858
2016-08-08T12:00:00Z,4.7330555621120665
2016-08-08T13:00:00Z,5.4886111193233065
2016-08-08T14:00:00Z,5.2858333494928145
2016-08-08T15:00:00Z,4.576111104422146
2016-08-08T16:00:00Z,4.67277778784434
2016-08-08T17:00:00Z,5.824166657527288
2016-08-08T18:00:00Z,4.613611110713747
2016-08-08T19:00:00Z,3.7102777745988633
2016-08-08T20:00:00Z,2.7649999923176236
2016-08-08T21:00:00Z,1.9519444379541608
2016-08-08T22:00:00Z,1.8263888807760345
2016-08-08T23:00:00Z,1.8280555461843808
2016-08-09T00:00:00Z,1.643175482749939
2016-08-09T01:00:00Z,1.266111114103761
2016-08-09T02:00:00Z,1.7158333266774812
2016-08-09T03:00:00Z,1.458055552509096
2016-08-09T04:00:00Z,1.6358333261476623
2016-08-09T05:00:00Z,1.6569444393118222
2016-08-09T06:00:00Z,1.891666664597061
2016-08-09T07:00:00Z,4.087222226460775
2016-08-09T08:00:00Z,4.720555551515686
2016-08-09T09:00:00Z,4.155277770757675
2016-08-09T10:00:00Z,3.681111113892661
2016-08-09T11:00:00Z,3.7994444416628945
2016-08-09T12:00:00Z,4.442222217056487
2016-08-09T13:00:00Z,4.273055564694935
2016-08-09T14:00:00Z,3.9247222208314474
2016-08-09T15:00:00Z,4.886944441994031
2016-08-09T16:00:00Z,5.059444446033901
2016-08-09T17:00:00Z,5.565833330816693
2016-08-09T18:00:00Z,5.520277784268061
2016-08-09T19:00:00Z,3.6463888863722485
2016-08-09T20:00:00Z,2.8752777652608024
2016-08-09T21:00:00Z,2.181944440801938
2016-08-09T22:00:00Z,2.3230555491314995
2016-08-09T23:00:00Z,2.7797222206989924
2016-08-10T00:00:00Z,2.3389972166098594
2016-08-10T01:00:00Z,2.6677777816851935
2016-08-10T02:00:00Z,2.223333327141073
2016-08-10T03:00:00Z,2.3588888820674683
2016-08-10T04:00:00Z,1.9966666566001043
2016-08-10T05:00:00Z,2.394166663620207
2016-08-10T06:00:00Z,2.7297222210301295
2016-08-10T07:00:00Z,3.2419444382190705
2016-08-10T08:00:00Z,3.735555553767416
2016-08-10T09:00:00Z,4.154166656732559
2016-08-10T10:00:00Z,4.108611109852791
2016-08-10T11:00:00Z,3.466666670143604
2016-08-10T12:00:00Z,3.709444448020723
2016-08-10T13:00:00Z,2.7661111078328555
2016-08-10T14:00:00Z,2.877777771320608
2016-08-10T15:00:00Z,2.3963888839715057
2016-08-10T16:00:00Z,1.5705555521986552
2016-08-10T17:00:00Z,2.0597222184555397
2016-08-10T18:00:00Z,2.295277773340543
2016-08-10T19:00:00Z,1.6166666626930237
2016-08-10T20:00:00Z,2.1611111054817838
2016-08-10T21:00:00Z,2.6488888846503365
2016-08-10T22:00:00Z,3.6280555658870273
2016-08-10T23:00:00Z,3.86379311002534
2016-08-11T00:00:00Z,NaN
2016-08-11T01:00:00Z,NaN
2016-08-11T02:00:00Z,NaN
2016-08-11T03:00:00Z,NaN
2016-08-11T04:00:00Z,NaN
2016-08-11T05:00:00Z,NaN
2016-08-11T06:00:00Z,NaN
2016-08-11T07:00:00Z,NaN
2016-08-11T08:00:00Z,NaN
2016-08-11T09:00:00Z,NaN
2016-08-11T10:00:00Z,5.3251462073354
2016-08-11T11:00:00Z,6.17388889922036
2016-08-11T12:00:00Z,6.321388900942273
2016-08-11T13:00:00Z,6.129999993907081
2016-08-11T14:00:00Z,6.339722224738863
2016-08-11T15:00:00Z,6.438611117336485
2016-08-11T16:00:00Z,5.770555556482739
2016-08-11T17:00:00Z,5.743888889418708
2016-08-11T18:00:00Z,4.805833337042067
2016-08-11T19:00:00Z,4.2241666714350385
2016-08-11T20:00:00Z,4.521944445040491
2016-08-11T21:00:00Z,3.4513888753122752
2016-08-11T22:00:00Z,3.504999998377429
2016-08-11T23:00:00Z,3.345555556151602
2016-08-12T00:00:00Z,2.515555547012223
2016-08-12T01:00:00Z,2.379722215069665
2016-08-12T02:00:00Z,2.509722216261758
2016-08-12T03:00:00Z,2.5249999986754523
2016-08-12T04:00:00Z,2.831388884451654
2016-08-12T05:00:00Z,3.3302777734067703
2016-08-12T06:00:00Z,4.231944435834885
2016-08-12T07:00:00Z,4.767500010463927
2016-08-12T08:00:00Z,3.947500004536576
2016-08-12T09:00:00Z,4.420833332008786
2016-08-12T10:00:00Z,5.330000016755528
2016-08-12T11:00:00Z,5.286666670110491
2016-08-12T12:00:00Z,5.543888894054625
2016-08-12T13:00:00Z,6.4163888971010845
2016-08-12T14:00:00Z,6.861666679382324
2016-08-12T15:00:00Z,6.310000013642841
2016-08-12T16:00:00Z,5.9769444439146255
2016-08-12T17:00:00Z,5.845000012715658
2016-08-12T18:00:00Z,5.181111111243566
2016-08-12T19:00:00Z,4.396111107534832
2016-08-12T20:00:00Z,3.5225000126494304
2016-08-12T21:00:00Z,3.779166657394833
2016-08-12T22:00:00Z,3.48166666759385
2016-08-12T23:00:00Z,4.087222215864394
2016-08-13T00:00:00Z,4.245833334657881
2016-08-13T01:00:00Z,3.6402777721484503
2016-08-13T02:00:00Z,3.606666659646564
2016-08-13T03:00:00Z,4.345277777645323
2016-08-13T04:00:00Z,4.2886111186610325
2016-08-13T05:00:00Z,4.4124999973509045
2016-08-13T06:00:00Z,3.738055553038915
2016-08-13T07:00:00Z,4.608055569728216
2016-08-13T08:00:00Z,4.955833339028889
2016-08-13T09:00:00Z,4.745833331677649
2016-08-13T10:00:00Z,5.120000002119276
2016-08-13T11:00:00Z,4.660833336909612
2016-08-13T12:00:00Z,4.744444449742635
2016-08-13T13:00:00Z,5.338611126608319
2016-08-13T14:00:00Z,5.6005555609862006
2016-08-13T15:00:00Z,6.1238888925976225
2016-08-13T16:00:00Z,5.7580555664168465
2016-08-13T17:00:00Z,5.665277783738242
2016-08-13T18:00:00Z,3.7419444484843147
2016-08-13T19:00:00Z,2.3169444372256596
2016-08-13T20:00:00Z,2.473333326313231
2016-08-13T21:00:00Z,2.1355555531051422
2016-08-13T22:00:00Z,1.9294444368945227
2016-08-13T23:00:00Z,1.9311111099190181
2016-08-14T00:00:00Z,1.5027777779433462
2016-08-14T01:00:00Z,1.508333327124516
2016-08-14T02:00:00Z,1.0238888909419377
2016-08-14T03:00:00Z,0.9136111130110092
2016-08-14T04:00:00Z,0.7388888919312093
2016-08-14T05:00:00Z,0.6236111131393247
2016-08-14T06:00:00Z,0.4641666718448202
2016-08-14T07:00:00Z,1.9994444365302722
2016-08-14T08:00:00Z,3.279444439543618
2016-08-14T09:00:00Z,3.5705555515156853
2016-08-14T10:00:00Z,2.59444444073985
2016-08-14T11:00:00Z,2.310277775136961
2016-08-14T12:00:00Z,3.260277775923411
2016-08-14T13:00:00Z,3.719999989370505
2016-08-14T14:00:00Z,2.6016666661120125
2016-08-14T15:00:00Z,2.9124999933151736
2016-08-14T16:00:00Z,2.9005555535770124
2016-08-14T17:00:00Z,2.7524999996026356
2016-08-14T18:00:00Z,2.6630555510520937
2016-08-14T19:00:00Z,1.7499999943706723
2016-08-14T20:00:00Z,1.1566666670971446
2016-08-14T21:00:00Z,1.1675000027649933
2016-08-14T22:00:00Z,1.6972222162617578
2016-08-14T23:00:00Z,1.6530555525587665
2016-08-15T00:00:00Z,1.6616666595141092
2016-08-15T01:00:00Z,1.5113888843191994
2016-08-15T02:00:00Z,1.6077777733405432
2016-08-15T03:00:00Z,1.3711111088593801
2016-08-15T04:00:00Z,1.5441666669315761
2016-08-15T05:00:00Z,1.460277770459652
2016-08-15T06:00:00Z,1.4758333303034306
2016-08-15T07:00:00Z,2.4208333272073004
2016-08-15T08:00:00Z,3.498055551780595
2016-08-15T09:00:00Z,4.394444440470801
2016-08-15T10:00:00Z,4.805833340684573
2016-08-15T11:00:00Z,4.522222211294704
2016-08-15T12:00:00Z,3.963055565622118
2016-08-15T13:00:00Z,3.4213888835161925
2016-08-15T14:00:00Z,3.4427777734895546
2016-08-15T15:00:00Z,3.1994444358679983
2016-08-15T16:00:00Z,3.046944440073437
2016-08-15T17:00:00Z,3.1194444376561377
2016-08-15T18:00:00Z,1.7333333294010824
2016-08-15T19:00:00Z,0.720277781287829
2016-08-15T20:00:00Z,1.7041666636864343
2016-08-15T21:00:00Z,1.4736111085034078
2016-08-15T22:00:00Z,1.8136111037598717
2016-08-15T23:00:00Z,2.627777774135272
2016-08-16T00:00:00Z,2.247777772943179
2016-08-16T01:00:00Z,2.2811111079321966
2016-08-16T02:00:00Z,2.146388880080647
2016-08-16T03:00:00Z,2.325833327571551
2016-08-16T04:00:00Z,2.578055552310414
2016-08-16T05:00:00Z,2.5063888897498448
2016-08-16T06:00:00Z,3.022500001721912
2016-08-16T07:00:00Z,3.5447222189770806
2016-08-16T08:00:00Z,3.3605555603901545
2016-08-16T09:00:00Z,3.190833332472377
2016-08-16T10:00:00Z,3.1074999964071646
2016-08-16T11:00:00Z,2.7544444359838964
2016-08-16T12:00:00Z,2.7697222283316982
2016-08-16T13:00:00Z,2.7894444403135115
2016-08-16T14:00:00Z,3.226666666484541
2016-08-16T15:00:00Z,2.834166661567158
2016-08-16T16:00:00Z,3.5152777791023255
2016-08-16T17:00:00Z,3.307499988211526
2016-08-16T18:00:00Z,2.4897222194406723
2016-08-16T19:00:00Z,1.6444444392497342
2016-08-16T20:00:00Z,1.0827777785352535
2016-08-16T21:00:00Z,1.7480555589000384
2016-08-16T22:00:00Z,1.483888884468211
2016-08-16T23:00:00Z,2.2088888843854266
2016-08-17T00:00:00Z,1.798055546151267
2016-08-17T01:00:00Z,2.085277769962947
2016-08-17T02:00:00Z,2.3291666590505176
2016-08-17T03:00:00Z,2.3733333276377784
2016-08-17T04:00:00Z,2.3824999908606213
2016-08-17T05:00:00Z,2.284166658255789
2016-08-17T06:00:00Z,2.7108333269755045
2016-08-17T07:00:00Z,2.8966666620638635
2016-08-17T08:00:00Z,3.1544444494777255
2016-08-17T09:00:00Z,2.974166668785943
2016-08-17T10:00:00Z,3.9252777659230764
2016-08-17T11:00:00Z,3.620555551846822
2016-08-17T12:00:00Z,3.160277770956357
2016-08-17T13:00:00Z,2.8505555485685665
2016-08-17T14:00:00Z,3.408055548535453
2016-08-17T15:00:00Z,3.092777774400181
2016-08-17T16:00:00Z,2.9202777796321446
2016-08-17T17:00:00Z,3.8166666580571067
2016-08-17T18:00:00Z,2.261111108462016
2016-08-17T19:00:00Z,1.3366666677097478
2016-08-17T20:00:00Z,1.265555555207862
2016-08-17T21:00:00Z,1.678333326180776
2016-08-17T22:00:00Z,1.1874999974957772
2016-08-17T23:00:00Z,2.2163888848490183
2016-08-18T00:00:00Z,1.0683333344757557
2016-08-18T01:00:00Z,1.346388889186912
2016-08-18T02:00:00Z,0.9488888882721463
2016-08-18T03:00:00Z,0.6022222252562642
2016-08-18T04:00:00Z,0.6422222259350949
2016-08-18T05:00:00Z,0.7466666689349546
2016-08-18T06:00:00Z,1.3705555565655232
2016-08-18T07:00:00Z,2.298611107468605
2016-08-18T08:00:00Z,2.335555557906628
2016-08-18T09:00:00Z,1.6958333290285534
2016-08-18T10:00:00Z,2.3430555553485948
2016-08-18T11:00:00Z,1.6744444442705975
2016-08-18T12:00:00Z,1.7961111166410977
2016-08-18T13:00:00Z,1.8202777745409144
2016-08-18T14:00:00Z,1.7050000005919073
2016-08-18T15:00:00Z,1.2991666678132283
2016-08-18T16:00:00Z,1.9305555537343024
2016-08-18T17:00:00Z,3.8580555581384237
2016-08-18T18:00:00Z,3.2194444480869504
2016-08-18T19:00:00Z,2.4799999992052713
2016-08-18T20:00:00Z,2.4411111096541087
2016-08-18T21:00:00Z,1.6455555484319726
2016-08-18T22:00:00Z,1.6802777726617124
2016-08-18T23:00:00Z,1.8583333271245162
2016-08-19T00:00:00Z,1.7263888892200259
2016-08-19T01:00:00Z,1.7174999962250392
2016-08-19T02:00:00Z,1.959722215930621
2016-08-19T03:00:00Z,2.407499996489949
2016-08-19T04:00:00Z,2.575000003642506
2016-08-19T05:00:00Z,2.537500000662274
2016-08-19T06:00:00Z,2.702777784069379
2016-08-19T07:00:00Z,2.4861111018392776
2016-08-19T08:00:00Z,3.4413888848490184
2016-08-19T09:00:00Z,4.977500009536743
2016-08-19T10:00:00Z,6.916666688521703
2016-08-19T11:00:00Z,6.264166671699948
2016-08-19T12:00:00Z,5.988888875643412
2016-08-19T13:00:00Z,5.280000017086665
2016-08-19T14:00:00Z,4.997222218910853
2016-08-19T15:00:00Z,5.233333326379458
2016-08-19T16:00:00Z,6.920277780956692
2016-08-19T17:00:00Z,6.977222232023875
2016-08-19T18:00:00Z,6.987500006622739
2016-08-19T19:00:00Z,5.6444444643126594
2016-08-19T20:00:00Z,5.2719444314638775
2016-08-19T21:00:00Z,6.377222231361601
2016-08-19T22:00:00Z,5.075277774863773
2016-08-19T23:00:00Z,6.049722225136227
2016-08-20T00:00:00Z,6.0869444390137994
2016-08-20T01:00:00Z,7.196111106872559
2016-08-20T02:00:00Z,5.971111104885737
2016-08-20T03:00:00Z,5.757222224606408
2016-08-20T04:00:00Z,6.592499993907081
2016-08-20T05:00:00Z,8.088611117336486
2016-08-20T06:00:00Z,7.346111113495297
2016-08-20T07:00:00Z,6.833888894981808
2016-08-20T08:00:00Z,7.527222240633435
2016-08-20T09:00:00Z,8.982777769035764
2016-08-20T10:00:00Z,10.767777778042687
2016-08-20T11:00:00Z,10.626111125946045
2016-08-20T12:00:00Z,10.788055570920308
2016-08-20T13:00:00Z,9.949999994701809
2016-08-20T14:00:00Z,9.451111112700568
2016-08-20T15:00:00Z,9.493888894716898
2016-08-20T16:00:00Z,9.46972224050098
2016-08-20T17:00:00Z,8.84833331240548
2016-08-20T18:00:00Z,6.872777779897054
2016-08-20T19:00:00Z,7.081666660308838
2016-08-20T20:00:00Z,7.1275000121858385
2016-08-20T21:00:00Z,7.213611120647855
2016-08-20T22:00:00Z,7.060000005033281
2016-08-20T23:00:00Z,7.691388890478346
2016-08-21T00:00:00Z,7.199722230434418
2016-08-21T01:00:00Z,6.804444445504083
2016-08-21T02:00:00Z,7.000833353731367
2016-08-21T03:00:00Z,6.843611119853126
2016-08-21T04:00:00Z,6.450555566946665
2016-08-21T05:00:00Z,6.118333331081602
2016-08-21T06:00:00Z,6.545833339956071
2016-08-21T07:00:00Z,6.153888878557417
2016-08-21T08:00:00Z,6.686666675408682
2016-08-21T09:00:00Z,7.291666677925321
2016-08-21T10:00:00Z,6.8044444461663565
2016-08-21T11:00:00Z,8.228888895776537
2016-08-21T12:00:00Z,7.511666672759586
2016-08-21T13:00:00Z,7.843611106607649
2016-08-21T14:00:00Z,6.675000014570024
2016-08-21T15:00:00Z,4.762777780824237
2016-08-21T16:00:00Z,4.373611113097932
2016-08-21T17:00:00Z,5.381944456365374
2016-08-21T18:00:00Z,5.037777766254213
2016-08-21T19:00:00Z,4.165833341744211
2016-08-21T20:00:00Z,5.259166672494676
2016-08-21T21:00:00Z,4.868611107932197
2016-08-21T22:00:00Z,5.102222237984339
2016-08-21T23:00:00Z,5.0133333351877
2016-08-22T00:00:00Z,5.258888898955451
2016-08-22T01:00:00Z,4.871666657262378
2016-08-22T02:00:00Z,4.6847222228844965
2016-08-22T03:00:00Z,5.045833327372869
2016-08-22T04:00:00Z,5.070277781618966
2016-08-22T05:00:00Z,4.592222218381034
2016-08-22T06:00:00Z,4.296666674481498
2016-08-22T07:00:00Z,5.824444445636537
2016-08-22T08:00:00Z,6.451666673024495
2016-08-22T09:00:00Z,6.844722227917777
2016-08-22T10:00:00Z,7.141666675938501
2016-08-22T11:00:00Z,7.566666662693024
2016-08-22T12:00:00Z,7.206111102634006
2016-08-22T13:00:00Z,7.2461111234294044
2016-08-22T14:00:00Z,7.389166684945424
2016-08-22T15:00:00Z,6.9425000071525576
2016-08-22T16:00:00Z,6.557499998145634
2016-08-22T17:00:00Z,5.862222233745787
2016-08-22T18:00:00Z,4.772500001721912
2016-08-22T19:00:00Z,2.5572222193082172
2016-08-22T20:00:00Z,1.5116666630945272
2016-08-22T21:00:00Z,1.6049999958939023
2016-08-22T22:00:00Z,1.7722222194075585
2016-08-22T23:00:00Z,1.0136111113139326
2016-08-23T00:00:00Z,1.5944444412986438
2016-08-23T01:00:00Z,0.7086111144887076
2016-08-23T02:00:00Z,0.8755555574471752
2016-08-23T03:00:00Z,1.9966666579246521
2016-08-23T04:00:00Z,1.501388888971673
2016-08-23T05:00:00Z,1.7388888880196545
2016-08-23T06:00:00Z,1.6377777761883205
2016-08-23T07:00:00Z,2.085833331445853
2016-08-23T08:00:00Z,3.891944439212481
2016-08-23T09:00:00Z,4.8983333269755045
2016-08-23T10:00:00Z,5.425555535157522
2016-08-23T11:00:00Z,5.818055550588502
2016-08-23T12:00:00Z,6.416388886504703
2016-08-23T13:00:00Z,6.887500009271833
2016-08-23T14:00:00Z,6.816944457093874
2016-08-23T15:00:00Z,5.800833343134986
2016-08-23T16:00:00Z,4.825555551052093
2016-08-23T17:00:00Z,3.9213888853788377
2016-08-23T18:00:00Z,2.097499998907248
2016-08-23T19:00:00Z,1.523611107137468
2016-08-23T20:00:00Z,0.8311111130441229
2016-08-23T21:00:00Z,0.8213888914427824
2016-08-23T22:00:00Z,0.5605555599969294
2016-08-23T23:00:00Z,0.512222226916088
2016-08-24T00:00:00Z,0.6850000029222832
2016-08-24T01:00:00Z,0.6650000041557683
2016-08-24T02:00:00Z,0.838333336222503
2016-08-24T03:00:00Z,1.3755555580266647
2016-08-24T04:00:00Z,0.9386111127005683
2016-08-24T05:00:00Z,0.6472222258026401
2016-08-24T06:00:00Z,0.7019444471846025
2016-08-24T07:00:00Z,1.151666668885284
2016-08-24T08:00:00Z,2.3461111105150647
2016-08-24T09:00:00Z,3.0349999984105427
2016-08-24T10:00:00Z,2.9069444459345606
2016-08-24T11:00:00Z,2.4069444420023096
2016-08-24T12:00:00Z,2.135555555133356
2016-08-24T13:00:00Z,2.1383333313382336
2016-08-24T14:00:00Z,2.186944443090922
2016-08-24T15:00:00Z,1.9222222216013405
2016-08-24T16:00:00Z,3.804722226990594
2016-08-24T17:00:00Z,3.8044444312651953
2016-08-24T18:00:00Z,2.0799999955627655
2016-08-24T19:00:00Z,1.1438888923161559
2016-08-24T20:00:00Z,3.139166664414936
2016-08-24T21:00:00Z,2.3288888898160724
2016-08-24T22:00:00Z,1.1997222229838371
2016-08-24T23:00:00Z,2.059999993774626
2016-08-25T00:00:00Z,3.218055548932817
2016-08-25T01:00:00Z,2.4024999954634243
2016-08-25T02:00:00Z,1.0302777769871885
2016-08-25T03:00:00Z,2.6249999976820417
2016-08-25T04:00:00Z,3.3555555598603353
2016-08-25T05:00:00Z,1.2983333332257139
2016-08-25T06:00:00Z,1.1724999998178747
2016-08-25T07:00:00Z,1.126111110403306
2016-08-25T08:00:00Z,1.2877777755674389
2016-08-25T09:00:00Z,0.7933333377664288
2016-08-25T10:00:00Z,1.2969444433848063
2016-08-25T11:00:00Z,1.2844444419153862
2016-08-25T12:00:00Z,2.180833326921695
2016-08-25T13:00:00Z,2.6216666623950005
2016-08-25T14:00:00Z,1.6183333341446189
2016-08-25T15:00:00Z,0.7727777803316712
2016-08-25T16:00:00Z,2.203333322600358
2016-08-25T17:00:00Z,2.530833327770233
2016-08-25T18:00:00Z,1.543611110581292
2016-08-25T19:00:00Z,0.6983333342191246
2016-08-25T20:00:00Z,1.4830555553237597
2016-08-25T21:00:00Z,2.0861111028326884
2016-08-25T22:00:00Z,2.284166667030917
2016-08-25T23:00:00Z,2.018888877166642
2016-08-26T00:00:00Z,1.9175000010265244
2016-08-26T01:00:00Z,1.0305555573975047
2016-08-26T02:00:00Z,2.827777777115504
2016-08-26T03:00:00Z,2.254722216890918
2016-08-26T04:00:00Z,2.080833328763644
2016-08-26T05:00:00Z,2.4716666615671583
2016-08-26T06:00:00Z,1.3991666631980075
2016-08-26T07:00:00Z,2.3661111104819508
2016-08-26T08:00:00Z,2.6644444435834886
2016-08-26T09:00:00Z,2.7261111070712407
2016-08-26T10:00:00Z,2.548888890424536
2016-08-26T11:00:00Z,2.300555555336177
2016-08-26T12:00:00Z,2.646944437755479
2016-08-26T13:00:00Z,2.6338888884832463
2016-08-26T14:00:00Z,3.036111108462016
2016-08-26T15:00:00Z,2.414999995732473
2016-08-26T16:00:00Z,2.9952777713537215
2016-08-26T17:00:00Z,2.9769444472259945
2016-08-26T18:00:00Z,2.1524999923176233
2016-08-26T19:00:00Z,1.9980555481380886
2016-08-26T20:00:00Z,1.3930555548104975
2016-08-26T21:00:00Z,0.8200000035886963
2016-08-26T22:00:00Z,0.7194444479420781
2016-08-26T23:00:00Z,1.1908333339624935
2016-08-27T00:00:00Z,1.70194444126553
2016-08-27T01:00:00Z,1.8372222143742774
2016-08-27T02:00:00Z,2.3236111018392775
2016-08-27T03:00:00Z,2.5447222186459437
2016-08-27T04:00:00Z,2.110277773439884
2016-08-27T05:00:00Z,2.4869444396760727
2016-08-27T06:00:00Z,3.147499996754858
2016-08-27T07:00:00Z,3.640555555290646
2016-08-27T08:00:00Z,4.378611110316383
2016-08-27T09:00:00Z,4.29805555442969
2016-08-27T10:00:00Z,4.280277781685194
2016-08-27T11:00:00Z,4.771388885709975
2016-08-27T12:00:00Z,4.112777783638901
2016-08-27T13:00:00Z,2.524166664087938
2016-08-27T14:00:00Z,2.5238888835534454
2016-08-27T15:00:00Z,3.060277772943179
2016-08-27T16:00:00Z,2.9158333361148836
2016-08-27T17:00:00Z,2.63194443633159
2016-08-27T18:00:00Z,2.0938888816369903
2016-08-27T19:00:00Z,2.085277769466241
2016-08-27T20:00:00Z,2.3655555496613183
2016-08-27T21:00:00Z,2.398055554098553
2016-08-27T22:00:00Z,3.6424999982118607
2016-08-27T23:00:00Z,4.1577777716848585
2016-08-28T00:00:00Z,4.115833330485556
2016-08-28T01:00:00Z,3.7841666642162535
2016-08-28T02:00:00Z,3.7938888904121186
2016-08-28T03:00:00Z,3.728611101044549
2016-08-28T04:00:00Z,2.8686111092567446
2016-08-28T05:00:00Z,3.6849999957614474
2016-08-28T06:00:00Z,4.121666662229432
2016-08-28T07:00:00Z,5.295000000132455
2016-08-28T08:00:00Z,5.780833335055245
2016-08-28T09:00:00Z,6.37916667064031
2016-08-28T10:00:00Z,7.40555557012558
2016-08-28T11:00:00Z,6.5858333362473385
2016-08-28T12:00:00Z,7.384166669845581
2016-08-28T13:00:00Z,6.279166659381654
2016-08-28T14:00:00Z,5.2708333379692505
2016-08-28T15:00:00Z,4.687499990065892
2016-08-28T16:00:00Z,4.377499997615814
2016-08-28T17:00:00Z,4.108888881074058
2016-08-28T18:00:00Z,3.065555551317003
2016-08-28T19:00:00Z,2.242499993244807
2016-08-28T20:00:00Z,2.0033333232005437
2016-08-28T21:00:00Z,1.7483333266443677
2016-08-28T22:00:00Z,2.0013888829284245
2016-08-28T23:00:00Z,1.479166662775808
2016-08-29T00:00:00Z,1.5533333295956253
2016-08-29T01:00:00Z,1.8144444392787085
2016-08-29T02:00:00Z,2.091388881372081
2016-08-29T03:00:00Z,2.0558333264456854
2016-08-29T04:00:00Z,1.7663888835244708
2016-08-29T05:00:00Z,1.4663888866702715
2016-08-29T06:00:00Z,1.155555556797319
2016-08-29T07:00:00Z,2.0005555495619776
2016-08-29T08:00:00Z,1.6872222209970156
2016-08-29T09:00:00Z,2.445833329525259
2016-08-29T10:00:00Z,2.8705555495288637
2016-08-29T11:00:00Z,2.7997222198380363
2016-08-29T12:00:00Z,3.2752777718835406
2016-08-29T13:00:00Z,3.559444446861744
2016-08-29T14:00:00Z,3.11444443754024
2016-08-29T15:00:00Z,3.068055545952585
2016-08-29T16:00:00Z,2.8408333304855558
2016-08-29T17:00:00Z,2.253611108660698
2016-08-29T18:00:00Z,1.6883333252535926
2016-08-29T19:00:00Z,1.4555555566317506
2016-08-29T20:00:00Z,1.62333332747221
2016-08-29T21:00:00Z,1.5072222178181012
2016-08-29T22:00:00Z,1.8858333284656206
2016-08-29T23:00:00Z,2.0983333273066416
2016-08-30T00:00:00Z,1.7094444374243418
2016-08-30T01:00:00Z,0.9458333342232638
2016-08-30T02:00:00Z,0.5591666695972284
2016-08-30T03:00:00Z,0.6975000031085478
2016-08-30T04:00:00Z,0.9191666687735253
2016-08-30T05:00:00Z,1.268055555389987
2016-08-30T06:00:00Z,0.7536111163596312
2016-08-30T07:00:00Z,0.5725000047642324
2016-08-30T08:00:00Z,0.8780555569670266
2016-08-30T09:00:00Z,2.110555551139017
2016-08-30T10:00:00Z,3.589444441596667
2016-08-30T11:00:00Z,3.7725000070201027
2016-08-30T12:00:00Z,3.5255555487341352
2016-08-30T13:00:00Z,4.039166665242778
2016-08-30T14:00:00Z,4.281388880312443
2016-08-30T15:00:00Z,3.967777786983384
2016-08-30T16:00:00Z,3.7500000023179583
2016-08-30T17:00:00Z,4.013333328564962
2016-08-30T18:00:00Z,3.2316666672627132
2016-08-30T19:00:00Z,2.8383333302206464
2016-08-30T20:00:00Z,2.442222222685814
2016-08-30T21:00:00Z,2.4719444380866156
2016-08-30T22:00:00Z,1.2172222164563007
2016-08-30T23:00:00Z,0.4505555588545071
2016-08-31T00:00:00Z,0.6327777820535831
2016-08-31T01:00:00Z,1.3599999967962504
2016-08-31T02:00:00Z,0.9825000030092067
2016-08-31T03:00:00Z,0.8880555568055974
2016-08-31T04:00:00Z,1.1566666660209497
2016-08-31T05:00:00Z,0.6363888933426805
2016-08-31T06:00:00Z,0.42250000414335065
2016-08-31T07:00:00Z,0.5491666708969407
2016-08-31T08:00:00Z,2.077222222669257
2016-08-31T09:00:00Z,4.719166663951344
2016-08-31T10:00:00Z,4.620555557807287
2016-08-31T11:00:00Z,4.955833331081602
2016-08-31T12:00:00Z,5.342222225666046
2016-08-31T13:00:00Z,5.255277769433127
2016-08-31T14:00:00Z,4.718611111905839
2016-08-31T15:00:00Z,5.288888890213436
2016-08-31T16:00:00Z,3.618611118859715
2016-08-31T17:00:00Z,3.045833331677649
2016-08-31T18:00:00Z,2.676666663421525
2016-08-31T19:00:00Z,2.450833324922456
2016-08-31T20:00:00Z,2.1236111023359827
2016-08-31T21:00:00Z,2.278333325849639
2016-08-31T22:00:00Z,2.448611108793153
2016-08-31T23:00:00Z,2.11444443696075
2016-09-01T00:00:00Z,2.0327777677112158
2016-09-01T01:00:00Z,1.4441666627509726
2016-09-01T02:00:00Z,0.9377777773059077
2016-09-01T03:00:00Z,1.027500002976093
2016-09-01T04:00:00Z,0.8133333363673754
2016-09-01T05:00:00Z,0.4025000046317776
2016-09-01T06:00:00Z,0.518611114554935
2016-09-01T07:00:00Z,0.4541666717992889
2016-09-01T08:00:00Z,1.127499999023146
2016-09-01T09:00:00Z,0.8741666701518827
2016-09-01T10:00:00Z,1.4008333342977697
2016-09-01T11:00:00Z,2.7730555575134024
2016-09-01T12:00:00Z,2.6925000020613274
2016-09-01T13:00:00Z,3.778611106177171
2016-09-01T14:00:00Z,4.406388886438476
2016-09-01T15:00:00Z,4.774722225136227
2016-09-01T16:00:00Z,5.0094444493452706
2016-09-01T17:00:00Z,4.966666657394833
2016-09-01T18:00:00Z,4.221944450007545
2016-09-01T19:00:00Z,3.767777771088812
2016-09-01T20:00:00Z,2.8863888866371576
2016-09-01T21:00:00Z,2.7719444397423003
2016-09-01T22:00:00Z,2.579444439543618
2016-09-01T23:00:00Z,1.5847222172551685
2016-09-02T00:00:00Z,2.079722218381034
2016-09-02T01:00:00Z,3.0711111042234633
2016-09-02T02:00:00Z,3.0563888864384756
2016-09-02T03:00:00Z,2.0788888840211763
2016-09-02T04:00:00Z,1.268333329156869
2016-09-02T05:00:00Z,3.6044444368945228
2016-09-02T06:00:00Z,4.901944453848733
2016-09-02T07:00:00Z,4.724166670772765
2016-09-02T08:00:00Z,5.105277780691782
2016-09-02T09:00:00Z,5.778055542707444
2016-09-02T10:00:00Z,5.426111127270593
2016-09-02T11:00:00Z,5.0855555560853745
2016-09-02T12:00:00Z,4.811666668785943
2016-09-02T13:00:00Z,4.774722224473953
2016-09-02T14:00:00Z,4.995277782943513
2016-09-02T15:00:00Z,5.48611112303204
2016-09-02T16:00:00Z,5.633888892994987
2016-09-02T17:00:00Z,2.4074999931785794
2016-09-02T18:00:00Z,2.524722217851215
2016-09-02T19:00:00Z,2.999999999668863
2016-09-02T20:00:00Z,2.1761111109620996
2016-09-02T21:00:00Z,2.1013888872332043
2016-09-02T22:00:00Z,1.5830555549926228
2016-09-02T23:00:00Z,1.6219444422258271
2016-09-03T00:00:00Z,1.6388888852463828
2016-09-03T01:00:00Z,1.3236111102832688
2016-09-03T02:00:00Z,1.17583333088292
2016-09-03T03:00:00Z,0.9094444464064306
2016-09-03T04:00:00Z,1.067499999846849
2016-09-03T05:00:00Z,1.123611111049023
2016-09-03T06:00:00Z,0.6930555567145348
2016-09-03T07:00:00Z,2.147499998079406
2016-09-03T08:00:00Z,4.61861111289925
2016-09-03T09:00:00Z,6.278333339426252
2016-09-03T10:00:00Z,7.425555548402998
2016-09-03T11:00:00Z,6.3516666703754
2016-09-03T12:00:00Z,7.562499998675452
2016-09-03T13:00:00Z,7.439166680309508
2016-09-03T14:00:00Z,6.764444429344601
2016-09-03T15:00:00Z,6.407499996158812
2016-09-03T16:00:00Z,7.225833329889509
2016-09-03T17:00:00Z,6.666111130184597
2016-09-03T18:00:00Z,8.481666662957933
2016-09-03T19:00:00Z,6.802222235997518
2016-09-03T20:00:00Z,6.353611118263668
2016-09-03T21:00:00Z,6.622222237454521
2016-09-03T22:00:00Z,6.952500014834934
2016-09-03T23:00:00Z,7.174166674084134
2016-09-04T00:00:00Z,6.0463888850477
2016-09-04T01:00:00Z,6.225833351744546
2016-09-04T02:00:00Z,5.4863888952467175
2016-09-04T03:00:00Z,5.771388896306356
2016-09-04T04:00:00Z,5.098888887299432
2016-09-04T05:00:00Z,5.74888889922036
2016-09-04T06:00:00Z,6.535555560059017
2016-09-04T07:00:00Z,5.6822222186459435
2016-09-04T08:00:00Z,6.556388885445065
2016-09-04T09:00:00Z,6.514999986357159
2016-09-04T10:00:00Z,6.87722221745385
2016-09-04T11:00:00Z,5.736666676070955
2016-09-04T12:00:00Z,6.915277796983719
2016-09-04T13:00:00Z,5.7041666640175714
2016-09-04T14:00:00Z,7.2808333403534355
2016-09-04T15:00:00Z,6.0430555668142105
2016-09-04T16:00:00Z,5.401666663752662
2016-09-04T17:00:00Z,3.923611101177004
2016-09-04T18:00:00Z,3.555000005165736
2016-09-04T19:00:00Z,2.6894444432523517
2016-09-04T20:00:00Z,2.056111102965143
2016-09-04T21:00:00Z,2.171666661567158
2016-09-04T22:00:00Z,1.6405555528071192
2016-09-04T23:00:00Z,1.7177777737379074
2016-09-05T00:00:00Z,1.1530555569049386
2016-09-05T01:00:00Z,1.5744444413317575
2016-09-05T02:00:00Z,1.6591666592491998
2016-09-05T03:00:00Z,1.7991666667991215
2016-09-05T04:00:00Z,2.48083332379659
2016-09-05T05:00:00Z,2.839444441596667
2016-09-05T06:00:00Z,2.937222221493721
2016-09-05T07:00:00Z,3.0605555564165114
2016-09-05T08:00:00Z,2.0072222168660825
2016-09-05T09:00:00Z,1.9641666621797615
2016-09-05T10:00:00Z,1.9808333301709757
2016-09-05T11:00:00Z,2.5086111038923264
2016-09-05T12:00:00Z,2.3458333290285536
2016-09-05T13:00:00Z,4.144722221957313
2016-09-05T14:00:00Z,3.5400000002649095
2016-09-05T15:00:00Z,4.231944434510337
2016-09-05T16:00:00Z,3.6472222162617576
2016-09-05T17:00:00Z,3.673055542508761
2016-09-05T18:00:00Z,3.5641666624281143
2016-09-05T19:00:00Z,2.980000000860956
2016-09-05T20:00:00Z,3.038888884252972
2016-09-05T21:00:00Z,2.888888888557752
2016-09-05T22:00:00Z,2.895277774333954
2016-09-05T23:00:00Z,3.1144444439146253
2016-09-06T00:00:00Z,3.143888889749845
2016-09-06T01:00:00Z,3.0266666611035666
2016-09-06T02:00:00Z,2.7961111095216538
2016-09-06T03:00:00Z,2.3516666581233343
2016-09-06T04:00:00Z,2.146944437424342
2016-09-06T05:00:00Z,2.3352777769168216
2016-09-06T06:00:00Z,1.7919444392124813
2016-09-06T07:00:00Z,2.3747222142087088
2016-09-06T08:00:00Z,2.4686111082633335
2016-09-06T09:00:00Z,3.580833331743876
2016-09-06T10:00:00Z,3.7594444506698186
2016-09-06T11:00:00Z,4.108611101574368
2016-09-06T12:00:00Z,3.3263888816038767
2016-09-06T13:00:00Z,2.811111107137468
2016-09-06T14:00:00Z,2.946944445040491
2016-09-06T15:00:00Z,3.2383333259158666
2016-09-06T16:00:00Z,3.528611104024781
2016-09-06T17:00:00Z,3.3261111054155563
2016-09-06T18:00:00Z,2.6116666654745737
2016-09-06T19:00:00Z,2.7158333308166926
2016-09-06T20:00:00Z,2.134166667362054
2016-09-06T21:00:00Z,1.3836111121707493
2016-09-06T22:00:00Z,2.0308333271079593
2016-09-06T23:00:00Z,2.3208333293596906
2016-09-07T00:00:00Z,1.322500000976854
2016-09-07T01:00:00Z,0.7166666684051355
2016-09-07T02:00:00Z,0.47916666966759497
2016-09-07T03:00:00Z,0.6691666698704163
2016-09-07T04:00:00Z,0.863055559558173
2016-09-07T05:00:00Z,1.0361111136360301
2016-09-07T06:00:00Z,1.521666663678156
2016-09-07T07:00:00Z,2.014722213231855
2016-09-07T08:00:00Z,2.7669444390469127
2016-09-07T09:00:00Z,2.7988888839880626
2016-09-07T10:00:00Z,2.988055561317338
2016-09-07T11:00:00Z,2.6508333383335008
2016-09-07T12:00:00Z,2.622777777744664
2016-09-07T13:00:00Z,3.772500001721912
2016-09-07T14:00:00Z,4.342222225831614
2016-09-07T15:00:00Z,4.097777773605452
2016-09-07T16:00:00Z,3.690833330154419
2016-09-07T17:00:00Z,3.9666666726271314
2016-09-07T18:00:00Z,3.0066666609711117
2016-09-07T19:00:00Z,1.72527777598136
2016-09-07T20:00:00Z,1.810555547144678
2016-09-07T21:00:00Z,2.4377777695655825
2016-09-07T22:00:00Z,2.049444444725911
2016-09-07T23:00:00Z,1.3888888872332044
2016-09-08T00:00:00Z,1.5708333300219641
2016-09-08T01:00:00Z,1.7091666642990377
2016-09-08T02:00:00Z,1.4913888853043318
2016-09-08T03:00:00Z,1.4063888892531395
2016-09-08T04:00:00Z,2.1824999996357493
2016-09-08T05:00:00Z,1.5311111122369767
2016-09-08T06:00:00Z,4.7319444467003144
2016-09-08T07:00:00Z,5.140833320220311
2016-09-08T08:00:00Z,6.5416666759385
2016-09-08T09:00:00Z,7.279444439543618
2016-09-08T10:00:00Z,6.872777787182066
2016-09-08T11:00:00Z,7.1066666603088375
2016-09-08T12:00:00Z,7.121111128065321
2016-09-08T13:00:00Z,7.45305555595292
2016-09-08T14:00:00Z,7.186666668785943
2016-09-08T15:00:00Z,6.472777794467079
2016-09-08T16:00:00Z,6.840000002251731
2016-09-08T17:00:00Z,6.862777766916487
2016-09-08T18:00:00Z,5.671666678455141
2016-09-08T19:00:00Z,3.980833325783412
2016-09-08T20:00:00Z,3.55055555999279
2016-09-08T21:00:00Z,3.277222221096357
2016-09-08T22:00:00Z,3.4791666669978034
2016-09-08T23:00:00Z,3.5941666533549625
2016-09-09T00:00:00Z,4.034166658586926
2016-09-09T01:00:00Z,5.7722222242090435
2016-09-09T02:00:00Z,4.721944442722532
2016-09-09T03:00:00Z,4.644166664944755
2016-09-09T04:00:00Z,4.720833332671059
2016-09-09T05:00:00Z,4.708888891670439
2016-09-09T06:00:00Z,4.800277786784702
2016-09-09T07:00:00Z,5.080833351612091
2016-09-09T08:00:00Z,6.237500019205941
2016-09-09T09:00:00Z,7.178333346711264
2016-09-09T10:00:00Z,6.816944438881344
2016-09-09T11:00:00Z,7.710555568006304
2016-09-09T12:00:00Z,7.67416664229499
2016-09-09T13:00:00Z,7.444722225930955
2016-09-09T14:00:00Z,7.648055556747648
2016-09-09T15:00:00Z,7.19277777671814
2016-09-09T16:00:00Z,6.8108333349227905
2016-09-09T17:00:00Z,5.649444456232919
2016-09-09T18:00:00Z,5.652777787711885
2016-09-09T19:00:00Z,5.996666672494676
2016-09-09T20:00:00Z,5.160277771287494
2016-09-09T21:00:00Z,5.141111099720002
2016-09-09T22:00:00Z,6.481944460339016
2016-09-09T23:00:00Z,6.823611103826099
2016-09-10T00:00:00Z,7.321666700310177
2016-09-10T01:00:00Z,8.037499981456333
2016-09-10T02:00:00Z,6.930000031656689
2016-09-10T03:00:00Z,6.40138890809483
2016-09-10T04:00:00Z,6.114444442590078
2016-09-10T05:00:00Z,6.080000004503462
2016-09-10T06:00:00Z,6.043055550919639
2016-09-10T07:00:00Z,6.039166668388579
2016-09-10T08:00:00Z,5.796111096938451
2016-09-10T09:00:00Z,6.031111112568113
2016-09-10T10:00:00Z,6.344166660971112
2016-09-10T11:00:00Z,6.163611104091008
2016-09-10T12:00:00Z,6.170833328697417
2016-09-10T13:00:00Z,6.006944449080361
2016-09-10T14:00:00Z,4.40916666885217
2016-09-10T15:00:00Z,3.6700000044372345
2016-09-10T16:00:00Z,2.644722215996848
2016-09-10T17:00:00Z,2.7566666662693025
2016-09-10T18:00:00Z,3.029166666004393
2016-09-10T19:00:00Z,3.08055555290646
2016-09-10T20:00:00Z,2.9911111066738765
2016-09-10T21:00:00Z,2.4777777734729978
2016-09-10T22:00:00Z,2.285833330783579
2016-09-10T23:00:00Z,1.8786111036936441
2016-09-11T00:00:00Z,1.892499991092417
2016-09-11T01:00:00Z,2.1952777693669003
2016-09-11T02:00:00Z,1.1225000030464596
2016-09-11T03:00:00Z,0.9619444477061431
2016-09-11T04:00:00Z,0.8577777794044879
2016-09-11T05:00:00Z,1.1477777781585852
2016-09-11T06:00:00Z,0.854166667494509
2016-09-11T07:00:00Z,0.4258333360362384
2016-09-11T08:00:00Z,0.6380555614208182
2016-09-11T09:00:00Z,1.1511111117071575
2016-09-11T10:00:00Z,2.816388886132174
2016-09-11T11:00:00Z,3.403888882862197
2016-09-11T12:00:00Z,3.537777771883541
2016-09-11T13:00:00Z,3.932499990860621
2016-09-11T14:00:00Z,4.704722221692403
2016-09-11T15:00:00Z,4.570277778969871
2016-09-11T16:00:00Z,4.400000005298191
2016-09-11T17:00:00Z,3.426666661600272
2016-09-11T18:00:00Z,2.0036111081639927
2016-09-11T19:00:00Z,1.000000003269977
2016-09-11T20:00:00Z,2.425555552045504
2016-09-11T21:00:00Z,2.0816666584048007
2016-09-11T22:00:00Z,1.2177777784566084
2016-09-11T23:00:00Z,1.6927777712543806
2016-09-12T00:00:00Z,1.633333325986233
2016-09-12T01:00:00Z,2.277222218985359
2016-09-12T02:00:00Z,3.1097222129503885
2016-09-12T03:00:00Z,2.843888881471422
2016-09-12T04:00:00Z,3.1755555550257366
2016-09-12T05:00:00Z,2.971111112833023
2016-09-12T06:00:00Z,4.144722222619587
2016-09-12T07:00:00Z,4.337499998013178
2016-09-12T08:00:00Z,4.890000010861291
2016-09-12T09:00:00Z,4.760277768307262
2016-09-12T10:00:00Z,5.135277769962946
2016-09-12T11:00:00Z,5.649166662163204
2016-09-12T12:00:00Z,5.80805556707912
2016-09-12T13:00:00Z,5.4841666711701285
2016-09-12T14:00:00Z,5.173888878358735
2016-09-12T15:00:00Z,4.213333320617676
2016-09-12T16:00:00Z,3.5955555535025066
2016-09-12T17:00:00Z,3.753611104687055
2016-09-12T18:00:00Z,1.866111105349329
2016-09-12T19:00:00Z,1.3216666657063696
2016-09-12T20:00:00Z,1.2966666624777847
2016-09-12T21:00:00Z,1.0449999981870255
2016-09-12T22:00:00Z,1.5891666632559565
2016-09-12T23:00:00Z,1.4694444417953492
2016-09-13T00:00:00Z,1.6933333242932955
2016-09-13T01:00:00Z,0.9708333355892036
2016-09-13T02:00:00Z,1.8088888820674685
2016-09-13T03:00:00Z,1.779999995728334
2016-09-13T04:00:00Z,1.908055552177959
2016-09-13T05:00:00Z,1.258888892456889
2016-09-13T06:00:00Z,1.5163888887398773
2016-09-13T07:00:00Z,1.8788888786402014
2016-09-13T08:00:00Z,2.3072222186459435
2016-09-13T09:00:00Z,3.0130555503898195
2016-09-13T10:00:00Z,6.729722236593564
2016-09-13T11:00:00Z,5.234166668521033
2016-09-13T12:00:00Z,5.204444451795684
2016-09-13T13:00:00Z,4.5136111141906845
2016-09-13T14:00:00Z,2.2441666659795576
2016-09-13T15:00:00Z,2.6266666626764668
2016-09-13T16:00:00Z,2.9613888922664855
2016-09-13T17:00:00Z,2.634722216261758
2016-09-13T18:00:00Z,2.4580555465486316
2016-09-13T19:00:00Z,2.641944447490904
2016-09-13T20:00:00Z,2.420000003443824
2016-09-13T21:00:00Z,2.929722225997183
2016-09-13T22:00:00Z,2.5102777752611374
2016-09-13T23:00:00Z,2.614444441596667
2016-09-14T00:00:00Z,3.358888890014754
2016-09-14T01:00:00Z,3.0180555565489664
2016-09-14T02:00:00Z,2.815833333796925
2016-09-14T03:00:00Z,3.256111104289691
2016-09-14T04:00:00Z,2.8480555527740057
2016-09-14T05:00:00Z,2.9013888794514866
2016-09-14T06:00:00Z,3.6699999988079073
2016-09-14T07:00:00Z,2.386944439676073
2016-09-14T08:00:00Z,2.322499997748269
2016-09-14T09:00:00Z,4.100833331876331
2016-09-14T10:00:00Z,4.96944444278876
2016-09-14T11:00:00Z,3.9277777678436703
2016-09-14T12:00:00Z,2.1302777744829653
2016-09-14T13:00:00Z,2.731388887618151
2016-09-14T14:00:00Z,4.832222220301628
2016-09-14T15:00:00Z,4.204166652758916
2016-09-14T16:00:00Z,3.2702777749962277
2016-09-14T17:00:00Z,2.2741666638188893
2016-09-14T18:00:00Z,1.6211111025677787
2016-09-14T19:00:00Z,1.544166663620207
2016-09-14T20:00:00Z,0.7972222250989742
2016-09-14T21:00:00Z,1.1688888914055295
2016-09-14T22:00:00Z,1.4149999989403619
2016-09-14T23:00:00Z,0.6100000033362044
2016-09-15T00:00:00Z,0.6275000038867196
2016-09-15T01:00:00Z,1.303611110481951
2016-09-15T02:00:00Z,1.5897222181161246
2016-09-15T03:00:00Z,0.5408333367150691
2016-09-15T04:00:00Z,0.8863888902589678
2016-09-15T05:00:00Z,1.007777779859801
2016-09-15T06:00:00Z,1.1050000018543666
2016-09-15T07:00:00Z,1.000555555874275
2016-09-15T08:00:00Z,1.20305555820879
2016-09-15T09:00:00Z,3.2286111020379598
2016-09-15T10:00:00Z,4.811388881338967
2016-09-15T11:00:00Z,3.7369444406694834
2016-09-15T12:00:00Z,2.7563888827959695
2016-09-15T13:00:00Z,2.825555555522442
2016-09-15T14:00:00Z,3.505555549595091
2016-09-15T15:00:00Z,3.460277764664756
2016-09-15T16:00:00Z,3.694444446100129
2016-09-15T17:00:00Z,3.721388891670439
2016-09-15T18:00:00Z,2.2322222234474287
2016-09-15T19:00:00Z,1.3097222262993455
2016-09-15T20:00:00Z,2.8555555558866925
2016-09-15T21:00:00Z,1.979444439874755
2016-09-15T22:00:00Z,1.796388880080647
2016-09-15T23:00:00Z,2.3036111092608835
2016-09-16T00:00:00Z,2.795833326731291
2016-09-16T01:00:00Z,1.7247222190929783
2016-09-16T02:00:00Z,1.9794444420271449
2016-09-16T03:00:00Z,1.158333331719041
2016-09-16T04:00:00Z,2.2283333314789666
2016-09-16T05:00:00Z,3.857777771353722
2016-09-16T06:00:00Z,4.212222211890751
2016-09-16T07:00:00Z,3.7905555496613186
2016-09-16T08:00:00Z,4.370555547873179
2016-09-16T09:00:00Z,4.809444441729122
2016-09-16T10:00:00Z,5.611944454908371
2016-09-16T11:00:00Z,6.819722238514158
2016-09-16T12:00:00Z,6.649999994039535
2016-09-16T13:00:00Z,6.99972222381168
2016-09-16T14:00:00Z,6.913333345784081
2016-09-16T15:00:00Z,6.412500001986822
2016-09-16T16:00:00Z,6.016944448815452
2016-09-16T17:00:00Z,5.6805555582046505
2016-09-16T18:00:00Z,5.069722226593229
2016-09-16T19:00:00Z,3.9691666656070286
2016-09-16T20:00:00Z,4.559444446033901
2016-09-16T21:00:00Z,3.7641666617658402
2016-09-16T22:00:00Z,4.185277787182066
2016-09-16T23:00:00Z,3.7544444425238503
2016-09-17T00:00:00Z,3.7400000042385524
2016-09-17T01:00:00Z,3.5136111054155563
2016-09-17T02:00:00Z,3.554444439212481
2016-09-17T03:00:00Z,3.4588888900147543
2016-09-17T04:00:00Z,3.353611100051138
2016-09-17T05:00:00Z,3.793888886107339
2016-09-17T06:00:00Z,3.5833333412806194
2016-09-17T07:00:00Z,3.543055545290311
2016-09-17T08:00:00Z,4.209999984502792
2016-09-17T09:00:00Z,4.369722215996848
2016-09-17T10:00:00Z,4.979722238911522
2016-09-17T11:00:00Z,5.907777798175812
2016-09-17T12:00:00Z,6.297500003046459
2016-09-17T13:00:00Z,5.045277792215347
2016-09-17T14:00:00Z,5.533333332008786
2016-09-17T15:00:00Z,6.391666667991214
2016-09-17T16:00:00Z,4.679999998542997
2016-09-17T17:00:00Z,3.9861111104488374
2016-09-17T18:00:00Z,2.678888887498114
2016-09-17T19:00:00Z,2.2397222174538505
2016-09-17T20:00:00Z,2.6333333333333333
2016-09-17T21:00:00Z,1.5663888846834502
2016-09-17T22:00:00Z,1.633888883060879
2016-09-17T23:00:00Z,1.5066666619645224
2016-09-18T00:00:00Z,1.0752777804931004
2016-09-18T01:00:00Z,2.2394444382852976
2016-09-18T02:00:00Z,2.3983333284656205
2016-09-18T03:00:00Z,2.0049999985429974
2016-09-18T04:00:00Z,2.166944436563386
2016-09-18T05:00:00Z,1.9699999968210855
2016-09-18T06:00:00Z,1.3380555546532074
2016-09-18T07:00:00Z,1.3466666640713811
2016-09-18T08:00:00Z,1.9124999970197678
2016-09-18T09:00:00Z,2.7052777777115504
2016-09-18T10:00:00Z,2.443055549450219
2016-09-18T11:00:00Z,2.5238888951639336
2016-09-18T12:00:00Z,1.8433333316610918
2016-09-18T13:00:00Z,1.7336111079487535
2016-09-18T14:00:00Z,1.2475000041847428
2016-09-18T15:00:00Z,2.712777775526047
2016-09-18T16:00:00Z,3.003888879219691
2016-09-18T17:00:00Z,2.2497222127185927
2016-09-18T18:00:00Z,1.667222216559781
2016-09-18T19:00:00Z,1.2166666686534882
2016-09-18T20:00:00Z,1.611388887796137
2016-09-18T21:00:00Z,2.0816666569974687
2016-09-18T22:00:00Z,1.818333324458864
2016-09-18T23:00:00Z,1.7730555466479725
2016-09-19T00:00:00Z,1.4961111058791479
2016-09-19T01:00:00Z,1.3444444432854652
2016-09-19T02:00:00Z,0.7208333371207118
2016-09-19T03:00:00Z,1.1297222265559765
2016-09-19T04:00:00Z,0.8700000037335687
2016-09-19T05:00:00Z,1.0402777810063628
2016-09-19T06:00:00Z,0.8475000027153227
2016-09-19T07:00:00Z,0.5800000040481488
2016-09-19T08:00:00Z,0.7691666679042909
2016-09-19T09:00:00Z,1.365555555704567
2016-09-19T10:00:00Z,2.0633333264125717
2016-09-19T11:00:00Z,1.8899999974502457
2016-09-19T12:00:00Z,2.0630555475751557
2016-09-19T13:00:00Z,2.516666660706202
2016-09-19T14:00:00Z,3.049444439344936
2016-09-19T15:00:00Z,2.330277771419949
2016-09-19T16:00:00Z,1.342777776842316
2016-09-19T17:00:00Z,1.186388890279664
2016-09-19T18:00:00Z,0.8552777787049611
2016-09-19T19:00:00Z,1.314444445239173
2016-09-19T20:00:00Z,1.706666662461228
2016-09-19T21:00:00Z,1.4561111097534498
2016-09-19T22:00:00Z,1.8119444443119896
2016-09-19T23:00:00Z,1.1902777756253877
2016-09-20T00:00:00Z,0.9380555582129293
2016-09-20T01:00:00Z,0.8675000024752484
2016-09-20T02:00:00Z,0.8275000019205941
2016-09-20T03:00:00Z,1.2080555551581913
2016-09-20T04:00:00Z,0.9177777830511331
2016-09-20T05:00:00Z,1.384166666948133
2016-09-20T06:00:00Z,1.0691666692909267
2016-09-20T07:00:00Z,2.075555553370052
2016-09-20T08:00:00Z,2.45694444063637
2016-09-20T09:00:00Z,2.530833332737287
2016-09-20T10:00:00Z,2.921388888027933
2016-09-20T11:00:00Z,2.806666662792365
2016-09-20T12:00:00Z,2.5913888866702717
2016-09-20T13:00:00Z,1.7341666659961144
2016-09-20T14:00:00Z,2.8241666588518353
2016-09-20T15:00:00Z,2.5108333291278946
2016-09-20T16:00:00Z,2.6849999954303105
2016-09-20T17:00:00Z,1.7619444419940313
2016-09-20T18:00:00Z,0.9769444471018182
2016-09-20T19:00:00Z,0.7866666681236691
2016-09-20T20:00:00Z,0.8144444485919343
2016-09-20T21:00:00Z,1.2002777814865113
2016-09-20T22:00:00Z,0.7480555589621266
2016-09-20T23:00:00Z,1.2938888880113761
2016-09-21T00:00:00Z,0.989444445197781
2016-09-21T01:00:00Z,0.49250000305473807
2016-09-21T02:00:00Z,0.3952777826123767
2016-09-21T03:00:00Z,0.930833334972461
2016-09-21T04:00:00Z,0.8372222252810995
2016-09-21T05:00:00Z,1.0763888904617893
2016-09-21T06:00:00Z,1.1508333350221316
2016-09-21T07:00:00Z,1.6697222153345743
2016-09-21T08:00:00Z,2.0508333310484885
2016-09-21T09:00:00Z,3.08944444557031
2016-09-21T10:00:00Z,3.5527777744664086
2016-09-21T11:00:00Z,3.681944450073772
2016-09-21T12:00:00Z,4.160555551780595
2016-09-21T13:00:00Z,4.431388889087571
2016-09-21T14:00:00Z,5.796111112833023
2016-09-21T15:00:00Z,4.641666667991214
2016-09-21T16:00:00Z,4.441944449477726
2016-09-21T17:00:00Z,3.3597222208976745
2016-09-21T18:00:00Z,2.9424999978807236
2016-09-21T19:00:00Z,2.531388885776202
2016-09-21T20:00:00Z,1.8372222168578043
2016-09-21T21:00:00Z,1.8541666593816546
2016-09-21T22:00:00Z,1.689999992855721
2016-09-21T23:00:00Z,2.2122222155332567
2016-09-22T00:00:00Z,1.03388888914552
2016-09-22T01:00:00Z,1.41055555442969
2016-09-22T02:00:00Z,2.329722221030129
2016-09-22T03:00:00Z,2.6133333322074677
2016-09-22T04:00:00Z,2.5236111087931525
2016-09-22T05:00:00Z,2.70472221341398
2016-09-22T06:00:00Z,3.641944451795684
2016-09-22T07:00:00Z,3.1213888870345223
2016-09-22T08:00:00Z,4.431944442457623
2016-09-22T09:00:00Z,4.0316666626267965
2016-09-22T10:00:00Z,3.9013888696829477
2016-09-22T11:00:00Z,4.008333332339922
2016-09-22T12:00:00Z,4.900555553701189
2016-09-22T13:00:00Z,4.586111115747028
2016-09-22T14:00:00Z,3.9216666625605687
2016-09-22T15:00:00Z,4.810833326644367
2016-09-22T16:00:00Z,4.468333322472042
2016-09-22T17:00:00Z,3.801944444576899
2016-09-22T18:00:00Z,3.018333324127727
2016-09-22T19:00:00Z,1.6749999977648258
2016-09-22T20:00:00Z,1.9813888837893805
2016-09-22T21:00:00Z,1.0686111124646334
2016-09-22T22:00:00Z,0.915833336321844
2016-09-22T23:00:00Z,1.7380555518799359
2016-09-23T00:00:00Z,1.5361111079653105
2016-09-23T01:00:00Z,1.159722221477164
2016-09-23T02:00:00Z,1.385277775944107
2016-09-23T03:00:00Z,1.2952777795493602
2016-09-23T04:00:00Z,0.9077777791768312
2016-09-23T05:00:00Z,1.4347222184141477
2016-09-23T06:00:00Z,0.8558333369592825
2016-09-23T07:00:00Z,0.7361111163679096
2016-09-23T08:00:00Z,0.928055555621783
2016-09-23T09:00:00Z,1.9291666565669907
2016-09-23T10:00:00Z,3.0774999973260693
2016-09-23T11:00:00Z,3.7274999999337726
2016-09-23T12:00:00Z,3.925555560986201
2016-09-23T13:00:00Z,4.89055555595292
2016-09-23T14:00:00Z,4.8938888788223265
2016-09-23T15:00:00Z,4.798611108130879
2016-09-23T16:00:00Z,5.073333330949148
2016-09-23T17:00:00Z,3.4013888902134366
2016-09-23T18:00:00Z,2.838611113693979
2016-09-23T19:00:00Z,2.7430555542310078
2016-09-23T20:00:00Z,2.1449999915228948
2016-09-23T21:00:00Z,1.7683333257834117
2016-09-23T22:00:00Z,2.4269444356362024
2016-09-23T23:00:00Z,2.5041666607889863
2016-09-24T00:00:00Z,3.6691666699118084
2016-09-24T01:00:00Z,3.3649999936421713
2016-09-24T02:00:00Z,3.4516666571299237
2016-09-24T03:00:00Z,3.438333332207468
2016-09-24T04:00:00Z,3.4247222152021197
2016-09-24T05:00:00Z,3.7055555466148586
2016-09-24T06:00:00Z,3.7352777745988632
2016-09-24T07:00:00Z,4.642500001192093
2016-09-24T08:00:00Z,5.540277767181396
2016-09-24T09:00:00Z,7.39333333770434
2016-09-24T10:00:00Z,8.315000010199016
2016-09-24T11:00:00Z,8.73888889418708
2016-09-24T12:00:00Z,8.851944462458293
2016-09-24T13:00:00Z,9.194722221957313
2016-09-24T14:00:00Z,7.948611117733849
2016-09-24T15:00:00Z,6.67805556125111
2016-09-24T16:00:00Z,4.3352777755922745
2016-09-24T17:00:00Z,3.7475000007285013
2016-09-24T18:00:00Z,4.180555553899871
2016-09-24T19:00:00Z,4.04166667163372
2016-09-24T20:00:00Z,3.456666666269302
2016-09-24T21:00:00Z,3.2138888832595613
2016-09-24T22:00:00Z,3.3783333261807758
2016-09-24T23:00:00Z,5.958888897630904
2016-09-25T00:00:00Z,6.054722219705582
2016-09-25T01:00:00Z,6.607777782943514
2016-09-25T02:00:00Z,7.441944450802273
2016-09-25T03:00:00Z,4.9327777882417045
2016-09-25T04:00:00Z,3.9980555461512672
2016-09-25T05:00:00Z,4.049722222487132
2016-09-25T06:00:00Z,3.9144444425900775
2016-09-25T07:00:00Z,4.290833330154419
2016-09-25T08:00:00Z,5.21611110634274
2016-09-25T09:00:00Z,6.403055551317003
2016-09-25T10:00:00Z,7.807500010066562
2016-09-25T11:00:00Z,8.234166684415605
2016-09-25T12:00:00Z,7.593888898690541
2016-09-25T13:00:00Z,7.2500000046359165
2016-09-25T14:00:00Z,6.910000002384185
2016-09-25T15:00:00Z,6.754166665342119
2016-09-25T16:00:00Z,5.194722229904599
2016-09-25T17:00:00Z,3.2341666675276226
2016-09-25T18:00:00Z,3.6880555510520936
2016-09-25T19:00:00Z,3.3575000007947287
2016-09-25T20:00:00Z,3.4991666615009307
2016-09-25T21:00:00Z,3.5391666650772096
2016-09-25T22:00:00Z,3.243333331743876
2016-09-25T23:00:00Z,2.707222224275271
2016-09-26T00:00:00Z,2.0708333253860474
2016-09-26T01:00:00Z,1.1261111134249302
2016-09-26T02:00:00Z,1.368888887949288
2016-09-26T03:00:00Z,0.8233333339707719
2016-09-26T04:00:00Z,1.4774999938077398
2016-09-26T05:00:00Z,1.927222216129303
2016-09-26T06:00:00Z,2.4166666663355296
2016-09-26T07:00:00Z,2.737499996688631
2016-09-26T08:00:00Z,3.341666658057107
2016-09-26T09:00:00Z,4.5577777852614725
2016-09-26T10:00:00Z,4.876388887895478
2016-09-26T11:00:00Z,5.125555549065272
2016-09-26T12:00:00Z,4.747222219573127
2016-09-26T13:00:00Z,4.9949999928474424
2016-09-26T14:00:00Z,5.005555559529198
2016-09-26T15:00:00Z,4.590555549661318
2016-09-26T16:00:00Z,3.311111108130879
2016-09-26T17:00:00Z,2.8900000009271833
2016-09-26T18:00:00Z,2.455000000198682
2016-09-26T19:00:00Z,2.584166670176718
2016-09-26T20:00:00Z,2.5147222191095353
2016-09-26T21:00:00Z,2.5674999982118605
2016-09-26T22:00:00Z,3.171111112833023
2016-09-26T23:00:00Z,3.1080555462174946
2016-09-27T00:00:00Z,3.161944446961085
2016-09-27T01:00:00Z,3.4358333273066415
2016-09-27T02:00:00Z,3.490555552641551
2016-09-27T03:00:00Z,4.661388882663515
2016-09-27T04:00:00Z,4.627500003576278
2016-09-27T05:00:00Z,5.322222227520413
2016-09-27T06:00:00Z,5.002222227387958
2016-09-27T07:00:00Z,5.646944440073437
2016-09-27T08:00:00Z,5.876111127932867
2016-09-27T09:00:00Z,5.8063888900809815
2016-09-27T10:00:00Z,5.4244444436497155
2016-09-27T11:00:00Z,4.88388887974951
2016-09-27T12:00:00Z,4.863055556350284
2016-09-27T13:00:00Z,4.882777771684858
2016-09-27T14:00:00Z,5.135277785857519
2016-09-27T15:00:00Z,4.6466666668653485
2016-09-27T16:00:00Z,4.128055549992455
2016-09-27T17:00:00Z,3.5025000015894574
2016-09-27T18:00:00Z,3.2838888830608792
2016-09-27T19:00:00Z,2.6574999974833595
2016-09-27T20:00:00Z,2.541666667660077
2016-09-27T21:00:00Z,3.3361111025015515
2016-09-27T22:00:00Z,2.5616666648123
2016-09-27T23:00:00Z,3.3930555542310077
2016-09-28T00:00:00Z,3.420000000132455
2016-09-28T01:00:00Z,3.1366666598452464
2016-09-28T02:00:00Z,3.1399999999337727
2016-09-28T03:00:00Z,3.4088888893524807
2016-09-28T04:00:00Z,2.945555551846822
2016-09-28T05:00:00Z,2.6533333284987344
2016-09-28T06:00:00Z,3.120833334657881
2016-09-28T07:00:00Z,3.791666664679845
2016-09-28T08:00:00Z,4.21333332127995
2016-09-28T09:00:00Z,4.102777779764599
2016-09-28T10:00:00Z,4.756388883458244
2016-09-28T11:00:00Z,5.228333329492145
2016-09-28T12:00:00Z,5.58166666759385
2016-09-28T13:00:00Z,6.029722214407391
2016-09-28T14:00:00Z,6.403888897432221
2016-09-28T15:00:00Z,6.650277789433797
2016-09-28T16:00:00Z,6.548888900544909
2016-09-28T17:00:00Z,5.791666665673256
2016-09-28T18:00:00Z,5.798333340883255
2016-09-28T19:00:00Z,6.238611113362842
2016-09-28T20:00:00Z,6.221388908889558
2016-09-28T21:00:00Z,5.792500007152557
2016-09-28T22:00:00Z,5.905277784003152
2016-09-28T23:00:00Z,6.2311111152172085
2016-09-29T00:00:00Z,6.236388897233539
2016-09-29T01:00:00Z,7.016944436894523
2016-09-29T02:00:00Z,8.484166672494677
2016-09-29T03:00:00Z,8.108333353201548
2016-09-29T04:00:00Z,7.627499994966719
2016-09-29T05:00:00Z,6.015555557277468
2016-09-29T06:00:00Z,7.224722225136227
2016-09-29T07:00:00Z,7.128611120912764
2016-09-29T08:00:00Z,6.087222230434418
2016-09-29T09:00:00Z,5.161666661500931
2016-09-29T10:00:00Z,5.724166658851836
2016-09-29T11:00:00Z,7.315000023444494
2016-09-29T12:00:00Z,7.850555577543047
2016-09-29T13:00:00Z,7.422222238779068
2016-09-29T14:00:00Z,6.787222217188941
2016-09-29T15:00:00Z,7.414166669050853
2016-09-29T16:00:00Z,5.977500016159482
2016-09-29T17:00:00Z,5.408333331346512
2016-09-29T18:00:00Z,3.584166661567158
2016-09-29T19:00:00Z,3.1477777716186313
2016-09-29T20:00:00Z,2.9386111120382945
2016-09-29T21:00:00Z,2.8491666648122997
2016-09-29T22:00:00Z,3.2458333320087855
2016-09-29T23:00:00Z,3.315555556284057
2016-09-30T00:00:00Z,2.9469444463650385
2016-09-30T01:00:00Z,2.5005555475751557
2016-09-30T02:00:00Z,2.9088888872000904
2016-09-30T03:00:00Z,4.006944443782171
2016-09-30T04:00:00Z,3.0913888881603877
2016-09-30T05:00:00Z,1.9394444454047415
2016-09-30T06:00:00Z,2.20611110760106
2016-09-30T07:00:00Z,2.6374999950329463
2016-09-30T08:00:00Z,4.231111104620828
2016-09-30T09:00:00Z,5.0825000001324545
2016-09-30T10:00:00Z,5.923333326313231
2016-09-30T11:00:00Z,5.9586111062102844
2016-09-30T12:00:00Z,7.023888896571266
2016-09-30T13:00:00Z,5.882499998145633
2016-09-30T14:00:00Z,4.302222220102946
2016-09-30T15:00:00Z,4.755833322472043
2016-09-30T16:00:00Z,3.017222224507067
2016-09-30T17:00:00Z,2.7824999971522226
2016-09-30T18:00:00Z,2.0663888841867446
2016-09-30T19:00:00Z,2.7219444427225326
2016-09-30T20:00:00Z,2.6591666695144442
2016-09-30T21:00:00Z,2.7941666622956594
2016-09-30T22:00:00Z,1.8711111093767816
2016-09-30T23:00:00Z,1.13555555658208
2016-10-01T00:00:00Z,0.6233333374891016
2016-10-01T01:00:00Z,0.9602777774549193
2016-10-01T02:00:00Z,1.2141666659050518
2016-10-01T03:00:00Z,1.8588888810740576
2016-10-01T04:00:00Z,1.6363888808629579
2016-10-01T05:00:00Z,2.2274999966224036
2016-10-01T06:00:00Z,2.484999995264742
2016-10-01T07:00:00Z,3.351111110713747
2016-10-01T08:00:00Z,2.865833333465788
2016-10-01T09:00:00Z,4.467500003510051
2016-10-01T10:00:00Z,2.894444443947739
2016-10-01T11:00:00Z,3.050555553038915
2016-10-01T12:00:00Z,3.979722218712171
2016-10-01T13:00:00Z,6.241111118263668
2016-10-01T14:00:00Z,4.546388885709974
2016-10-01T15:00:00Z,4.906666657659742
2016-10-01T16:00:00Z,4.905555551581912
2016-10-01T17:00:00Z,4.007222213347753
2016-10-01T18:00:00Z,3.5022222181161244
2016-10-01T19:00:00Z,2.186666660838657
2016-10-01T20:00:00Z,1.6713888863722484
2016-10-01T21:00:00Z,1.5802777720822228
2016-10-01T22:00:00Z,2.2169444430205556
2016-10-01T23:00:00Z,2.1549999922513963
2016-10-02T00:00:00Z,2.4183333297570546
2016-10-02T01:00:00Z,2.360833326478799
2016-10-02T02:00:00Z,2.4897222194406723
2016-10-02T03:00:00Z,2.2338888852132692
2016-10-02T04:00:00Z,2.2219444433848063
2016-10-02T05:00:00Z,2.0788888825310603
2016-10-02T06:00:00Z,1.770833328862985
2016-10-02T07:00:00Z,2.084166654592587
2016-10-02T08:00:00Z,2.0474999942713312
2016-10-02T09:00:00Z,2.705833327935802
2016-10-02T10:00:00Z,2.7844444412324165
2016-10-02T11:00:00Z,2.3930555483533276
2016-10-02T12:00:00Z,2.266944431161715
2016-10-02T13:00:00Z,2.2608333325013517
2016-10-02T14:00:00Z,2.022499998079406
2016-10-02T15:00:00Z,1.7474999999006589
2016-10-02T16:00:00Z,1.5452777715606822
2016-10-02T17:00:00Z,1.3630555529147386
2016-10-02T18:00:00Z,1.055555557149152
2016-10-02T19:00:00Z,0.5447222255584266
2016-10-02T20:00:00Z,0.23888889244861072
2016-10-02T21:00:00Z,0.863888890730838
2016-10-02T22:00:00Z,0.9913888896918959
2016-10-02T23:00:00Z,1.3288888893193669
2016-10-03T00:00:00Z,1.0074999995943572
2016-10-03T01:00:00Z,1.4483333324392638
2016-10-03T02:00:00Z,1.2550000005712112
2016-10-03T03:00:00Z,1.619444440305233
2016-10-03T04:00:00Z,1.297777778075801
2016-10-03T05:00:00Z,1.743611106607649
2016-10-03T06:00:00Z,0.8172222275700834
2016-10-03T07:00:00Z,1.5202777759896384
2016-10-03T08:00:00Z,1.836944436530272
2016-10-03T09:00:00Z,2.2205555528402328
2016-10-03T10:00:00Z,3.7033333275053235
2016-10-03T11:00:00Z,3.939166666401757
2016-10-03T12:00:00Z,3.0969444369276364
2016-10-03T13:00:00Z,2.4999999946190252
2016-10-03T14:00:00Z,2.688055551879936
2016-10-03T15:00:00Z,2.6908333326379457
2016-10-03T16:00:00Z,2.501388884915246
2016-10-03T17:00:00Z,1.7288888843523131
2016-10-03T18:00:00Z,2.2611111044883727
2016-10-03T19:00:00Z,2.092777771751086
2016-10-03T20:00:00Z,2.0424999905957115
2016-10-03T21:00:00Z,1.9072222167419062
2016-10-03T22:00:00Z,1.4286111089918347
2016-10-03T23:00:00Z,1.7188888851139281
2016-10-04T00:00:00Z,2.3583333306842382
2016-10-04T01:00:00Z,2.6186111052831014
2016-10-04T02:00:00Z,2.1694444328546525
2016-10-04T03:00:00Z,2.1299999942382177
2016-10-04T04:00:00Z,1.9130555477407243
2016-10-04T05:00:00Z,2.4636111113760206
2016-10-04T06:00:00Z,1.9047222167253495
2016-10-04T07:00:00Z,2.5333333320087856
2016-10-04T08:00:00Z,3.0569444414642124
2016-10-04T09:00:00Z,4.396666665209664
2016-10-04T10:00:00Z,4.981944433848063
2016-10-04T11:00:00Z,5.144722231229147
2016-10-04T12:00:00Z,4.922222226195865
2016-10-04T13:00:00Z,4.674722222487132
2016-10-04T14:00:00Z,5.630555566814211
2016-10-04T15:00:00Z,5.045833340618345
2016-10-04T16:00:00Z,4.1172222077846525
2016-10-04T17:00:00Z,2.557777777645323
2016-10-04T18:00:00Z,3.5569444398085275
2016-10-04T19:00:00Z,4.369444451729456
2016-10-04T20:00:00Z,4.841666665010982
2016-10-04T21:00:00Z,4.198055538535118
2016-10-04T22:00:00Z,3.8516666687197154
2016-10-04T23:00:00Z,4.098611106475194
2016-10-05T00:00:00Z,3.6033333324723773
2016-10-05T01:00:00Z,3.9641666594478817
2016-10-05T02:00:00Z,3.6966666698455812
2016-10-05T03:00:00Z,3.619166656666332
2016-10-05T04:00:00Z,2.0519444367951816
2016-10-05T05:00:00Z,3.1180555542310078
2016-10-05T06:00:00Z,3.1108333273066413
2016-10-05T07:00:00Z,4.709444446696176
2016-10-05T08:00:00Z,5.976111123959224
2016-10-05T09:00:00Z,6.347222225533591
2016-10-05T10:00:00Z,7.459444446033902
2016-10-05T11:00:00Z,7.41638889975018
2016-10-05T12:00:00Z,7.761111111111111
2016-10-05T13:00:00Z,7.3736111091242895
2016-10-05T14:00:00Z,7.2086111214425825
2016-10-05T15:00:00Z,7.166111114290025
2016-10-05T16:00:00Z,7.895555567741394
2016-10-05T17:00:00Z,7.264444445239173
2016-10-05T18:00:00Z,6.261388888292842
2016-10-05T19:00:00Z,4.52944444682863
2016-10-05T20:00:00Z,3.5763888892200257
2016-10-05T21:00:00Z,3.585277780559328
2016-10-05T22:00:00Z,3.201111109058062
2016-10-05T23:00:00Z,3.1347222275204127
2016-10-06T00:00:00Z,3.2241666631566153
2016-10-06T01:00:00Z,2.4633333249224556
2016-10-06T02:00:00Z,2.753611104024781
2016-10-06T03:00:00Z,3.2855555461512673
2016-10-06T04:00:00Z,3.2527777824136948
2016-10-06T05:00:00Z,2.456388886604044
2016-10-06T06:00:00Z,2.314444437954161
2016-10-06T07:00:00Z,1.5841666629744902
2016-10-06T08:00:00Z,2.7199999971522226
2016-10-06T09:00:00Z,4.089166668057442
2016-10-06T10:00:00Z,5.048611111111111
2016-10-06T11:00:00Z,5.020277774002817
2016-10-06T12:00:00Z,4.72888888683584
2016-10-06T13:00:00Z,5.376111110051473
2016-10-06T14:00:00Z,4.673611120051808
2016-10-06T15:00:00Z,4.68055555290646
2016-10-06T16:00:00Z,3.163055556019147
2016-10-06T17:00:00Z,1.9491666659712792
2016-10-06T18:00:00Z,2.082499990860621
2016-10-06T19:00:00Z,1.1341666662858592
2016-10-06T20:00:00Z,1.7000000004346172
2016-10-06T21:00:00Z,2.4658333321412402
2016-10-06T22:00:00Z,1.2083333315948646
2016-10-06T23:00:00Z,1.2222222216841248
2016-10-07T00:00:00Z,2.0891666687197157
2016-10-07T01:00:00Z,2.552499991324213
2016-10-07T02:00:00Z,2.614444432821539
2016-10-07T03:00:00Z,1.8030555491646132
2016-10-07T04:00:00Z,1.6741666617699795
2016-10-07T05:00:00Z,1.65722221661773
2016-10-07T06:00:00Z,1.7427777742346129
2016-10-07T07:00:00Z,2.195555555489328
2016-10-07T08:00:00Z,2.664444442755646
2016-10-07T09:00:00Z,3.1119444410006207
2016-10-07T10:00:00Z,3.183333327704006
2016-10-07T11:00:00Z,3.1825000065896245
2016-10-07T12:00:00Z,2.772222222553359
2016-10-07T13:00:00Z,2.3624999947018095
2016-10-07T14:00:00Z,1.6705555513501167
2016-10-07T15:00:00Z,1.2352777757578426
2016-10-07T16:00:00Z,1.597499995927016
2016-10-07T17:00:00Z,1.4961111077004008
2016-10-07T18:00:00Z,1.8877777733736567
2016-10-07T19:00:00Z,1.6491666621632046
2016-10-07T20:00:00Z,1.7055555519130494
2016-10-07T21:00:00Z,1.5463888828953107
2016-10-07T22:00:00Z,0.970000001684659
2016-10-07T23:00:00Z,0.6961111158339514
2016-10-08T00:00:00Z,1.2288888885743088
2016-10-08T01:00:00Z,1.6102777729431788
2016-10-08T02:00:00Z,1.921666658255789
2016-10-08T03:00:00Z,2.0255555427736707
2016-10-08T04:00:00Z,1.5922222193744449
2016-10-08T05:00:00Z,1.432777776569128
2016-10-08T06:00:00Z,2.320833332174354
2016-10-08T07:00:00Z,2.821666662560569
2016-10-08T08:00:00Z,3.6272222227520414
2016-10-08T09:00:00Z,3.167777778373824
2016-10-08T10:00:00Z,3.4505555546945996
2016-10-08T11:00:00Z,3.6955555544959173
2016-10-08T12:00:00Z,3.5847222212288115
2016-10-08T13:00:00Z,4.425000003973643
2016-10-08T14:00:00Z,3.756111114886072
2016-10-08T15:00:00Z,3.646111109190517
2016-10-08T16:00:00Z,4.494166669580672
2016-10-08T17:00:00Z,3.5191666659381653
2016-10-08T18:00:00Z,3.1133333371745215
2016-10-08T19:00:00Z,2.4274999999337727
2016-10-08T20:00:00Z,2.0133333298895093
2016-10-08T21:00:00Z,2.821111115813255
2016-10-08T22:00:00Z,2.70027777949969
2016-10-08T23:00:00Z,2.8319444441133075
2016-10-09T00:00:00Z,3.1336111118396124
2016-10-09T01:00:00Z,2.75111111038261
2016-10-09T02:00:00Z,2.438055548071861
2016-10-09T03:00:00Z,2.1663888821999233
2016-10-09T04:00:00Z,3.3119444410006205
2016-10-09T05:00:00Z,3.088611112700568
2016-10-09T06:00:00Z,2.5880555589993794
2016-10-09T07:00:00Z,3.361111111525032
2016-10-09T08:00:00Z,3.723055550787184
2016-10-09T09:00:00Z,4.7158333235316805
2016-10-09T10:00:00Z,4.698333330286873
2016-10-09T11:00:00Z,4.7775000042385525
2016-10-09T12:00:00Z,4.245277782943513
2016-10-09T13:00:00Z,3.9130555619175236
2016-10-09T14:00:00Z,3.41138888961739
2016-10-09T15:00:00Z,4.017222225666046
2016-10-09T16:00:00Z,3.848333348830541
2016-10-09T17:00:00Z,2.520833330353101
2016-10-09T18:00:00Z,2.589166658123334
2016-10-09T19:00:00Z,1.8874999940395356
2016-10-09T20:00:00Z,1.729722218381034
2016-10-09T21:00:00Z,1.3997222223215633
2016-10-09T22:00:00Z,1.8674999939070807
2016-10-09T23:00:00Z,2.115555547674497
2016-10-10T00:00:00Z,1.6811111118230555
2016-10-10T01:00:00Z,0.9844444493452708
2016-10-10T02:00:00Z,1.1474999999834432
2016-10-10T03:00:00Z,1.0372222248878744
2016-10-10T04:00:00Z,1.6416666659216086
2016-10-10T05:00:00Z,1.3283333378119602
2016-10-10T06:00:00Z,0.28222222473058434
2016-10-10T07:00:00Z,1.0777777790195413
2016-10-10T08:00:00Z,1.1369444435669316
2016-10-10T09:00:00Z,3.172777772612042
2016-10-10T10:00:00Z,3.475277771221267
2016-10-10T11:00:00Z,3.954722215069665
2016-10-10T12:00:00Z,3.890000001589457
2016-10-10T13:00:00Z,4.334999997748269
2016-10-10T14:00:00Z,4.225833331214057
2016-10-10T15:00:00Z,3.81444444557031
2016-10-10T16:00:00Z,2.1988888800144197
2016-10-10T17:00:00Z,2.4438888904121185
2016-10-10T18:00:00Z,2.630555554231008
2016-10-10T19:00:00Z,2.0627777718835407
2016-10-10T20:00:00Z,0.8991666693654325
2016-10-10T21:00:00Z,0.6463888919187917
2016-10-10T22:00:00Z,1.3072222204671966
2016-10-10T23:00:00Z,1.130555556445486
2016-10-11T00:00:00Z,0.9380555563916763
2016-10-11T01:00:00Z,1.1811111128578584
2016-10-11T02:00:00Z,0.9266666684713628
2016-10-11T03:00:00Z,1.3819444418781333
2016-10-11T04:00:00Z,1.4355555543469058
2016-10-11T05:00:00Z,1.818055549595091
2016-10-11T06:00:00Z,2.334444432457288
2016-10-11T07:00:00Z,2.0480555491314996
2016-10-11T08:00:00Z,2.9977777702940833
2016-10-11T09:00:00Z,3.2088888853788378
2016-10-11T10:00:00Z,3.520833334657881
2016-10-11T11:00:00Z,3.60861110728648
2016-10-11T12:00:00Z,4.091666668322351
2016-10-11T13:00:00Z,4.333333333333333
2016-10-11T14:00:00Z,4.45388888584243
2016-10-11T15:00:00Z,3.1183333284325068
2016-10-11T16:00:00Z,2.508611103064484
2016-10-11T17:00:00Z,1.803888878888554
2016-10-11T18:00:00Z,1.4999999961919255
2016-10-11T19:00:00Z,1.480277776883708
2016-10-11T20:00:00Z,1.7613888831602202
2016-10-11T21:00:00Z,0.9827777804806829
2016-10-11T22:00:00Z,1.4363888872994317
2016-10-11T23:00:00Z,1.43277777582407
2016-10-12T00:00:00Z,1.584166660739316
2016-10-12T01:00:00Z,1.5513888842529722
2016-10-12T02:00:00Z,1.7319444411330753
2016-10-12T03:00:00Z,2.1319444378217063
2016-10-12T04:00:00Z,2.3380555553568736
2016-10-12T05:00:00Z,2.1752777790029842
2016-10-12T06:00:00Z,2.076388887398773
2016-10-12T07:00:00Z,2.7594444430536695
2016-10-12T08:00:00Z,3.548611112104522
2016-10-12T09:00:00Z,4.573888887961705
2016-10-12T10:00:00Z,5.019444453716278
2016-10-12T11:00:00Z,5.650833322604497
2016-10-12T12:00:00Z,4.826944436298477
2016-10-12T13:00:00Z,4.779444440537029
2016-10-12T14:00:00Z,5.485277771287494
2016-10-12T15:00:00Z,5.279166671964857
2016-10-12T16:00:00Z,3.9455555581384236
2016-10-12T17:00:00Z,3.601666666732894
2016-10-12T18:00:00Z,2.6341666610704526
2016-10-12T19:00:00Z,2.089722213976913
2016-10-12T20:00:00Z,2.15972221493721
2016-10-12T21:00:00Z,2.5644444353050657
2016-10-12T22:00:00Z,2.244166661798954
2016-10-12T23:00:00Z,3.081111107269923
2016-10-13T00:00:00Z,3.4805555522441862
2016-10-13T01:00:00Z,3.299166672097312
2016-10-13T02:00:00Z,3.2394444346427917
2016-10-13T03:00:00Z,3.4416666660043926
2016-10-13T04:00:00Z,3.089722216129303
2016-10-13T05:00:00Z,2.999999999668863
2016-10-13T06:00:00Z,3.856666656335195
2016-10-13T07:00:00Z,3.9416666583882436
2016-10-13T08:00:00Z,4.774999997682041
2016-10-13T09:00:00Z,5.806666665607029
2016-10-13T10:00:00Z,5.726111112038295
2016-10-13T11:00:00Z,6.070277763075299
2016-10-13T12:00:00Z,5.196944446696175
2016-10-13T13:00:00Z,5.030000007483694
2016-10-13T14:00:00Z,4.641944438550207
2016-10-13T15:00:00Z,3.7249999973509045
2016-10-13T16:00:00Z,3.936944446629948
2016-10-13T17:00:00Z,2.8669444418615764
2016-10-13T18:00:00Z,2.0119444370269775
2016-10-13T19:00:00Z,1.9255555482374298
2016-10-13T20:00:00Z,3.2947222222884496
2016-10-13T21:00:00Z,1.9772222232487466
2016-10-13T22:00:00Z,2.843333335386382
2016-10-13T23:00:00Z,2.569444442457623
2016-10-14T00:00:00Z,2.305277771419949
2016-10-14T01:00:00Z,2.032777775327365
2016-10-14T02:00:00Z,2.019722218149238
2016-10-14T03:00:00Z,2.213055549727546
2016-10-14T04:00:00Z,2.5216666642162533
2016-10-14T05:00:00Z,2.1858333278861313
2016-10-14T06:00:00Z,2.262777771386835
2016-10-14T07:00:00Z,2.201388884915246
2016-10-14T08:00:00Z,3.10111111038261
2016-10-14T09:00:00Z,3.6399999886751173
2016-10-14T10:00:00Z,4.024166657527288
2016-10-14T11:00:00Z,3.946944442060259
2016-10-14T12:00:00Z,3.084999998410543
2016-10-14T13:00:00Z,3.4113888806766934
2016-10-14T14:00:00Z,3.581944439808528
2016-10-14T15:00:00Z,2.417222220533424
2016-10-14T16:00:00Z,1.468611108760039
2016-10-14T17:00:00Z,1.2211111101839278
2016-10-14T18:00:00Z,1.260833333598243
2016-10-14T19:00:00Z,1.9980555478069517
2016-10-14T20:00:00Z,1.7519444417622354
2016-10-14T21:00:00Z,1.7641666602757242
2016-10-14T22:00:00Z,2.101666658454471
2016-10-14T23:00:00Z,2.3805555517474812
2016-10-15T00:00:00Z,2.625277774532636
2016-10-15T01:00:00Z,1.7586111038095422
2016-10-15T02:00:00Z,1.5680555543137922
2016-10-15T03:00:00Z,2.2494444410006205
2016-10-15T04:00:00Z,1.9152777734729978
2016-10-15T05:00:00Z,1.8008333307587439
2016-10-15T06:00:00Z,3.088611109720336
2016-10-15T07:00:00Z,2.86749999291367
2016-10-15T08:00:00Z,3.022499998079406
2016-10-15T09:00:00Z,3.1933333350552453
2016-10-15T10:00:00Z,3.505555560025904
2016-10-15T11:00:00Z,4.360277769300673
2016-10-15T12:00:00Z,4.594166666931576
2016-10-15T13:00:00Z,4.8183333204852214
2016-10-15T14:00:00Z,4.692222225003772
2016-10-15T15:00:00Z,4.608333339624934
2016-10-15T16:00:00Z,3.38138888378938
2016-10-15T17:00:00Z,2.4861111058129204
2016-10-15T18:00:00Z,3.794444452722867
2016-10-15T19:00:00Z,4.94361111190584
2016-10-15T20:00:00Z,3.8302777700954014
2016-10-15T21:00:00Z,3.232222224275271
2016-10-15T22:00:00Z,2.784166663222843
2016-10-15T23:00:00Z,3.0636111120382945
2016-10-16T00:00:00Z,3.7347222202354007
2016-10-16T01:00:00Z,4.137500009271833
2016-10-16T02:00:00Z,4.262222227123049
2016-10-16T03:00:00Z,2.985555546151267
2016-10-16T04:00:00Z,3.4488888836569256
2016-10-16T05:00:00Z,5.614444428682328
2016-10-16T06:00:00Z,6.38694443570243
2016-10-16T07:00:00Z,6.595555561118656
2016-10-16T08:00:00Z,3.126111093991333
2016-10-16T09:00:00Z,5.11388889087571
2016-10-16T10:00:00Z,6.590833345386717
2016-10-16T11:00:00Z,7.499444453087118
2016-10-16T12:00:00Z,7.4449999994701805
2016-10-16T13:00:00Z,6.571111097600725
2016-10-16T14:00:00Z,6.0894444498750895
2016-10-16T15:00:00Z,4.947777785857519
2016-10-16T16:00:00Z,5.208888885047701
2016-10-16T17:00:00Z,3.56361111038261
2016-10-16T18:00:00Z,3.624722209903929
2016-10-16T19:00:00Z,4.489722219440672
2016-10-16T20:00:00Z,3.7880555543634626
2016-10-16T21:00:00Z,3.0019444366296133
2016-10-16T22:00:00Z,4.201944443914625
2016-10-16T23:00:00Z,4.3824999868869785
2016-10-17T00:00:00Z,4.097222211625841
2016-10-17T01:00:00Z,3.7922222084469266
2016-10-17T02:00:00Z,4.307222222619586
2016-10-17T03:00:00Z,4.25472222632832
2016-10-17T04:00:00Z,3.9486111044883727
2016-10-17T05:00:00Z,4.979722210433748
2016-10-17T06:00:00Z,4.7822222232818605
2016-10-17T07:00:00Z,3.9127777634602454
2016-10-17T08:00:00Z,3.4913888812065124
2016-10-17T09:00:00Z,4.812222214022444
2016-10-17T10:00:00Z,5.247777775261137
2016-10-17T11:00:00Z,5.5669444342454275
2016-10-17T12:00:00Z,5.721944453318914
2016-10-17T13:00:00Z,5.9888888902134365
2016-10-17T14:00:00Z,6.289166676998138
2016-10-17T15:00:00Z,3.646666675971614
2016-10-17T16:00:00Z,3.666111107005013
2016-10-17T17:00:00Z,3.376944450537364
2016-10-17T18:00:00Z,2.8013888878954782
2016-10-17T19:00:00Z,3.269722221295039
2016-10-17T20:00:00Z,3.6461111075348325
2016-10-17T21:00:00Z,3.8049999939070807
2016-10-17T22:00:00Z,3.3302777767181397
2016-10-17T23:00:00Z,3.247777775261137
2016-10-18T00:00:00Z,3.175000006622738
2016-10-18T01:00:00Z,3.3266666703754
2016-10-18T02:00:00Z,3.883888887034522
2016-10-18T03:00:00Z,3.507777770029174
2016-10-18T04:00:00Z,4.580277768770854
2016-10-18T05:00:00Z,4.651666663752662
2016-10-18T06:00:00Z,5.8338888771004145
2016-10-18T07:00:00Z,7.256666666931576
2016-10-18T08:00:00Z,6.008888881736332
2016-10-18T09:00:00Z,5.853055565887027
2016-10-18T10:00:00Z,7.030000003841188
2016-10-18T11:00:00Z,6.968888913260566
2016-10-18T12:00:00Z,6.864722230699328
2016-10-18T13:00:00Z,6.689444469743305
2016-10-18T14:00:00Z,6.595833345254262
2016-10-18T15:00:00Z,5.9041666613684765
2016-10-18T16:00:00Z,4.561944451597002
2016-10-18T17:00:00Z,5.215833333465788
2016-10-18T18:00:00Z,4.348888881338967
2016-10-18T19:00:00Z,3.7200000014570023
2016-10-18T20:00:00Z,4.12888889114062
2016-10-18T21:00:00Z,3.5813888841205173
2016-10-18T22:00:00Z,2.809722226361434
2016-10-18T23:00:00Z,2.4930555522441864
2016-10-19T00:00:00Z,1.938055552335249
2016-10-19T01:00:00Z,2.7058333365453615
2016-10-19T02:00:00Z,3.525000007947286
2016-10-19T03:00:00Z,3.7188888940546247
2016-10-19T04:00:00Z,3.2636111030975976
2016-10-19T05:00:00Z,2.6188888867696125
2016-10-19T06:00:00Z,2.7238888839880624
2016-10-19T07:00:00Z,2.256666664613618
2016-10-19T08:00:00Z,3.132499996821086
2016-10-19T09:00:00Z,4.201111099123954
2016-10-19T10:00:00Z,5.065000001589457
2016-10-19T11:00:00Z,4.691111100382275
2016-10-19T12:00:00Z,4.8902777777777775
2016-10-19T13:00:00Z,4.159444438748889
2016-10-19T14:00:00Z,4.831944443451034
2016-10-19T15:00:00Z,4.458888885378838
2016-10-19T16:00:00Z,3.7561111128992506
2016-10-19T17:00:00Z,2.949722216857804
2016-10-19T18:00:00Z,2.6788888845178818
2016-10-19T19:00:00Z,2.1041666587193806
2016-10-19T20:00:00Z,1.3913888893193669
2016-10-19T21:00:00Z,1.7166666612029076
2016-10-19T22:00:00Z,1.306388889832629
2016-10-19T23:00:00Z,1.4880555535356204
2016-10-20T00:00:00Z,2.1138888799481923
2016-10-20T01:00:00Z,1.9938888778289159
2016-10-20T02:00:00Z,2.763333331545194
2016-10-20T03:00:00Z,2.4099999911255305
2016-10-20T04:00:00Z,1.9905555532003443
2016-10-20T05:00:00Z,1.5033333299474583
2016-10-20T06:00:00Z,1.6413888855319885
2016-10-20T07:00:00Z,2.5161111070050133
2016-10-20T08:00:00Z,3.8097222172551684
2016-10-20T09:00:00Z,3.4641666614347035
2016-10-20T10:00:00Z,3.4325000014570026
2016-10-20T11:00:00Z,4.004722215731939
2016-10-20T12:00:00Z,4.164722222420904
2016-10-20T13:00:00Z,3.9749999970197676
2016-10-20T14:00:00Z,3.4780555539660982
2016-10-20T15:00:00Z,3.798611119720671
2016-10-20T16:00:00Z,2.916388886504703
2016-10-20T17:00:00Z,1.8499999952812989
2016-10-20T18:00:00Z,1.5702777746650907
2016-10-20T19:00:00Z,1.5597222197386953
2016-10-20T20:00:00Z,1.3163888914717568
2016-10-20T21:00:00Z,1.1783333321412404
2016-10-20T22:00:00Z,1.1738888880030975
2016-10-20T23:00:00Z,1.502499997946951
2016-10-21T00:00:00Z,2.1222222139437994
2016-10-21T01:00:00Z,2.6563888877630233
2016-10-21T02:00:00Z,1.974444444394774
2016-10-21T03:00:00Z,1.684166663719548
2016-10-21T04:00:00Z,1.872222218910853
2016-10-21T05:00:00Z,2.4947222214606075
2016-10-21T06:00:00Z,3.399444441662894
2016-10-21T07:00:00Z,2.5383333312140572
2016-10-21T08:00:00Z,3.0522222210963568
2016-10-21T09:00:00Z,3.911666656865014
2016-10-21T10:00:00Z,3.2036111095713244
2016-10-21T11:00:00Z,2.9969444384177524
2016-10-21T12:00:00Z,3.1533333228694067
2016-10-21T13:00:00Z,3.683611114488708
2016-10-21T14:00:00Z,3.6302777737379075
2016-10-21T15:00:00Z,3.3033333255185022
2016-10-21T16:00:00Z,2.32499999139044
2016-10-21T17:00:00Z,1.5322222178181013
2016-10-21T18:00:00Z,0.9983333355022801
2016-10-21T19:00:00Z,1.0375000002276566
2016-10-21T20:00:00Z,1.521666662643353
2016-10-21T21:00:00Z,1.0391666672916875
2016-10-21T22:00:00Z,0.6950000037335687
2016-10-21T23:00:00Z,1.672222216758463
2016-10-22T00:00:00Z,1.9113888800144196
2016-10-22T01:00:00Z,1.783055550356706
2016-10-22T02:00:00Z,1.2708333345750968
2016-10-22T03:00:00Z,1.161666668806639
2016-10-22T04:00:00Z,0.7747222252190114
2016-10-22T05:00:00Z,0.9783333338797092
2016-10-22T06:00:00Z,1.777777770327197
2016-10-22T07:00:00Z,2.233055552260743
2016-10-22T08:00:00Z,2.684722218579716
2016-10-22T09:00:00Z,2.688333328399393
2016-10-22T10:00:00Z,2.480555549263954
2016-10-22T11:00:00Z,3.63500000834465
2016-10-22T12:00:00Z,3.3433333287636438
2016-10-22T13:00:00Z,2.97027777367168
2016-10-22T14:00:00Z,3.5527777824136946
2016-10-22T15:00:00Z,2.8544444418615766
2016-10-22T16:00:00Z,2.4180555512507755
2016-10-22T17:00:00Z,1.1999999995032946
2016-10-22T18:00:00Z,1.2588888923327128
2016-10-22T19:00:00Z,1.4091666668653489
2016-10-22T20:00:00Z,2.328888882862197
2016-10-22T21:00:00Z,2.2519444353050657
2016-10-22T22:00:00Z,2.4816666626267962
2016-10-22T23:00:00Z,2.5224999944368998
2016-10-23T00:00:00Z,2.7511111120382945
2016-10-23T01:00:00Z,2.6725000023841856
2016-10-23T02:00:00Z,2.755555549595091
2016-10-23T03:00:00Z,3.3980555560853745
2016-10-23T04:00:00Z,4.352222217784988
2016-10-23T05:00:00Z,3.616944444510672
2016-10-23T06:00:00Z,3.3777777813995877
2016-10-23T07:00:00Z,4.05166665646765
2016-10-23T08:00:00Z,3.679722221692403
2016-10-23T09:00:00Z,4.5474999964237215
2016-10-23T10:00:00Z,6.054444450802273
2016-10-23T11:00:00Z,7.0366666840182415
2016-10-23T12:00:00Z,7.098055576615863
2016-10-23T13:00:00Z,6.761111107799742
2016-10-23T14:00:00Z,6.298333324326409
2016-10-23T15:00:00Z,5.982222210367521
2016-10-23T16:00:00Z,5.728055561251111
2016-10-23T17:00:00Z,5.773888879352146
2016-10-23T18:00:00Z,5.703055541714033
2016-10-23T19:00:00Z,4.8205555538336435
2016-10-23T20:00:00Z,5.1811111125681135
2016-10-23T21:00:00Z,5.546388887034523
2016-10-23T22:00:00Z,4.774722221162584
2016-10-23T23:00:00Z,3.4052777780426875
2016-10-24T00:00:00Z,3.395555556482739
2016-10-24T01:00:00Z,3.281388890080982
2016-10-24T02:00:00Z,3.5433333304193284
2016-10-24T03:00:00Z,3.1588888900147545
2016-10-24T04:00:00Z,3.3966666731569504
2016-10-24T05:00:00Z,2.8861111101177004
2016-10-24T06:00:00Z,2.7461111078659695
2016-10-24T07:00:00Z,2.370833327704006
2016-10-24T08:00:00Z,3.2722222265270022
2016-10-24T09:00:00Z,3.8922222240103617
2016-10-24T10:00:00Z,3.491111112634341
2016-10-24T11:00:00Z,3.580555553237597
2016-10-24T12:00:00Z,3.7199999999668862
2016-10-24T13:00:00Z,3.8608333259820937
2016-10-24T14:00:00Z,3.496388891339302
2016-10-24T15:00:00Z,3.4677777691019904
2016-10-24T16:00:00Z,2.404444436232249
2016-10-24T17:00:00Z,2.1116666638188892
2016-10-24T18:00:00Z,1.4394444423831172
2016-10-24T19:00:00Z,1.2402777773638567
2016-10-24T20:00:00Z,1.908333329525259
2016-10-24T21:00:00Z,1.6230555496282049
2016-10-24T22:00:00Z,1.655555552409755
2016-10-24T23:00:00Z,1.8519444382439056
2016-10-25T00:00:00Z,2.2586111115084755
2016-10-25T01:00:00Z,2.2211111081971064
2016-10-25T02:00:00Z,1.9124999890724819
2016-10-25T03:00:00Z,2.0780555521448454
2016-10-25T04:00:00Z,2.724722220831447
2016-10-25T05:00:00Z,2.7488888829946516
2016-10-25T06:00:00Z,2.483333328780201
2016-10-25T07:00:00Z,2.0283333299888504
2016-10-25T08:00:00Z,2.1352777679761252
2016-10-25T09:00:00Z,1.9758333269092772
2016-10-25T10:00:00Z,1.7280555500959356
2016-10-25T11:00:00Z,1.3155555570705069
2016-10-25T12:00:00Z,1.477777777901954
2016-10-25T13:00:00Z,0.9755555573229988
2016-10-25T14:00:00Z,1.376388887502253
2016-10-25T15:00:00Z,1.815833328002029
2016-10-25T16:00:00Z,1.754722217222055
2016-10-25T17:00:00Z,1.5991666613353623
2016-10-25T18:00:00Z,1.1658333332174353
2016-10-25T19:00:00Z,1.3697222222884495
2016-10-25T20:00:00Z,0.5844444488899575
2016-10-25T21:00:00Z,1.0274999991887146
2016-10-25T22:00:00Z,1.1825000008775128
2016-10-25T23:00:00Z,0.3216666707975997
2016-10-26T00:00:00Z,0.2836111148612367
2016-10-26T01:00:00Z,0.6911111155110928
2016-10-26T02:00:00Z,1.1216666658926342
2016-10-26T03:00:00Z,0.8663888913682766
2016-10-26T04:00:00Z,0.5600000040398704
2016-10-26T05:00:00Z,0.7227777817390031
2016-10-26T06:00:00Z,1.928611104024781
2016-10-26T07:00:00Z,1.7108333232502142
2016-10-26T08:00:00Z,2.8472222139437995
2016-10-26T09:00:00Z,3.440833341081937
2016-10-26T10:00:00Z,3.3166666660043926
2016-10-26T11:00:00Z,3.765555555290646
2016-10-26T12:00:00Z,3.328888882862197
2016-10-26T13:00:00Z,3.888055548402998
2016-10-26T14:00:00Z,3.353055554628372
2016-10-26T15:00:00Z,3.7452777789698706
2016-10-26T16:00:00Z,3.1763888862397938
2016-10-26T17:00:00Z,2.8863888919353484
2016-10-26T18:00:00Z,2.2227777666515776
2016-10-26T19:00:00Z,2.518333329425918
2016-10-26T20:00:00Z,2.3499999966886307
2016-10-26T21:00:00Z,2.600277774532636
2016-10-26T22:00:00Z,1.8577777760724226
2016-10-26T23:00:00Z,1.443611110974517
2016-10-27T00:00:00Z,1.6427777727444968
2016-10-27T01:00:00Z,1.5058333307504654
2016-10-27T02:00:00Z,1.0458333353201548
2016-10-27T03:00:00Z,1.631111106938786
2016-10-27T04:00:00Z,1.7824999923507372
2016-10-27T05:00:00Z,1.8255555485685666
2016-10-27T06:00:00Z,1.487777772711383
2016-10-27T07:00:00Z,1.444722218790816
2016-10-27T08:00:00Z,0.9519444447424676
2016-10-27T09:00:00Z,2.3611111113594636
2016-10-27T10:00:00Z,2.349999996854199
2016-10-27T11:00:00Z,3.773888893591033
2016-10-27T12:00:00Z,5.277777783075968
2016-10-27T13:00:00Z,5.031388882795969
2016-10-27T14:00:00Z,3.829444444841809
2016-10-27T15:00:00Z,4.084722215599484
2016-10-27T16:00:00Z,4.101388884915246
2016-10-27T17:00:00Z,5.016388893789715
2016-10-27T18:00:00Z,4.873055539528528
2016-10-27T19:00:00Z,4.314722222752041
2016-10-27T20:00:00Z,4.443611105945375
2016-10-27T21:00:00Z,4.803333330154419
2016-10-27T22:00:00Z,4.911944447623359
2016-10-27T23:00:00Z,5.173055552774006
2016-10-28T00:00:00Z,5.485833333598243
2016-10-28T01:00:00Z,4.328333332803514
2016-10-28T02:00:00Z,4.424444437689251
2016-10-28T03:00:00Z,4.508611106872559
2016-10-28T04:00:00Z,4.628333336777157
2016-10-28T05:00:00Z,4.434166661236021
2016-10-28T06:00:00Z,4.001111106740104
2016-10-28T07:00:00Z,3.8705555528402327
2016-10-28T08:00:00Z,3.971666668686602
2016-10-28T09:00:00Z,3.9588888843854266
2016-10-28T10:00:00Z,4.740555542045169
2016-10-28T11:00:00Z,4.555833330419328
2016-10-28T12:00:00Z,3.543888877497779
2016-10-28T13:00:00Z,3.3461111072036953
2016-10-28T14:00:00Z,2.941666665342119
2016-10-28T15:00:00Z,2.111666660921441
2016-10-28T16:00:00Z,1.875833323597908
2016-10-28T17:00:00Z,1.0513888891372416
2016-10-28T18:00:00Z,0.9649999992921948
2016-10-28T19:00:00Z,0.4930555590945813
2016-10-28T20:00:00Z,0.7458333342439598
2016-10-28T21:00:00Z,0.8833333363756537
2016-10-28T22:00:00Z,0.6897222257736656
2016-10-28T23:00:00Z,0.5141666700028711
2016-10-29T00:00:00Z,0.49861111404995123
2016-10-29T01:00:00Z,0.828888890830179
2016-10-29T02:00:00Z,0.32972222630762393
2016-10-29T03:00:00Z,0.5002777802447478
2016-10-29T04:00:00Z,0.6300000032823947
2016-10-29T05:00:00Z,0.705555559342934
2016-10-29T06:00:00Z,1.1405555579190454
2016-10-29T07:00:00Z,0.9719444473377532
2016-10-29T08:00:00Z,0.438333336967561
2016-10-29T09:00:00Z,0.7055555594050222
2016-10-29T10:00:00Z,1.7458333282834955
2016-10-29T11:00:00Z,2.480555549926228
2016-10-29T12:00:00Z,2.4536111086606978
2016-10-29T13:00:00Z,1.9891666642493673
2016-10-29T14:00:00Z,1.9094444332851304
2016-10-29T15:00:00Z,1.2630555576334397
2016-10-29T16:00:00Z,1.463055554860168
2016-10-29T17:00:00Z,1.1091666677759753
2016-10-29T18:00:00Z,0.9150000016929375
2016-10-29T19:00:00Z,0.825833336967561
2016-10-29T20:00:00Z,1.3452777790526549
2016-10-29T21:00:00Z,1.0052777796983718
2016-10-29T22:00:00Z,0.8991666712073816
2016-10-29T23:00:00Z,1.3691666675524579
2016-10-30T00:00:00Z,1.615555547674497
2016-10-30T01:00:00Z,1.2005555558535788
2016-10-30T02:00:00Z,1.4902777711550395
2016-10-30T03:00:00Z,1.6255555563502841
2016-10-30T04:00:00Z,1.9452777705258792
2016-10-30T05:00:00Z,1.4347222247057492
2016-10-30T06:00:00Z,1.5405555490818288
2016-10-30T07:00:00Z,2.0266666629248196
2016-10-30T08:00:00Z,2.2741666611697937
2016-10-30T09:00:00Z,2.6436111092567445
2016-10-30T10:00:00Z,2.8313888884252973
2016-10-30T11:00:00Z,2.656388881471422
2016-10-30T12:00:00Z,2.566944440205892
2016-10-30T13:00:00Z,2.9463888896836177
2016-10-30T14:00:00Z,2.903055552641551
2016-10-30T15:00:00Z,2.4730555481380887
2016-10-30T16:00:00Z,2.6411111063427395
2016-10-30T17:00:00Z,2.4644444356362025
2016-10-30T18:00:00Z,2.9991666641500263
2016-10-30T19:00:00Z,2.6530555542972354
2016-10-30T20:00:00Z,3.0836111111773383
2016-10-30T21:00:00Z,2.775833335849974
2016-10-30T22:00:00Z,1.6191666604744064
2016-10-30T23:00:00Z,2.1444444404708016
2016-10-31T00:00:00Z,2.083888883723153
2016-10-31T01:00:00Z,2.1219444377554786
2016-10-31T02:00:00Z,2.1930555421445104
2016-10-31T03:00:00Z,1.982222218480375
2016-10-31T04:00:00Z,1.9522222194406722
2016-10-31T05:00:00Z,2.041388881703218
2016-10-31T06:00:00Z,2.2144444392787084
2016-10-31T07:00:00Z,2.489999993973308
2016-10-31T08:00:00Z,2.473611113594638
2016-10-31T09:00:00Z,2.4608333316114215
2016-10-31T10:00:00Z,1.904166668239567
2016-10-31T11:00:00Z,1.8724999979138375
2016-10-31T12:00:00Z,1.9952777713537215
2016-10-31T13:00:00Z,1.661666664108634
2016-10-31T14:00:00Z,1.6424999977151553
2016-10-31T15:00:00Z,1.3991666633221838
2016-10-31T16:00:00Z,1.0900000014238886
2016-10-31T17:00:00Z,1.4541666673289404
2016-10-31T18:00:00Z,1.3230555539329847
2016-10-31T19:00:00Z,1.5772222212619251
2016-10-31T20:00:00Z,1.9241666578584247
2016-10-31T21:00:00Z,1.2336111105150647
2016-10-31T22:00:00Z,0.9408333354112175
2016-10-31T23:00:00Z,1.1699999993873966
2016-11-01T00:00:00Z,0.6397222244698141
2016-11-01T01:00:00Z,1.3966666627261373
2016-11-01T02:00:00Z,0.6708333374518487
2016-11-01T03:00:00Z,1.3883333276336391
2016-11-01T04:00:00Z,0.9466666685210334
2016-11-01T05:00:00Z,1.0230555584447252
2016-11-01T06:00:00Z,0.8030555589745442
2016-11-01T07:00:00Z,1.579166665673256
2016-11-01T08:00:00Z,1.5236111064751943
2016-11-01T09:00:00Z,2.34083333056834
2016-11-01T10:00:00Z,4.138611105415556
2016-11-01T11:00:00Z,3.936666664481163
2016-11-01T12:00:00Z,4.357777774333954
2016-11-01T13:00:00Z,3.7461111085282432
2016-11-01T14:00:00Z,2.784444433450699
2016-11-01T15:00:00Z,3.0827777720159952
2016-11-01T16:00:00Z,3.3605555478069515
2016-11-01T17:00:00Z,3.6916666587193805
2016-11-01T18:00:00Z,2.9758333343598578
2016-11-01T19:00:00Z,3.267222221692403
2016-11-01T20:00:00Z,3.484166666865349
2016-11-01T21:00:00Z,2.833611101243231
2016-11-01T22:00:00Z,1.9308333236310218
2016-11-01T23:00:00Z,2.095555551515685
2016-11-02T00:00:00Z,1.5319444441133074
2016-11-02T01:00:00Z,1.4977777749300003
2016-11-02T02:00:00Z,0.7161111154697007
2016-11-02T03:00:00Z,1.337777778175142
2016-11-02T04:00:00Z,1.5452777711881531
2016-11-02T05:00:00Z,1.5472222184141478
2016-11-02T06:00:00Z,1.8011111014419132
2016-11-02T07:00:00Z,2.2722222159306207
2016-11-02T08:00:00Z,2.063611111044884
2016-11-02T09:00:00Z,1.9569444422920546
2016-11-02T10:00:00Z,2.9994444360335666
2016-11-02T11:00:00Z,3.7933333307504653
2016-11-02T12:00:00Z,3.6983333302868737
2016-11-02T13:00:00Z,3.6691666646136176
2016-11-02T14:00:00Z,3.7786111179325315
2016-11-02T15:00:00Z,2.934166658255789
2016-11-02T16:00:00Z,1.8427777753935919
2016-11-02T17:00:00Z,1.5086111115084755
2016-11-02T18:00:00Z,1.4258333328697417
2016-11-02T19:00:00Z,1.21055555442969
2016-11-02T20:00:00Z,0.8905555555389987
2016-11-02T21:00:00Z,0.8361111130772365
2016-11-02T22:00:00Z,0.3997222260468536
2016-11-02T23:00:00Z,0.32888889169941343
2016-11-03T00:00:00Z,0.9775000025207797
2016-11-03T01:00:00Z,0.6063888913227452
2016-11-03T02:00:00Z,0.7938888898947173
2016-11-03T03:00:00Z,0.34305555768724943
2016-11-03T04:00:00Z,0.9522222229176097
2016-11-03T05:00:00Z,1.1497222219076422
2016-11-03T06:00:00Z,1.0091666650440958
2016-11-03T07:00:00Z,0.6130555585026741
2016-11-03T08:00:00Z,0.466944448918932
2016-11-03T09:00:00Z,0.5533333372324705
2016-11-03T10:00:00Z,0.45805555902835393
2016-11-03T11:00:00Z,0.617500001606014
2016-11-03T12:00:00Z,0.6372222254880601
2016-11-03T13:00:00Z,2.9172222213612664
2016-11-03T14:00:00Z,3.2933333327372867
2016-11-03T15:00:00Z,2.103055548336771
2016-11-03T16:00:00Z,1.1594444466961755
2016-11-03T17:00:00Z,2.25222221646044
2016-11-03T18:00:00Z,2.979444439543618
2016-11-03T19:00:00Z,2.3952777749962277
2016-11-03T20:00:00Z,1.2969444438815116
2016-11-03T21:00:00Z,1.2847222226154473
2016-11-03T22:00:00Z,1.4277777762876616
2016-11-03T23:00:00Z,0.7400000023759074
2016-11-04T00:00:00Z,1.0563888921298914
2016-11-04T01:00:00Z,2.3252777715524036
2016-11-04T02:00:00Z,2.0855555497937734
2016-11-04T03:00:00Z,1.9266666642907593
2016-11-04T04:00:00Z,0.70777778159827
2016-11-04T05:00:00Z,1.5061111090911758
2016-11-04T06:00:00Z,0.5869444472715258
2016-11-04T07:00:00Z,1.1330555534404185
2016-11-04T08:00:00Z,0.9880555557707945
2016-11-04T09:00:00Z,2.054166658388244
2016-11-04T10:00:00Z,1.0027777773845528
2016-11-04T11:00:00Z,0.5538888921133346
2016-11-04T12:00:00Z,0.27138889193948773
2016-11-04T13:00:00Z,1.7022222189439669
2016-11-04T14:00:00Z,0.8122222234391504
2016-11-04T15:00:00Z,0.8627777774507801
2016-11-04T16:00:00Z,1.5669444407025972
2016-11-04T17:00:00Z,2.396388883060879
2016-11-04T18:00:00Z,2.4458333277040056
2016-11-04T19:00:00Z,2.169999994503127
2016-11-04T20:00:00Z,2.5444444444444443
2016-11-04T21:00:00Z,1.9369444350401561
2016-11-04T22:00:00Z,2.101111105249988
2016-11-04T23:00:00Z,2.474999992052714
2016-11-05T00:00:00Z,2.5055555476082696
2016-11-05T01:00:00Z,2.105833331412739
2016-11-05T02:00:00Z,1.3702777772727939
2016-11-05T03:00:00Z,0.9066666707189547
2016-11-05T04:00:00Z,0.7972222245608767
2016-11-05T05:00:00Z,0.7419444462698367
2016-11-05T06:00:00Z,1.5858333306180106
2016-11-05T07:00:00Z,1.3627777754846546
2016-11-05T08:00:00Z,2.317222215069665
2016-11-05T09:00:00Z,2.747222218248579
2016-11-05T10:00:00Z,4.186388897564676
2016-11-05T11:00:00Z,4.64722221493721
2016-11-05T12:00:00Z,5.385833336247338
2016-11-05T13:00:00Z,5.819999990860621
2016-11-05T14:00:00Z,6.648333354128732
2016-11-05T15:00:00Z,5.451388884915246
2016-11-05T16:00:00Z,3.684999991456668
2016-11-05T17:00:00Z,3.0363888856437473
2016-11-05T18:00:00Z,2.426111109720336
2016-11-05T19:00:00Z,2.7458333293596904
2016-11-05T20:00:00Z,1.9463888884004619
2016-11-05T21:00:00Z,1.721111109190517
2016-11-05T22:00:00Z,1.7938888820095196
2016-11-05T23:00:00Z,1.6733333309491476
2016-11-06T00:00:00Z,1.9897222162948713
2016-11-06T01:00:00Z,2.0922222188777395
2016-11-06T02:00:00Z,2.0819444371594322
2016-11-06T03:00:00Z,2.1244444360335666
2016-11-06T04:00:00Z,2.0497222147054144
2016-11-06T05:00:00Z,2.7024999952978557
2016-11-06T06:00:00Z,2.6855555537674163
2016-11-06T07:00:00Z,2.4897222141424815
2016-11-06T08:00:00Z,3.224444434709019
2016-11-06T09:00:00Z,3.346388887696796
2016-11-06T10:00:00Z,5.048888883325788
2016-11-06T11:00:00Z,5.868611124489043
2016-11-06T12:00:00Z,5.668888897365994
2016-11-06T13:00:00Z,4.454444442854987
2016-11-06T14:00:00Z,3.450277772214678
2016-11-06T15:00:00Z,3.9719444387488894
2016-11-06T16:00:00Z,5.71027777923478
2016-11-06T17:00:00Z,3.0674999975495867
2016-11-06T18:00:00Z,3.628888875577185
2016-11-06T19:00:00Z,4.510555551449458
2016-11-06T20:00:00Z,4.881944440470802
2016-11-06T21:00:00Z,5.166666658057107
2016-11-06T22:00:00Z,5.4947222338782415
2016-11-06T23:00:00Z,5.946666644679175
2016-11-07T00:00:00Z,5.826111110713747
2016-11-07T01:00:00Z,5.691944442192713
2016-11-07T02:00:00Z,5.536944441662895
2016-11-07T03:00:00Z,6.349722222487132
2016-11-07T04:00:00Z,6.926944443914626
2016-11-07T05:00:00Z,6.891666695144441
2016-11-07T06:00:00Z,6.65750000278155
2016-11-07T07:00:00Z,7.778888889153799
2016-11-07T08:00:00Z,7.700555555025736
2016-11-07T09:00:00Z,7.545833332008786
2016-11-07T10:00:00Z,6.356111119190852
2016-11-07T11:00:00Z,6.414166657792197
2016-11-07T12:00:00Z,6.080555552244187
2016-11-07T13:00:00Z,5.728888895114263
2016-11-07T14:00:00Z,4.84916667342186
2016-11-07T15:00:00Z,4.776666676998138
2016-11-07T16:00:00Z,2.2202777701947425
2016-11-07T17:00:00Z,1.722499999569522
2016-11-07T18:00:00Z,2.2058333304193285
2016-11-07T19:00:00Z,2.562499997019768
2016-11-07T20:00:00Z,2.1205555523435273
2016-11-07T21:00:00Z,1.6216666627261374
2016-11-07T22:00:00Z,1.4583333334161175
2016-11-07T23:00:00Z,1.789166659116745
2016-11-08T00:00:00Z,2.024166654381487
2016-11-08T01:00:00Z,2.1963888787560992
2016-11-08T02:00:00Z,2.046666662229432
2016-11-08T03:00:00Z,2.0691666589842903
2016-11-08T04:00:00Z,2.0966666589180627
2016-11-08T05:00:00Z,1.6524999981125197
2016-11-08T06:00:00Z,1.6463888810740577
2016-11-08T07:00:00Z,2.2263888862397936
2016-11-08T08:00:00Z,1.7130555524594253
2016-11-08T09:00:00Z,0.7777777799094717
2016-11-08T10:00:00Z,1.2966666648992233
2016-11-08T11:00:00Z,2.1533333288298713
2016-11-08T12:00:00Z,2.3116666591829724
2016-11-08T13:00:00Z,2.6544444445106716
2016-11-08T14:00:00Z,2.725000000331137
2016-11-08T15:00:00Z,2.901111105746693
2016-11-08T16:00:00Z,1.811666662680606
2016-11-08T17:00:00Z,1.3483333324185676
2016-11-08T18:00:00Z,1.5774999977813826
2016-11-08T19:00:00Z,1.9733333259820938
2016-11-08T20:00:00Z,3.1394444359673392
2016-11-08T21:00:00Z,3.9816666669315763
2016-11-08T22:00:00Z,3.3666666603750652
2016-11-08T23:00:00Z,2.799999992052714
2016-11-09T00:00:00Z,3.8338888860411116
2016-11-09T01:00:00Z,3.7180555525753234
2016-11-09T02:00:00Z,4.113611117005348
2016-11-09T03:00:00Z,4.265277784400516
2016-11-09T04:00:00Z,4.787222211228476
2016-11-09T05:00:00Z,5.649444437689251
2016-11-09T06:00:00Z,5.6447222259309555
2016-11-09T07:00:00Z,5.077777778440051
2016-11-09T08:00:00Z,3.8391666690508526
2016-11-09T09:00:00Z,3.69722223000394
2016-11-09T10:00:00Z,6.1072222179836695
2016-11-09T11:00:00Z,7.777499990993076
2016-11-09T12:00:00Z,7.473888899882635
2016-11-09T13:00:00Z,7.000277780824238
2016-11-09T14:00:00Z,6.133333338631524
2016-11-09T15:00:00Z,5.064999999602636
2016-11-09T16:00:00Z,4.590555559264289
2016-11-09T17:00:00Z,3.364166662428114
2016-11-09T18:00:00Z,3.094722225268682
2016-11-09T19:00:00Z,2.621388878424962
2016-11-09T20:00:00Z,1.8113888844847679
2016-11-09T21:00:00Z,2.1605555448267193
2016-11-09T22:00:00Z,2.936388881670104
2016-11-09T23:00:00Z,2.393055558204651
2016-11-10T00:00:00Z,2.0024999948011506
2016-11-10T01:00:00Z,1.772777776585685
2016-11-10T02:00:00Z,1.1244444432564908
2016-11-10T03:00:00Z,1.8755555511348778
2016-11-10T04:00:00Z,0.8933333381389578
2016-11-10T05:00:00Z,2.680833335386382
2016-11-10T06:00:00Z,2.9488888846503363
2016-11-10T07:00:00Z,3.8900000002649096
2016-11-10T08:00:00Z,4.53194444709354
2016-11-10T09:00:00Z,4.370555551846822
2016-11-10T10:00:00Z,5.8072222338782415
2016-11-10T11:00:00Z,6.0413888971010845
2016-11-10T12:00:00Z,5.988333329889509
2016-11-10T13:00:00Z,5.566388878888554
2016-11-10T14:00:00Z,3.7858333269755047
2016-11-10T15:00:00Z,3.7122222195068995
2016-11-10T16:00:00Z,3.155833336379793
2016-11-10T17:00:00Z,4.689444431331423
2016-11-10T18:00:00Z,4.9011111027664604
2016-11-10T19:00:00Z,4.204722217056486
2016-11-10T20:00:00Z,2.890833330816693
2016-11-10T21:00:00Z,3.1050000005298193
2016-11-10T22:00:00Z,3.7536111142900257
2016-11-10T23:00:00Z,3.6883333219422236
2016-11-11T00:00:00Z,3.204722223016951
2016-11-11T01:00:00Z,1.9888888859086566
2016-11-11T02:00:00Z,2.3975000030464595
2016-11-11T03:00:00Z,2.1980555502904786
2016-11-11T04:00:00Z,1.6558333338134819
2016-11-11T05:00:00Z,1.5794444455040826
2016-11-11T06:00:00Z,0.9947222263241807
2016-11-11T07:00:00Z,1.2338888915048705
2016-11-11T08:00:00Z,1.2252777769954668
2016-11-11T09:00:00Z,0.6500000024835269
2016-11-11T10:00:00Z,0.6391666708721055
2016-11-11T11:00:00Z,0.8972222216220366
2016-11-11T12:00:00Z,1.4049999976944592
2016-11-11T13:00:00Z,2.15055555411511
2016-11-11T14:00:00Z,2.5041666630241606
2016-11-11T15:00:00Z,2.3119444413317574
2016-11-11T16:00:00Z,2.5483333269755044
2016-11-11T17:00:00Z,2.31722221771876
2016-11-11T18:00:00Z,1.2741666689515114
2016-11-11T19:00:00Z,0.9030555593263772
2016-11-11T20:00:00Z,2.9669444448418085
2016-11-11T21:00:00Z,3.433055561449793
2016-11-11T22:00:00Z,3.540555555621783
2016-11-11T23:00:00Z,3.8547222193744446
2016-11-12T00:00:00Z,4.419166672229767
2016-11-12T01:00:00Z,4.693611118859715
2016-11-12T02:00:00Z,5.080277780029509
2016-11-12T03:00:00Z,5.795277774333954
2016-11-12T04:00:00Z,5.506666675541136
2016-11-12T05:00:00Z,5.511944440338347
2016-11-12T06:00:00Z,6.2174999833107
2016-11-12T07:00:00Z,6.037222229772144
2016-11-12T08:00:00Z,6.483055557145013
2016-11-12T09:00:00Z,6.202777796011004
2016-11-12T10:00:00Z,5.757222212685479
2016-11-12T11:00:00Z,3.544722220632765
2016-11-12T12:00:00Z,2.035277775592274
2016-11-12T13:00:00Z,1.1930555549139779
2016-11-12T14:00:00Z,0.9247222240807281
2016-11-12T15:00:00Z,1.0463888910909493
2016-11-12T16:00:00Z,0.8113888920181327
2016-11-12T17:00:00Z,1.5199999975661436
2016-11-12T18:00:00Z,3.226388892531395
2016-11-12T19:00:00Z,1.7674999927481017
2016-11-12T20:00:00Z,3.014999993973308
2016-11-12T21:00:00Z,3.8713888863722485
2016-11-12T22:00:00Z,3.045000003443824
2016-11-12T23:00:00Z,1.7383333274059825
2016-11-13T00:00:00Z,1.300277773394353
2016-11-13T01:00:00Z,1.4222222207734982
2016-11-13T02:00:00Z,0.9936111115747028
2016-11-13T03:00:00Z,1.3605555522773
2016-11-13T04:00:00Z,2.528055552972688
2016-11-13T05:00:00Z,2.771111109521654
2016-11-13T06:00:00Z,1.5563888820509115
2016-11-13T07:00:00Z,1.4025000019619862
2016-11-13T08:00:00Z,1.0819444453136788
2016-11-13T09:00:00Z,1.4019444453219572
2016-11-13T10:00:00Z,3.1888888877299095
2016-11-13T11:00:00Z,4.7136111054155565
2016-11-13T12:00:00Z,5.022777767976125
2016-11-13T13:00:00Z,4.855833326445685
2016-11-13T14:00:00Z,4.0941666626267965
2016-11-13T15:00:00Z,3.1591666668653486
2016-11-13T16:00:00Z,1.2536111138761044
2016-11-13T17:00:00Z,1.5441666655242443
2016-11-13T18:00:00Z,1.0230555574099223
2016-11-13T19:00:00Z,0.8316666681319476
2016-11-13T20:00:00Z,0.7088888929122024
2016-11-13T21:00:00Z,0.60916667090108
2016-11-13T22:00:00Z,0.5455555610565676
2016-11-13T23:00:00Z,0.6075000011465616
2016-11-14T00:00:00Z,1.1894444472259946
2016-11-14T01:00:00Z,1.371388887034522
2016-11-14T02:00:00Z,0.5594444486829969
2016-11-14T03:00:00Z,1.871388884033594
2016-11-14T04:00:00Z,2.3963888780938256
2016-11-14T05:00:00Z,1.0133333358085819
2016-11-14T06:00:00Z,3.786388892597622
2016-11-14T07:00:00Z,3.028611112965478
2016-11-14T08:00:00Z,3.9324999964485565
2016-11-14T09:00:00Z,4.112500005898377
2016-11-14T10:00:00Z,4.54250000582801
2016-11-14T11:00:00Z,4.030000005165736
2016-11-14T12:00:00Z,4.405277776055866
2016-11-14T13:00:00Z,4.469166670242945
2016-11-14T14:00:00Z,4.980277782678604
2016-11-14T15:00:00Z,4.241111108329561
2016-11-14T16:00:00Z,3.799444453583823
2016-11-14T17:00:00Z,3.257500003112687
2016-11-14T18:00:00Z,3.6505555503898197
2016-11-14T19:00:00Z,3.232222220632765
2016-11-14T20:00:00Z,3.9500000059604643
2016-11-14T21:00:00Z,2.566388890478346
2016-11-14T22:00:00Z,2.736666664481163
2016-11-14T23:00:00Z,3.483055555158191
2016-11-15T00:00:00Z,4.339444436629614
2016-11-15T01:00:00Z,3.9916666752762264
2016-11-15T02:00:00Z,4.103611116607984
2016-11-15T03:00:00Z,3.1077777746650908
2016-11-15T04:00:00Z,1.8963888848821322
2016-11-15T05:00:00Z,2.5599999962581528
2016-11-15T06:00:00Z,3.9688888788223267
2016-11-15T07:00:00Z,4.598611115747028
2016-11-15T08:00:00Z,4.344999995496538
2016-11-15T09:00:00Z,5.0977777699629465
2016-11-15T10:00:00Z,5.047222212288115
2016-11-15T11:00:00Z,5.321944450007544
2016-11-15T12:00:00Z,5.276388886902067
2016-11-15T13:00:00Z,5.242499997880723
2016-11-15T14:00:00Z,4.639722221427494
2016-11-15T15:00:00Z,3.3383333375056585
2016-11-15T16:00:00Z,3.22083333366447
2016-11-15T17:00:00Z,2.8513888872332043
2016-11-15T18:00:00Z,3.1469444427225324
2016-11-15T19:00:00Z,3.7283333321412404
2016-11-15T20:00:00Z,3.8872222201691735
2016-11-15T21:00:00Z,3.948888897233539
2016-11-15T22:00:00Z,3.603888886504703
2016-11-15T23:00:00Z,4.991666658719381
2016-11-16T00:00:00Z,4.984166659249199
2016-11-16T01:00:00Z,5.250277783473333
2016-11-16T02:00:00Z,4.889444440603256
2016-11-16T03:00:00Z,5.131666665607028
2016-11-16T04:00:00Z,5.177222216791577
2016-11-16T05:00:00Z,4.940833325518502
2016-11-16T06:00:00Z,5.456388902001911
2016-11-16T07:00:00Z,5.226111105415556
2016-11-16T08:00:00Z,5.845000003443824
2016-11-16T09:00:00Z,5.534722236129973
2016-11-16T10:00:00Z,6.231666662957934
2016-11-16T11:00:00Z,5.653333343399895
2016-11-16T12:00:00Z,6.8244444476233586
2016-11-16T13:00:00Z,7.338611120647855
2016-11-16T14:00:00Z,7.093611130449507
2016-11-16T15:00:00Z,6.010555564032661
2016-11-16T16:00:00Z,4.4111111018392775
2016-11-16T17:00:00Z,4.684444434775246
2016-11-16T18:00:00Z,4.851944452524185
2016-11-16T19:00:00Z,4.610277768638399
2016-11-16T20:00:00Z,3.806666664282481
2016-11-16T21:00:00Z,3.868611106607649
2016-11-16T22:00:00Z,3.9080555505222745
2016-11-16T23:00:00Z,3.246388891008165
2016-11-17T00:00:00Z,3.686111103494962
2016-11-17T01:00:00Z,4.457222225268682
2016-11-17T02:00:00Z,2.7008333332008787
2016-11-17T03:00:00Z,3.593888888756434
2016-11-17T04:00:00Z,4.4558333271079595
2016-11-17T05:00:00Z,4.876666669050852
2016-11-17T06:00:00Z,5.403611107667287
2016-11-17T07:00:00Z,5.292500003841188
2016-11-17T08:00:00Z,4.944722226593229
2016-11-17T09:00:00Z,6.981111126475864
2016-11-17T10:00:00Z,8.079444449477725
2016-11-17T11:00:00Z,9.67611112329695
2016-11-17T12:00:00Z,11.044444453716277
2016-11-17T13:00:00Z,11.151111136542426
2016-11-17T14:00:00Z,8.380555560853747
2016-11-17T15:00:00Z,8.747222214274936
2016-11-17T16:00:00Z,8.065000012185838
2016-11-17T17:00:00Z,7.700833337836795
2016-11-17T18:00:00Z,5.944444453716278
2016-11-17T19:00:00Z,4.342777774731318
2016-11-17T20:00:00Z,4.141944435569975
2016-11-17T21:00:00Z,4.781111106607649
2016-11-17T22:00:00Z,3.496666670176718
2016-11-17T23:00:00Z,5.224166661500931
2016-11-18T00:00:00Z,6.11444445517328
2016-11-18T01:00:00Z,2.8141666650772095
2016-11-18T02:00:00Z,2.6799999889400272
2016-11-18T03:00:00Z,2.664166662096977
2016-11-18T04:00:00Z,2.850000002980232
2016-11-18T05:00:00Z,1.6899999980297353
2016-11-18T06:00:00Z,1.9111111061440573
2016-11-18T07:00:00Z,3.3113888932598963
2016-11-18T08:00:00Z,3.1369444449742634
2016-11-18T09:00:00Z,3.345833333333333
2016-11-18T10:00:00Z,2.9877777722146774
2016-11-18T11:00:00Z,4.576666663752662
2016-11-18T12:00:00Z,5.756111115879483
2016-11-18T13:00:00Z,5.243333339691162
2016-11-18T14:00:00Z,5.668611108594471
2016-11-18T15:00:00Z,4.159444442060258
2016-11-18T16:00:00Z,4.051388891537984
2016-11-18T17:00:00Z,3.820277770360311
2016-11-18T18:00:00Z,3.8408333387639786
2016-11-18T19:00:00Z,2.980277775393592
2016-11-18T20:00:00Z,2.176944437291887
2016-11-18T21:00:00Z,2.781944446762403
2016-11-18T22:00:00Z,3.4300000041723253
2016-11-18T23:00:00Z,2.8783333238628175
2016-11-19T00:00:00Z,2.7449999981456332
2016-11-19T01:00:00Z,3.8983333309491477
2016-11-19T02:00:00Z,3.597222218910853
2016-11-19T03:00:00Z,2.648888881338967
2016-11-19T04:00:00Z,2.9027777757909563
2016-11-19T05:00:00Z,3.022777772280905
2016-11-19T06:00:00Z,2.3455555501911376
2016-11-19T07:00:00Z,2.3152777714861763
2016-11-19T08:00:00Z,2.911111113097933
2016-11-19T09:00:00Z,4.01472221745385
2016-11-19T10:00:00Z,3.968055550919639
2016-11-19T11:00:00Z,3.6733333283000524
2016-11-19T12:00:00Z,4.1694444437821705
2016-11-19T13:00:00Z,3.264444446232584
2016-11-19T14:00:00Z,4.426944442590078
2016-11-19T15:00:00Z,3.5769444369607504
2016-11-19T16:00:00Z,2.1297222198711503
2016-11-19T17:00:00Z,3.9488888874650003
2016-11-19T18:00:00Z,3.058055551184548
2016-11-19T19:00:00Z,2.5611111061440575
2016-11-19T20:00:00Z,2.9319444401396644
2016-11-19T21:00:00Z,4.0588888787560995
2016-11-19T22:00:00Z,6.529444428284963
2016-11-19T23:00:00Z,7.500555558337106
2016-11-20T00:00:00Z,7.381388884782791
2016-11-20T01:00:00Z,9.616944430934058
2016-11-20T02:00:00Z,9.294166657659742
2016-11-20T03:00:00Z,8.45527777340677
2016-11-20T04:00:00Z,7.029444446166356
2016-11-20T05:00:00Z,6.480833342340257
2016-11-20T06:00:00Z,6.795277787579431
2016-11-20T07:00:00Z,7.603055576483409
2016-11-20T08:00:00Z,7.886666672759586
2016-11-20T09:00:00Z,6.506944443782171
2016-11-20T10:00:00Z,5.932777767048941
2016-11-20T11:00:00Z,5.2941666695806715
2016-11-20T12:00:00Z,4.141944447490904
2016-11-20T13:00:00Z,3.2116666671302583
2016-11-20T14:00:00Z,1.638611110424002
2016-11-20T15:00:00Z,0.8694444488320086
2016-11-20T16:00:00Z,1.2552777780840794
2016-11-20T17:00:00Z,1.8933333228031795
2016-11-20T18:00:00Z,2.085833325650957
2016-11-20T19:00:00Z,2.2227777706252203
2016-11-20T20:00:00Z,2.991944435901112
2016-11-20T21:00:00Z,3.846111112170749
2016-11-20T22:00:00Z,4.335555553436279
2016-11-20T23:00:00Z,5.1980555580721965
2016-11-21T00:00:00Z,6.488055559661653
2016-11-21T01:00:00Z,6.121944460603926
2016-11-21T02:00:00Z,6.782500014702479
2016-11-21T03:00:00Z,6.102777789036433
2016-11-21T04:00:00Z,5.956388892067803
2016-11-21T05:00:00Z,4.924444439013799
2016-11-21T06:00:00Z,4.9575000001324545
2016-11-21T07:00:00Z,4.766388894451989
2016-11-21T08:00:00Z,3.6505555460850396
2016-11-21T09:00:00Z,3.607777770691448
2016-11-21T10:00:00Z,4.483055559131834
2016-11-21T11:00:00Z,4.5836111088593805
2016-11-21T12:00:00Z,8.213333342472712
2016-11-21T13:00:00Z,8.48972224129571
2016-11-21T14:00:00Z,7.309166659911473
2016-11-21T15:00:00Z,5.185000001059638
2016-11-21T16:00:00Z,4.985833326975505
2016-11-21T17:00:00Z,4.148611113097933
2016-11-21T18:00:00Z,3.674166667130258
2016-11-21T19:00:00Z,3.8383333348565634
2016-11-21T20:00:00Z,3.999722221824858
2016-11-21T21:00:00Z,3.6872222168578044
2016-11-21T22:00:00Z,4.396388894981808
2016-11-21T23:00:00Z,6.878333320220311
2016-11-22T00:00:00Z,5.784166668521033
2016-11-22T01:00:00Z,4.647222223877907
2016-11-22T02:00:00Z,4.415555558933152
2016-11-22T03:00:00Z,6.6247222211625845
2016-11-22T04:00:00Z,4.9633333351877
2016-11-22T05:00:00Z,5.746666674481498
2016-11-22T06:00:00Z,5.551388897498449
2016-11-22T07:00:00Z,6.956666666931576
2016-11-22T08:00:00Z,6.84083333545261
2016-11-22T09:00:00Z,7.07027778757943
2016-11-22T10:00:00Z,7.2936111119058396
2016-11-22T11:00:00Z,8.392500025696224
2016-11-22T12:00:00Z,7.8552777647972105
2016-11-22T13:00:00Z,6.286944448285633
2016-11-22T14:00:00Z,5.411944446298811
2016-11-22T15:00:00Z,5.427500002914005
2016-11-22T16:00:00Z,3.0630555510520936
2016-11-22T17:00:00Z,1.987222220003605
2016-11-22T18:00:00Z,1.460555552939574
2016-11-22T19:00:00Z,1.9566666573286056
2016-11-22T20:00:00Z,1.7330555505222744
2016-11-22T21:00:00Z,1.0152777793920702
2016-11-22T22:00:00Z,0.8252777821901772
2016-11-22T23:00:00Z,1.1786111136277517
2016-11-23T00:00:00Z,1.0077777757205897
2016-11-23T01:00:00Z,0.7852777801661028
2016-11-23T02:00:00Z,0.9797222256867422
2016-11-23T03:00:00Z,1.4294444411993026
2016-11-23T04:00:00Z,1.8016666647460726
2016-11-23T05:00:00Z,0.8536111120755474
2016-11-23T06:00:00Z,0.6611111140499513
2016-11-23T07:00:00Z,1.4608333299557368
2016-11-23T08:00:00Z,1.8599999962581528
2016-11-23T09:00:00Z,2.6202777716848584
2016-11-23T10:00:00Z,3.4583333356512918
2016-11-23T11:00:00Z,4.255555555224419
2016-11-23T12:00:00Z,4.113333334856563
2016-11-23T13:00:00Z,4.289166665408346
2016-11-23T14:00:00Z,4.492222218381034
2016-11-23T15:00:00Z,4.718055553568734
2016-11-23T16:00:00Z,4.3552777770492765
2016-11-23T17:00:00Z,5.714166663090388
2016-11-23T18:00:00Z,4.906944436497159
2016-11-23T19:00:00Z,6.136388891935349
2016-11-23T20:00:00Z,6.633611096276177
2016-11-23T21:00:00Z,7.473333338896434
2016-11-23T22:00:00Z,7.057500004768372
2016-11-23T23:00:00Z,7.496111112170749
2016-11-24T00:00:00Z,7.136944450272454
2016-11-24T01:00:00Z,8.000555584828058
2016-11-24T02:00:00Z,7.697777797116173
2016-11-24T03:00:00Z,7.96305556429757
2016-11-24T04:00:00Z,7.9033333328035145
2016-11-24T05:00:00Z,7.84027779367235
2016-11-24T06:00:00Z,7.67388889392217
2016-11-24T07:00:00Z,7.1211111141575705
2016-11-24T08:00:00Z,7.0686111039585535
2016-11-24T09:00:00Z,7.829444460074106
2016-11-24T10:00:00Z,9.256388892067804
2016-11-24T11:00:00Z,8.210000007020103
2016-11-24T12:00:00Z,8.494444434510337
2016-11-24T13:00:00Z,9.57027778228124
2016-11-24T14:00:00Z,8.867777776718139
2016-11-24T15:00:00Z,8.73500000635783
2016-11-24T16:00:00Z,9.086666666136848
2016-11-24T17:00:00Z,7.652222230699327
2016-11-24T18:00:00Z,8.635555561383566
2016-11-24T19:00:00Z,7.974722214539846
2016-11-24T20:00:00Z,7.62277778254615
2016-11-24T21:00:00Z,8.178333336777158
2016-11-24T22:00:00Z,7.535277791817983
2016-11-24T23:00:00Z,7.35277778506279
2016-11-25T00:00:00Z,7.78111113442315
2016-11-25T01:00:00Z,7.029722248183356
2016-11-25T02:00:00Z,7.862777780161964
2016-11-25T03:00:00Z,7.510833336909612
2016-11-25T04:00:00Z,7.282777786254883
2016-11-25T05:00:00Z,6.827777780426873
2016-11-25T06:00:00Z,6.416944450139999
2016-11-25T07:00:00Z,7.22861111164093
2016-11-25T08:00:00Z,5.828888895114263
2016-11-25T09:00:00Z,5.7947222212950384
2016-11-25T10:00:00Z,6.196388887696796
2016-11-25T11:00:00Z,5.977222228050232
2016-11-25T12:00:00Z,6.805000025033951
2016-11-25T13:00:00Z,7.518611125151316
2016-11-25T14:00:00Z,7.3744444688161215
2016-11-25T15:00:00Z,6.2822222265932295
2016-11-25T16:00:00Z,5.309444458617104
2016-11-25T17:00:00Z,5.285277763340209
2016-11-25T18:00:00Z,4.944444443782171
2016-11-25T19:00:00Z,4.58583333392938
2016-11-25T20:00:00Z,4.781388889418708
2016-11-25T21:00:00Z,3.3538888851801554
2016-11-25T22:00:00Z,3.215833329492145
2016-11-25T23:00:00Z,2.803055559595426
2016-11-26T00:00:00Z,2.311388886306021
2016-11-26T01:00:00Z,2.1563888753453893
2016-11-26T02:00:00Z,2.382222221295039
2016-11-26T03:00:00Z,2.344999991522895
2016-11-26T04:00:00Z,2.593611103627417
2016-11-26T05:00:00Z,2.3694444394773906
2016-11-26T06:00:00Z,2.0674999925825333
2016-11-26T07:00:00Z,3.2336111002498202
2016-11-26T08:00:00Z,3.473333333267106
2016-11-26T09:00:00Z,4.519166673554315
2016-11-26T10:00:00Z,4.1836111171378025
2016-11-26T11:00:00Z,3.0061111092567443
2016-11-26T12:00:00Z,3.0349999987416796
2016-11-26T13:00:00Z,2.4508333295583724
2016-11-26T14:00:00Z,3.1530555453565388
2016-11-26T15:00:00Z,1.9669444382190704
2016-11-26T16:00:00Z,1.0975000016184318
2016-11-26T17:00:00Z,1.1216666667825645
2016-11-26T18:00:00Z,2.0297222120894327
2016-11-26T19:00:00Z,1.397777777040998
2016-11-26T20:00:00Z,2.349999987747934
2016-11-26T21:00:00Z,3.9999999907281665
2016-11-26T22:00:00Z,3.8500000072850122
2016-11-26T23:00:00Z,3.2375000006622736
2016-11-27T00:00:00Z,2.678055554959509
2016-11-27T01:00:00Z,3.1316666652758918
2016-11-27T02:00:00Z,2.308611107700401
2016-11-27T03:00:00Z,1.4894444397754139
2016-11-27T04:00:00Z,2.6924999988741343
2016-11-27T05:00:00Z,2.2241666553748978
2016-11-27T06:00:00Z,2.653888882199923
2016-11-27T07:00:00Z,2.9980555527740056
2016-11-27T08:00:00Z,3.506666659646564
2016-11-27T09:00:00Z,4.864166666732894
2016-11-27T10:00:00Z,4.696111106872559
2016-11-27T11:00:00Z,5.412777783142196
2016-11-27T12:00:00Z,5.2277777665191225
2016-11-27T13:00:00Z,6.019444441133075
2016-11-27T14:00:00Z,4.911666670772765
2016-11-27T15:00:00Z,4.3883333351877
2016-11-27T16:00:00Z,3.1566666651103232
2016-11-27T17:00:00Z,2.612499992052714
2016-11-27T18:00:00Z,3.0630555467473135
2016-11-27T19:00:00Z,3.391388891471757
2016-11-27T20:00:00Z,3.7925000025166407
2016-11-27T21:00:00Z,3.5302777631415263
2016-11-27T22:00:00Z,3.3255555543634627
2016-11-27T23:00:00Z,2.1502777743670674
2016-11-28T00:00:00Z,3.5027777787711885
2016-11-28T01:00:00Z,3.785277779897054
2016-11-28T02:00:00Z,3.122222217917442
2016-11-28T03:00:00Z,3.079999994569355
2016-11-28T04:00:00Z,3.6397222210963567
2016-11-28T05:00:00Z,3.197777771949768
2016-11-28T06:00:00Z,2.646666666534212
2016-11-28T07:00:00Z,2.7330555515156854
2016-11-28T08:00:00Z,3.738333328233825
2016-11-28T09:00:00Z,3.65277777645323
2016-11-28T10:00:00Z,4.660000002715322
2016-11-28T11:00:00Z,4.794166661964523
2016-11-28T12:00:00Z,5.357500007417467
2016-11-28T13:00:00Z,4.907500001457002
2016-11-28T14:00:00Z,4.886666662825478
2016-11-28T15:00:00Z,3.0336111058791477
2016-11-28T16:00:00Z,2.6958333330021964
2016-11-28T17:00:00Z,3.3933333271079595
2016-11-28T18:00:00Z,2.62694444126553
2016-11-28T19:00:00Z,3.1219444500075446
2016-11-28T20:00:00Z,2.9955555624432035
2016-11-28T21:00:00Z,2.867222213745117
2016-11-28T22:00:00Z,2.2838888850477006
2016-11-28T23:00:00Z,2.7533333284987345
2016-11-29T00:00:00Z,2.6344444460339016
2016-11-29T01:00:00Z,2.350555553370052
2016-11-29T02:00:00Z,2.1933333242932957
2016-11-29T03:00:00Z,2.272777771949768
2016-11-29T04:00:00Z,3.036388882332378
2016-11-29T05:00:00Z,2.9405555526415506
2016-11-29T06:00:00Z,2.6877777718835407
2016-11-29T07:00:00Z,2.7380555546945997
2016-11-29T08:00:00Z,2.3988888872994316
2016-11-29T09:00:00Z,3.1819444434510338
2016-11-29T10:00:00Z,3.7069444394773905
2016-11-29T11:00:00Z,3.85611109468672
2016-11-29T12:00:00Z,3.823611107468605
2016-11-29T13:00:00Z,3.2805555452903112
2016-11-29T14:00:00Z,2.6780555566151936
2016-11-29T15:00:00Z,2.623055549793773
2016-11-29T16:00:00Z,2.155833328432507
2016-11-29T17:00:00Z,1.7652777698304918
2016-11-29T18:00:00Z,1.3313888866661323
2016-11-29T19:00:00Z,1.7094444419774744
2016-11-29T20:00:00Z,2.3052777681085797
2016-11-29T21:00:00Z,2.244444437821706
2016-11-29T22:00:00Z,2.2972222179174424
2016-11-29T23:00:00Z,1.6638888840460115
2016-11-30T00:00:00Z,0.7727777794417408
2016-11-30T01:00:00Z,1.2255555527491702
2016-11-30T02:00:00Z,1.165833332348201
2016-11-30T03:00:00Z,1.139722220848004
2016-11-30T04:00:00Z,1.3299999985016056
2016-11-30T05:00:00Z,1.4486111073858208
2016-11-30T06:00:00Z,1.0030555550215974
2016-11-30T07:00:00Z,0.9397222238075402
2016-11-30T08:00:00Z,1.3691666637443833
2016-11-30T09:00:00Z,1.0841666665963001
2016-11-30T10:00:00Z,0.4113888924320539
2016-11-30T11:00:00Z,0.4958333378657699
2016-11-30T12:00:00Z,0.3908333373152547
2016-11-30T13:00:00Z,0.5036111163389352
2016-11-30T14:00:00Z,0.7700000035473042
2016-11-30T15:00:00Z,1.2913888874981139
2016-11-30T16:00:00Z,1.458333332505491
2016-11-30T17:00:00Z,0.798611112145914
2016-11-30T18:00:00Z,0.8186111144100626
2016-11-30T19:00:00Z,1.536944441497326
2016-11-30T20:00:00Z,0.6113888920595248
2016-11-30T21:00:00Z,0.663055560634368
2016-11-30T22:00:00Z,0.4750000030630165
2016-11-30T23:00:00Z,1.419722218811512
2016-12-01T00:00:00Z,0.9708333363756537
2016-12-01T01:00:00Z,0.6161111135242714
2016-12-01T02:00:00Z,1.6249999951985148
2016-12-01T03:00:00Z,0.8252777793548174
2016-12-01T04:00:00Z,0.36583333594931494
2016-12-01T05:00:00Z,0.4091666709424721
2016-12-01T06:00:00Z,1.1050000010265244
2016-12-01T07:00:00Z,1.6749999948259857
2016-12-01T08:00:00Z,0.44083333700481386
2016-12-01T09:00:00Z,0.2519444475778275
2016-12-01T10:00:00Z,0.46611111333800687
2016-12-01T11:00:00Z,0.6216666715012656
2016-12-01T12:00:00Z,0.678055558871064
2016-12-01T13:00:00Z,1.1736111130151483
2016-12-01T14:00:00Z,0.419444447900686
2016-12-01T15:00:00Z,0.6238888920802209
2016-12-01T16:00:00Z,0.9722222242918279
2016-12-01T17:00:00Z,1.0166666658388244
2016-12-01T18:00:00Z,1.5574999949998325
2016-12-01T19:00:00Z,1.6130555492308405
2016-12-01T20:00:00Z,1.772222215930621
2016-12-01T21:00:00Z,1.5074999993046125
2016-12-01T22:00:00Z,1.359722223215633
2016-12-01T23:00:00Z,1.1861111146294407
2016-12-02T00:00:00Z,1.1352777779516248
2016-12-02T01:00:00Z,1.4833333300633562
2016-12-02T02:00:00Z,0.7322222241303987
2016-12-02T03:00:00Z,0.6397222257736657
2016-12-02T04:00:00Z,0.6422222237827049
2016-12-02T05:00:00Z,0.4341666714805696
2016-12-02T06:00:00Z,0.3516666705616646
2016-12-02T07:00:00Z,0.26416666909224457
2016-12-02T08:00:00Z,0.6358333357506328
2016-12-02T09:00:00Z,0.5691666712570521
2016-12-02T10:00:00Z,0.6919444475736883
2016-12-02T11:00:00Z,0.7497222248257862
2016-12-02T12:00:00Z,0.7291666685707039
2016-12-02T13:00:00Z,1.0938888899981976
2016-12-02T14:00:00Z,1.4205555554065439
2016-12-02T15:00:00Z,1.6952777746650907
2016-12-02T16:00:00Z,1.7877777733736568
2016-12-02T17:00:00Z,1.7313888816369905
2016-12-02T18:00:00Z,2.0027777681748073
2016-12-02T19:00:00Z,1.859999995595879
2016-12-02T20:00:00Z,1.7644444377885924
2016-12-02T21:00:00Z,1.7386111034287346
2016-12-02T22:00:00Z,2.2002777708901298
2016-12-02T23:00:00Z,2.0572222110297944
2016-12-03T00:00:00Z,2.498888881670104
2016-12-03T01:00:00Z,2.6072222229507234
2016-12-03T02:00:00Z,2.41722221771876
2016-12-03T03:00:00Z,3.00944444835186
2016-12-03T04:00:00Z,3.3133333361811106
2016-12-03T05:00:00Z,2.876388880279329
2016-12-03T06:00:00Z,2.4402777714861763
2016-12-03T07:00:00Z,2.007222225268682
2016-12-03T08:00:00Z,1.892499991092417
2016-12-03T09:00:00Z,2.6702777746650908
2016-12-03T10:00:00Z,3.2244444482856327
2016-12-03T11:00:00Z,4.088611116011937
2016-12-03T12:00:00Z,4.4650000042385525
2016-12-03T13:00:00Z,4.141666667991214
2016-12-03T14:00:00Z,4.3538888815376495
2016-12-03T15:00:00Z,4.3311111138926615
2016-12-03T16:00:00Z,3.1397222184472615
2016-12-03T17:00:00Z,3.7366666747464072
2016-12-03T18:00:00Z,3.662499995364083
2016-12-03T19:00:00Z,3.580833320816358
2016-12-03T20:00:00Z,3.7413888845178818
2016-12-03T21:00:00Z,3.498888891273075
2016-12-03T22:00:00Z,2.618055553237597
2016-12-03T23:00:00Z,3.1277777734729977
2016-12-04T00:00:00Z,3.6652777744664085
2016-12-04T01:00:00Z,3.3205555538336435
2016-12-04T02:00:00Z,3.1316666689183976
2016-12-04T03:00:00Z,2.9805555519130493
2016-12-04T04:00:00Z,3.3008333318763308
2016-12-04T05:00:00Z,2.963888886902067
2016-12-04T06:00:00Z,3.305277779036098
2016-12-04T07:00:00Z,3.8758333279026878
2016-12-04T08:00:00Z,3.65111109746827
2016-12-04T09:00:00Z,4.5441666536861
2016-12-04T10:00:00Z,4.576944448219406
2016-12-04T11:00:00Z,4.449166658851835
2016-12-04T12:00:00Z,4.782499996821086
2016-12-04T13:00:00Z,5.111944438351525
2016-12-04T14:00:00Z,3.4091666648785273
2016-12-04T15:00:00Z,2.7686111069387858
2016-12-04T16:00:00Z,3.1452777693669
2016-12-04T17:00:00Z,2.649166668454806
2016-12-04T18:00:00Z,2.171666660077042
2016-12-04T19:00:00Z,1.7799999987913502
2016-12-04T20:00:00Z,2.011944441497326
2016-12-04T21:00:00Z,3.013333332207468
2016-12-04T22:00:00Z,2.7955555611186558
2016-12-04T23:00:00Z,2.3633333292272356
2016-12-05T00:00:00Z,2.4524999919864867
2016-12-05T01:00:00Z,2.5113888833257887
2016-12-05T02:00:00Z,1.9322222179836697
2016-12-05T03:00:00Z,2.6527777708239024
2016-12-05T04:00:00Z,2.426666663090388
2016-12-05T05:00:00Z,3.147777777247959
2016-12-05T06:00:00Z,2.536388885974884
2016-12-05T07:00:00Z,1.8180555507540703
2016-12-05T08:00:00Z,1.9997222185134889
2016-12-05T09:00:00Z,2.1780555489162605
2016-12-05T10:00:00Z,1.9811111042896907
2016-12-05T11:00:00Z,1.6855555483450493
2016-12-05T12:00:00Z,2.14249999721845
2016-12-05T13:00:00Z,1.7866666619976361
2016-12-05T14:00:00Z,2.3902777714861765
2016-12-05T15:00:00Z,1.8747222191757626
2016-12-05T16:00:00Z,1.2805555532996853
2016-12-05T17:00:00Z,2.41444444126553
2016-12-05T18:00:00Z,1.5086111060447163
2016-12-05T19:00:00Z,1.9552777756419446
2016-12-05T20:00:00Z,2.0430555457870168
2016-12-05T21:00:00Z,1.9966666627261374
2016-12-05T22:00:00Z,1.9599999936090575
2016-12-05T23:00:00Z,1.9483333273066414
2016-12-06T00:00:00Z,1.3138888863225777
2016-12-06T01:00:00Z,1.9319444385667641
2016-12-06T02:00:00Z,1.2713888881935014
2016-12-06T03:00:00Z,2.1377777700622875
2016-12-06T04:00:00Z,2.1519444435834885
2016-12-06T05:00:00Z,2.241666659547223
2016-12-06T06:00:00Z,0.9916666668322351
2016-12-06T07:00:00Z,0.6141666668984626
2016-12-06T08:00:00Z,0.8725000049504968
2016-12-06T09:00:00Z,1.551388886819283
2016-12-06T10:00:00Z,1.5030555543179314
2016-12-06T11:00:00Z,1.2233333339293797
2016-12-06T12:00:00Z,1.701111106740104
2016-12-06T13:00:00Z,2.0144444404376878
2016-12-06T14:00:00Z,2.406666664282481
2016-12-06T15:00:00Z,2.3958333286974165
2016-12-06T16:00:00Z,2.6444444404708016
2016-12-06T17:00:00Z,2.8900000005960464
2016-12-06T18:00:00Z,2.7750000033113693
2016-12-06T19:00:00Z,2.7716666678587596
2016-12-06T20:00:00Z,3.9205555571450126
2016-12-06T21:00:00Z,3.0230555554231007
2016-12-06T22:00:00Z,2.2491666671302584
2016-12-06T23:00:00Z,2.6155555509858663
2016-12-07T00:00:00Z,2.4627777700622877
2016-12-07T01:00:00Z,3.527500003245142
2016-12-07T02:00:00Z,4.7952777690357635
2016-12-07T03:00:00Z,4.1536111036936445
2016-12-07T04:00:00Z,3.1558333314127394
2016-12-07T05:00:00Z,3.8991666588518354
2016-12-07T06:00:00Z,4.498611120382945
2016-12-07T07:00:00Z,4.5886111087269255
2016-12-07T08:00:00Z,4.556388889418708
2016-12-07T09:00:00Z,5.007777771022584
2016-12-07T10:00:00Z,6.90638889140553
2016-12-07T11:00:00Z,5.989722226725684
2016-12-07T12:00:00Z,4.144722226593229
2016-12-07T13:00:00Z,2.9261111123694312
2016-12-07T14:00:00Z,3.393888885445065
2016-12-07T15:00:00Z,3.885833332273695
2016-12-07T16:00:00Z,4.576944453848733
2016-12-07T17:00:00Z,3.5491666654745737
2016-12-07T18:00:00Z,4.866666673289405
2016-12-07T19:00:00Z,5.089999993642171
2016-12-07T20:00:00Z,6.372222237454521
2016-12-07T21:00:00Z,5.151944450537363
2016-12-07T22:00:00Z,2.6930555509196386
2016-12-07T23:00:00Z,3.5930555548932817
2016-12-08T00:00:00Z,4.145555564430025
2016-12-08T01:00:00Z,4.1838888910081655
2016-12-08T02:00:00Z,4.829166671302583
2016-12-08T03:00:00Z,5.469999998145633
2016-12-08T04:00:00Z,4.791666656070285
2016-12-08T05:00:00Z,6.347500009669198
2016-12-08T06:00:00Z,7.150000001324548
2016-12-08T07:00:00Z,7.64888891114129
2016-12-08T08:00:00Z,7.28805558151669
2016-12-08T09:00:00Z,6.0561111158794825
2016-12-08T10:00:00Z,6.542222230964237
2016-12-08T11:00:00Z,6.7172222190433075
2016-12-08T12:00:00Z,6.846666675143772
2016-12-08T13:00:00Z,6.048888883988062
2016-12-08T14:00:00Z,4.538055562310749
2016-12-08T15:00:00Z,3.568611106938786
2016-12-08T16:00:00Z,3.872777772280905
2016-12-08T17:00:00Z,4.535277772612042
2016-12-08T18:00:00Z,3.5755555520455045
2016-12-08T19:00:00Z,2.4711111005809574
2016-12-08T20:00:00Z,4.094444447755814
2016-12-08T21:00:00Z,4.607222221957313
2016-12-08T22:00:00Z,3.6722222205665376
2016-12-08T23:00:00Z,4.161388883988063
2016-12-09T00:00:00Z,3.94055555595292
2016-12-09T01:00:00Z,4.221666657262379
2016-12-09T02:00:00Z,4.394166659646564
2016-12-09T03:00:00Z,4.886111124025451
2016-12-09T04:00:00Z,4.653333333134651
2016-12-09T05:00:00Z,4.356666670242945
2016-12-09T06:00:00Z,4.0425000031789144
2016-12-09T07:00:00Z,4.6669444455040825
2016-12-09T08:00:00Z,3.5797222253349092
2016-12-09T09:00:00Z,4.779444432258606
2016-12-09T10:00:00Z,4.12944443821907
2016-12-09T11:00:00Z,4.669722225268682
2016-12-09T12:00:00Z,5.30944444934527
2016-12-09T13:00:00Z,6.946944460603926
2016-12-09T14:00:00Z,5.753055551979277
2016-12-09T15:00:00Z,5.421111118793488
2016-12-09T16:00:00Z,5.124166661500931
2016-12-09T17:00:00Z,5.929722224341498
2016-12-09T18:00:00Z,5.475555554363463
2016-12-09T19:00:00Z,5.8511111186610325
2016-12-09T20:00:00Z,5.046944451994366
2016-12-09T21:00:00Z,4.084999991125531
2016-12-09T22:00:00Z,4.271388894981808
2016-12-09T23:00:00Z,4.715833333465788
2016-12-10T00:00:00Z,4.645277770360311
2016-12-10T01:00:00Z,5.35638889670372
2016-12-10T02:00:00Z,4.045277779632144
2016-12-10T03:00:00Z,4.7819444523917305
2016-12-10T04:00:00Z,4.3802777813540565
2016-12-10T05:00:00Z,4.039999985032612
2016-12-10T06:00:00Z,3.328611108329561
2016-12-10T07:00:00Z,2.8308333350552455
2016-12-10T08:00:00Z,3.0241666588518354
2016-12-10T09:00:00Z,3.425555545091629
2016-12-10T10:00:00Z,3.6511111087269255
2016-12-10T11:00:00Z,4.1625
2016-12-10T12:00:00Z,5.545277775658501
2016-12-10T13:00:00Z,5.391388888491525
2016-12-10T14:00:00Z,5.445833335320155
2016-12-10T15:00:00Z,5.718333330419329
2016-12-10T16:00:00Z,6.847500009006924
2016-12-10T17:00:00Z,7.270000004768372
2016-12-10T18:00:00Z,7.477222224076589
2016-12-10T19:00:00Z,7.834444467888938
2016-12-10T20:00:00Z,5.309444442060259
2016-12-10T21:00:00Z,2.6422222268250253
2016-12-10T22:00:00Z,3.340277777115504
2016-12-10T23:00:00Z,2.7844444397423
2016-12-11T00:00:00Z,2.151111102104187
2016-12-11T01:00:00Z,1.58555555296027
2016-12-11T02:00:00Z,2.4202777716848587
2016-12-11T03:00:00Z,2.7880555556880102
2016-12-11T04:00:00Z,2.725277777512868
2016-12-11T05:00:00Z,2.7947222219573127
2016-12-11T06:00:00Z,2.399444439676073
2016-12-11T07:00:00Z,1.3652777730176846
2016-12-11T08:00:00Z,2.368611111554007
2016-12-11T09:00:00Z,2.70138888557752
2016-12-11T10:00:00Z,1.4266666658636598
2016-12-11T11:00:00Z,1.3450000008361207
2016-12-11T12:00:00Z,2.128333331996368
2016-12-11T13:00:00Z,3.310555554098553
2016-12-11T14:00:00Z,3.3119444373581146
2016-12-11T15:00:00Z,2.1413888805442385
2016-12-11T16:00:00Z,1.6738888839880626
2016-12-11T17:00:00Z,2.824999995364083
2016-12-11T18:00:00Z,0.6100000041226546
2016-12-11T19:00:00Z,1.3502777717800605
2016-12-11T20:00:00Z,2.176111112307343
2016-12-11T21:00:00Z,2.2958333381555147
2016-12-11T22:00:00Z,1.0824999989320834
2016-12-11T23:00:00Z,1.8458333262138897
2016-12-12T00:00:00Z,2.283333330353101
2016-12-12T01:00:00Z,1.898333326809936
2016-12-12T02:00:00Z,1.2719444453716278
2016-12-12T03:00:00Z,1.2791666648454136
2016-12-12T04:00:00Z,1.6633333285649619
2016-12-12T05:00:00Z,1.7811111100845867
2016-12-12T06:00:00Z,1.0766666677263048
2016-12-12T07:00:00Z,1.2477777763787243
2016-12-12T08:00:00Z,2.6163888855526847
2016-12-12T09:00:00Z,3.6902777761220933
2016-12-12T10:00:00Z,4.940000007549922
2016-12-12T11:00:00Z,5.03138889140553
2016-12-12T12:00:00Z,4.857499995496538
2016-12-12T13:00:00Z,4.160555549462637
2016-12-12T14:00:00Z,4.518055548932817
2016-12-12T15:00:00Z,5.1402777777777775
2016-12-12T16:00:00Z,4.336944433715608
2016-12-12T17:00:00Z,5.054722221030129
2016-12-12T18:00:00Z,5.019999996158812
2016-12-12T19:00:00Z,4.463611101441913
2016-12-12T20:00:00Z,3.472777778903643
2016-12-12T21:00:00Z,2.8033333318101037
2016-12-12T22:00:00Z,1.6372222180167835
2016-12-12T23:00:00Z,1.3447222161003285
2016-12-13T00:00:00Z,1.9152777686715126
2016-12-13T01:00:00Z,1.9499999903970295
2016-12-13T02:00:00Z,2.3555555509196386
2016-12-13T03:00:00Z,2.194166664613618
2016-12-13T04:00:00Z,1.9613888860576683
2016-12-13T05:00:00Z,1.9041666658388243
2016-12-13T06:00:00Z,3.0108333259820936
2016-12-13T07:00:00Z,3.3224999911255306
2016-12-13T08:00:00Z,3.949722229772144
2016-12-13T09:00:00Z,4.768888878160053
2016-12-13T10:00:00Z,4.660277781221602
2016-12-13T11:00:00Z,3.9886111007796394
2016-12-13T12:00:00Z,4.524444440338347
2016-12-13T13:00:00Z,4.934722219573127
2016-12-13T14:00:00Z,5.376944453186459
2016-12-13T15:00:00Z,5.100277781486511
2016-12-13T16:00:00Z,4.502499998278088
2016-12-13T17:00:00Z,4.5055555555555555
2016-12-13T18:00:00Z,5.094999994834264
2016-12-13T19:00:00Z,5.477499998278088
2016-12-13T20:00:00Z,5.485833338896433
2016-12-13T21:00:00Z,4.632222232553694
2016-12-13T22:00:00Z,4.941388897101084
2016-12-13T23:00:00Z,4.4088888963063555
2016-12-14T00:00:00Z,3.799444430735376
2016-12-14T01:00:00Z,3.0680555486016803
2016-12-14T02:00:00Z,1.8402777702444129
2016-12-14T03:00:00Z,1.7194444368282953
2016-12-14T04:00:00Z,2.504722222354677
2016-12-14T05:00:00Z,3.1947222193082174
2016-12-14T06:00:00Z,3.102500001920594
2016-12-14T07:00:00Z,2.5644444392787085
2016-12-14T08:00:00Z,3.6541666759385003
2016-12-14T09:00:00Z,4.241944438819256
2016-12-14T10:00:00Z,4.031944436166022
2016-12-14T11:00:00Z,4.743333339028888
2016-12-14T12:00:00Z,5.652222236659791
2016-12-14T13:00:00Z,5.005833334392971
2016-12-14T14:00:00Z,4.551111102766461
2016-12-14T15:00:00Z,3.9319444437821707
2016-12-14T16:00:00Z,3.353611109654109
2016-12-14T17:00:00Z,2.4002777753604785
2016-12-14T18:00:00Z,1.771666656807065
2016-12-14T19:00:00Z,1.7041666650523741
2016-12-14T20:00:00Z,2.420833323730363
2016-12-14T21:00:00Z,2.301388880610466
2016-12-14T22:00:00Z,2.518611110581292
2016-12-14T23:00:00Z,1.7302777731584178
2016-12-15T00:00:00Z,1.468055551416344
2016-12-15T01:00:00Z,1.1461111136194733
2016-12-15T02:00:00Z,2.0108333297901684
2016-12-15T03:00:00Z,2.907222217652533
2016-12-15T04:00:00Z,3.451666662096977
2016-12-15T05:00:00Z,3.754444435901112
2016-12-15T06:00:00Z,3.8158333208825854
2016-12-15T07:00:00Z,4.698611108130879
2016-12-15T08:00:00Z,4.841944451464547
2016-12-15T09:00:00Z,4.656944434841474
2016-12-15T10:00:00Z,4.666111111309793
2016-12-15T11:00:00Z,5.523333330949147
2016-12-15T12:00:00Z,5.450277776850594
2016-12-15T13:00:00Z,4.541388889153798
2016-12-15T14:00:00Z,4.493333337704341
2016-12-15T15:00:00Z,4.708055547873179
2016-12-15T16:00:00Z,4.116388890809483
2016-12-15T17:00:00Z,3.957222209042973
2016-12-15T18:00:00Z,3.9447222229507233
2016-12-15T19:00:00Z,3.8522222214274935
2016-12-15T20:00:00Z,3.4797222130828436
2016-12-15T21:00:00Z,2.814444448219405
2016-12-15T22:00:00Z,3.1341666678587594
2016-12-15T23:00:00Z,2.6736111066407626
2016-12-16T00:00:00Z,2.6808333310816024
2016-12-16T01:00:00Z,2.9113888853126104
2016-12-16T02:00:00Z,3.469999996158812
2016-12-16T03:00:00Z,1.998611109952132
2016-12-16T04:00:00Z,2.427777778936757
2016-12-16T05:00:00Z,2.1438888831271066
2016-12-16T06:00:00Z,1.8786111002167065
2016-12-16T07:00:00Z,1.6055555509196386
2016-12-16T08:00:00Z,1.4119444452226162
2016-12-16T09:00:00Z,0.9588888921257522
2016-12-16T10:00:00Z,1.5052777785807847
2016-12-16T11:00:00Z,1.3574999984767702
2016-12-16T12:00:00Z,2.019999989701642
2016-12-16T13:00:00Z,1.5469444412324163
2016-12-16T14:00:00Z,1.1280555525587665
2016-12-16T15:00:00Z,1.544444442871544
2016-12-16T16:00:00Z,1.4886111098859045
2016-12-16T17:00:00Z,1.2269444472259945
2016-12-16T18:00:00Z,1.1469444477723705
2016-12-16T19:00:00Z,0.5525000054596199
2016-12-16T20:00:00Z,0.33583333572993673
2016-12-16T21:00:00Z,0.9066666662899985
2016-12-16T22:00:00Z,1.2780555506547293
2016-12-16T23:00:00Z,0.7425000012955731
2016-12-17T00:00:00Z,0.4616666702139709
2016-12-17T01:00:00Z,0.6363888914800353
2016-12-17T02:00:00Z,0.17916666830165517
2016-12-17T03:00:00Z,0.9725000008112854
2016-12-17T04:00:00Z,0.70138889265557125
2016-12-17T05:00:00Z,1.0200000039405293
2016-12-17T06:00:00Z,1.391111108370953
2016-12-17T07:00:00Z,0.7308333355105585
2016-12-17T08:00:00Z,1.318333331309259
2016-12-17T09:00:00Z,0.8744444467127324
2016-12-17T10:00:00Z,0.8591666706320312
2016-12-17T11:00:00Z,0.6897222250493036
2016-12-17T12:00:00Z,0.3697222255791227
2016-12-17T13:00:00Z,1.1944444458931684
2016-12-17T14:00:00Z,0.6633333362018069
2016-12-17T15:00:00Z,0.9461111116326517
2016-12-17T16:00:00Z,1.3144444461497995
2016-12-17T17:00:00Z,1.1502777788374159
2016-12-17T18:00:00Z,1.2294444428549873
2016-12-17T19:00:00Z,1.297222224374612
2016-12-17T20:00:00Z,0.971111112067269
2016-12-17T21:00:00Z,1.0825000014983945
2016-12-17T22:00:00Z,0.7911111135242714
2016-12-17T23:00:00Z,0.9094444462822543
2016-12-18T00:00:00Z,0.8149999990231461
2016-12-18T01:00:00Z,1.3897222163362635
2016-12-18T02:00:00Z,1.0341666671964858
2016-12-18T03:00:00Z,1.1908333334657881
2016-12-18T04:00:00Z,2.158611105548011
2016-12-18T05:00:00Z,1.942499991092417
2016-12-18T06:00:00Z,2.0463888867033853
2016-12-18T07:00:00Z,0.9916666658388243
2016-12-18T08:00:00Z,1.4547222192088762
2016-12-18T09:00:00Z,1.4594444481035074
2016-12-18T10:00:00Z,1.7947222241303986
2016-12-18T11:00:00Z,1.7680555532582931
2016-12-18T12:00:00Z,0.9533333369634218
2016-12-18T13:00:00Z,1.5224999998799629
2016-12-18T14:00:00Z,2.240555547674497
2016-12-18T15:00:00Z,1.2641666664017572
2016-12-18T16:00:00Z,0.7397222239938047
2016-12-18T17:00:00Z,0.9972222249541017
2016-12-18T18:00:00Z,0.9058333363797929
2016-12-18T19:00:00Z,1.2841666678587595
2016-12-18T20:00:00Z,0.35527778058830234
2016-12-18T21:00:00Z,0.7733333376753662
2016-12-18T22:00:00Z,0.33611111483640144
2016-12-18T23:00:00Z,0.36027777973148556
2016-12-19T00:00:00Z,0.7722222256577678
2016-12-19T01:00:00Z,1.1444444423748388
2016-12-19T02:00:00Z,1.126111110030777
2016-12-19T03:00:00Z,0.7580555591939224
2016-12-19T04:00:00Z,0.38138889121926495
2016-12-19T05:00:00Z,0.4866666705244117
2016-12-19T06:00:00Z,0.5125000033941534
2016-12-19T07:00:00Z,0.5072222255791227
2016-12-19T08:00:00Z,0.5922222271147701
2016-12-19T09:00:00Z,0.5941666703464257
2016-12-19T10:00:00Z,1.0422222243001065
2016-12-19T11:00:00Z,1.2949999969866541
2016-12-19T12:00:00Z,1.7502777750293415
2016-12-19T13:00:00Z,1.7224999932779206
2016-12-19T14:00:00Z,1.7666666618651814
2016-12-19T15:00:00Z,1.4402777779433462
2016-12-19T16:00:00Z,1.8049999978807238
2016-12-19T17:00:00Z,2.1019444392787086
2016-12-19T18:00:00Z,2.763611107071241
2016-12-19T19:00:00Z,2.1480555481380885
2016-12-19T20:00:00Z,2.1941666586531534
2016-12-19T21:00:00Z,2.1338888890213434
2016-12-19T22:00:00Z,1.8602777754267057
2016-12-19T23:00:00Z,2.1549999942382176
2016-12-20T00:00:00Z,2.242499992251396
2016-12-20T01:00:00Z,2.0524999941388766
2016-12-20T02:00:00Z,2.2136111080646517
2016-12-20T03:00:00Z,2.349722217520078
2016-12-20T04:00:00Z,1.5252777755260467
2016-12-20T05:00:00Z,2.16722221771876
2016-12-20T06:00:00Z,1.841666655242443
2016-12-20T07:00:00Z,2.7591666678587594
2016-12-20T08:00:00Z,2.3894444374574557
2016-12-20T09:00:00Z,3.867777775062455
2016-12-20T10:00:00Z,3.712222217188941
2016-12-20T11:00:00Z,2.7219444412324165
2016-12-20T12:00:00Z,2.313888886405362
2016-12-20T13:00:00Z,2.8419444368945226
2016-12-20T14:00:00Z,2.3580555526746645
2016-12-20T15:00:00Z,1.511111110366053
2016-12-20T16:00:00Z,1.8488888848159049
2016-12-20T17:00:00Z,1.9055555449591743
2016-12-20T18:00:00Z,1.3127777773472997
2016-12-20T19:00:00Z,1.9727777729017868
2016-12-20T20:00:00Z,4.228055553303824
2016-12-20T21:00:00Z,4.843055557542377
2016-12-20T22:00:00Z,6.482777770360311
2016-12-20T23:00:00Z,5.641388899750179
2016-12-21T00:00:00Z,4.55944443874889
2016-12-21T01:00:00Z,4.607499996821086
2016-12-21T02:00:00Z,5.573055552774005
2016-12-21T03:00:00Z,6.215277791685528
2016-12-21T04:00:00Z,6.205000008477105
2016-12-21T05:00:00Z,7.154722220367855
2016-12-21T06:00:00Z,7.1433333489629955
2016-12-21T07:00:00Z,5.718888889418708
2016-12-21T08:00:00Z,5.5038888739215
2016-12-21T09:00:00Z,5.75388889975018
2016-12-21T10:00:00Z,5.500277779499689
2016-12-21T11:00:00Z,5.220000003443824
2016-12-21T12:00:00Z,5.886111112435659
2016-12-21T13:00:00Z,4.776666651169459
2016-12-21T14:00:00Z,3.6475000003973643
2016-12-21T15:00:00Z,2.7569444454378553
2016-12-21T16:00:00Z,3.4697222186459435
2016-12-21T17:00:00Z,3.286111111111111
2016-12-21T18:00:00Z,3.0744444522592755
2016-12-21T19:00:00Z,2.3191666670971447
2016-12-21T20:00:00Z,1.4419444407025972
2016-12-21T21:00:00Z,1.3469444495729275
2016-12-21T22:00:00Z,0.8838888892903924
2016-12-21T23:00:00Z,1.3652777781503067
2016-12-22T00:00:00Z,1.0633333352704843
2016-12-22T01:00:00Z,0.8458333360238208
2016-12-22T02:00:00Z,0.8477777798763579
2016-12-22T03:00:00Z,0.6975000025290582
2016-12-22T04:00:00Z,0.638611113673283
2016-12-22T05:00:00Z,1.523333332977361
2016-12-22T06:00:00Z,1.1097222225533592
2016-12-22T07:00:00Z,0.21166666756487554
2016-12-22T08:00:00Z,0.0011111111276679568
2016-12-22T09:00:00Z,0.17805555812600588
2016-12-22T10:00:00Z,0.8794444464147091
2016-12-22T11:00:00Z,2.776111112700568
2016-12-22T12:00:00Z,3.4163888888226617
2016-12-22T13:00:00Z,3.928333331478967
2016-12-22T14:00:00Z,3.721388887034522
2016-12-22T15:00:00Z,3.740277773141861
2016-12-22T16:00:00Z,3.193888885776202
2016-12-22T17:00:00Z,2.2983333289623262
2016-12-22T18:00:00Z,1.955833326280117
2016-12-22T19:00:00Z,3.048611108462016
2016-12-22T20:00:00Z,3.4783333281675977
2016-12-22T21:00:00Z,3.3519444432523517
2016-12-22T22:00:00Z,3.1886111127005683
2016-12-22T23:00:00Z,2.6133333365122478
2016-12-23T00:00:00Z,2.1444444414642123
2016-12-23T01:00:00Z,1.895555552881625
2016-12-23T02:00:00Z,1.5272222245732943
2016-12-23T03:00:00Z,1.302499999768204
2016-12-23T04:00:00Z,0.9038888914924529
2016-12-23T05:00:00Z,2.194722224606408
2016-12-23T06:00:00Z,4.558888882398605
2016-12-23T07:00:00Z,4.32083332935969
2016-12-23T08:00:00Z,6.401388896836175
2016-12-23T09:00:00Z,6.1388888915379844
2016-12-23T10:00:00Z,9.262777780824237
2016-12-23T11:00:00Z,8.870277798175811
2016-12-23T12:00:00Z,9.851388884915245
2016-12-23T13:00:00Z,11.494722206062741
2016-12-23T14:00:00Z,10.644722211360932
2016-12-23T15:00:00Z,10.465277775128682
2016-12-23T16:00:00Z,11.316388879881965
2016-12-23T17:00:00Z,10.939722224076588
2016-12-23T18:00:00Z,8.578055573834312
2016-12-23T19:00:00Z,5.479999993244807
2016-12-23T20:00:00Z,3.983611113495297
2016-12-23T21:00:00Z,5.031111113892662
2016-12-23T22:00:00Z,4.686944441662894
2016-12-23T23:00:00Z,5.144722210698657
2016-12-24T00:00:00Z,4.799722221162584
2016-12-24T01:00:00Z,4.581111105945375
2016-12-24T02:00:00Z,4.6541666613684765
2016-12-24T03:00:00Z,5.621388889683617
2016-12-24T04:00:00Z,5.292777783340878
2016-12-24T05:00:00Z,5.271944442722533
2016-12-24T06:00:00Z,5.132499998807907
2016-12-24T07:00:00Z,5.117777783340878
2016-12-24T08:00:00Z,5.014722224738863
2016-12-24T09:00:00Z,6.357222223281861
2016-12-24T10:00:00Z,6.9611111323038735
2016-12-24T11:00:00Z,6.447222225533592
2016-12-24T12:00:00Z,7.920833330684238
2016-12-24T13:00:00Z,7.750833324591318
2016-12-24T14:00:00Z,7.366666683885787
2016-12-24T15:00:00Z,8.14250000582801
2016-12-24T16:00:00Z,6.286111109786564
2016-12-24T17:00:00Z,6.386944451597002
2016-12-24T18:00:00Z,5.7238888912730745
2016-12-24T19:00:00Z,6.194166668256124
2016-12-24T20:00:00Z,7.005555572774675
2016-12-24T21:00:00Z,7.368611113230387
2016-12-24T22:00:00Z,6.707777790228525
2016-12-24T23:00:00Z,7.298888897233539
2016-12-25T00:00:00Z,6.30944443874889
2016-12-25T01:00:00Z,7.134166653288736
2016-12-25T02:00:00Z,6.075
2016-12-25T03:00:00Z,5.355555558204651
2016-12-25T04:00:00Z,5.625277784135607
2016-12-25T05:00:00Z,5.0777777744664085
2016-12-25T06:00:00Z,5.353611115614573
2016-12-25T07:00:00Z,4.834722222222222
2016-12-25T08:00:00Z,5.235277777247958
2016-12-25T09:00:00Z,5.194999990860621
2016-12-25T10:00:00Z,5.712222227123049
2016-12-25T11:00:00Z,6.478333343399895
2016-12-25T12:00:00Z,7.179999996556176
2016-12-25T13:00:00Z,7.128333332803514
2016-12-25T14:00:00Z,6.991388883193334
2016-12-25T15:00:00Z,5.55972222354677
2016-12-25T16:00:00Z,6.837222227123049
2016-12-25T17:00:00Z,8.150555553701189
2016-12-25T18:00:00Z,7.350277778837416
2016-12-25T19:00:00Z,7.7702777836057875
2016-12-25T20:00:00Z,7.628055553966099
2016-12-25T21:00:00Z,7.540555567211575
2016-12-25T22:00:00Z,8.11222221851349
2016-12-25T23:00:00Z,7.6175000005298195
2016-12-26T00:00:00Z,7.803888902399275
2016-12-26T01:00:00Z,7.189166675673591
2016-12-26T02:00:00Z,5.276666662428114
2016-12-26T03:00:00Z,4.49527777367168
2016-12-26T04:00:00Z,4.53388887974951
2016-12-26T05:00:00Z,3.1924999922513964
2016-12-26T06:00:00Z,3.8333333313465117
2016-12-26T07:00:00Z,4.707777780956692
2016-12-26T08:00:00Z,3.2741666578584248
2016-12-26T09:00:00Z,3.756388880809148
2016-12-26T10:00:00Z,4.656666665607029
2016-12-26T11:00:00Z,4.934999995761448
2016-12-26T12:00:00Z,5.25972224076589
2016-12-26T13:00:00Z,4.891666666666667
2016-12-26T14:00:00Z,5.5188888973659935
2016-12-26T15:00:00Z,3.9930555548932816
2016-12-26T16:00:00Z,3.7227777752611373
2016-12-26T17:00:00Z,2.176111108995974
2016-12-26T18:00:00Z,1.6580555472109053
2016-12-26T19:00:00Z,1.8063888768355052
2016-12-26T20:00:00Z,2.3161111023690966
2016-12-26T21:00:00Z,2.3952777720159952
2016-12-26T22:00:00Z,2.107777767545647
2016-12-26T23:00:00Z,1.4480555500007337
2016-12-27T00:00:00Z,2.101388888557752
2016-12-27T01:00:00Z,1.711944439344936
2016-12-27T02:00:00Z,1.305277775372896
2016-12-27T03:00:00Z,1.1780555558494397
2016-12-27T04:00:00Z,1.3630555520455043
2016-12-27T05:00:00Z,0.7902777787091003
2016-12-27T06:00:00Z,1.1555555527408918
2016-12-27T07:00:00Z,1.1325000014363065
2016-12-27T08:00:00Z,1.2630555539495416
2016-12-27T09:00:00Z,0.58111111347874
2016-12-27T10:00:00Z,0.4613888928873671
2016-12-27T11:00:00Z,0.9277777813374997
2016-12-27T12:00:00Z,0.6563888920471073
2016-12-27T13:00:00Z,0.627500003679759
2016-12-27T14:00:00Z,0.6766666700028711
2016-12-27T15:00:00Z,0.98111111488607194
2016-12-27T16:00:00Z,0.4416666705575254
2016-12-27T17:00:00Z,1.0258333356430134
2016-12-27T18:00:00Z,2.231388881802559
2016-12-27T19:00:00Z,2.0613888803455565
2016-12-27T20:00:00Z,2.1688888798157375
2016-12-27T21:00:00Z,2.073055547144678
2016-12-27T22:00:00Z,1.9219444341129728
2016-12-27T23:00:00Z,1.875833326909277
2016-12-28T00:00:00Z,2.0258333173063066
2016-12-28T01:00:00Z,1.3969444407977991
2016-12-28T02:00:00Z,1.5952777753273646
2016-12-28T03:00:00Z,2.111111103163825
2016-12-28T04:00:00Z,1.631666662461228
2016-12-28T05:00:00Z,1.7774999886751175
2016-12-28T06:00:00Z,1.633333328862985
2016-12-28T07:00:00Z,1.8999999887413448
2016-12-28T08:00:00Z,1.563055550555388
2016-12-28T09:00:00Z,1.8847222099701564
2016-12-28T10:00:00Z,2.1566666632890703
2016-12-28T11:00:00Z,1.7816666629579332
2016-12-28T12:00:00Z,1.7127777773472999
2016-12-28T13:00:00Z,3.2427777821818986
2016-12-28T14:00:00Z,3.1194444394773906
2016-12-28T15:00:00Z,2.2211111057963637
2016-12-28T16:00:00Z,1.694444440305233
2016-12-28T17:00:00Z,2.4680555548932817
2016-12-28T18:00:00Z,2.4769444442457624
2016-12-28T19:00:00Z,2.2011111007796393
2016-12-28T20:00:00Z,2.192499988940027
2016-12-28T21:00:00Z,1.6222222175863055
2016-12-28T22:00:00Z,1.7986111013632682
2016-12-28T23:00:00Z,1.8152777711550394
2016-12-29T00:00:00Z,1.6172222221063244
2016-12-29T01:00:00Z,1.9130555450916291
2016-12-29T02:00:00Z,1.4774999933317303
2016-12-29T03:00:00Z,1.6536111048526234
2016-12-29T04:00:00Z,1.885277771949768
2016-12-29T05:00:00Z,1.7508333273231984
2016-12-29T06:00:00Z,2.016388881868786
2016-12-29T07:00:00Z,1.4311111049519645
2016-12-29T08:00:00Z,1.148611106744243
2016-12-29T09:00:00Z,0.40972222331911323
2016-12-29T10:00:00Z,1.6519444393614928
2016-12-29T11:00:00Z,0.7491666693654325
2016-12-29T12:00:00Z,0.641388893706931
2016-12-29T13:00:00Z,0.7505555590200755
2016-12-29T14:00:00Z,0.6991666702553629
2016-12-29T15:00:00Z,0.44555555913183426
2016-12-29T16:00:00Z,1.2161111087434822
2016-12-29T17:00:00Z,0.9061111111814777
2016-12-29T18:00:00Z,0.9911111131517424
2016-12-29T19:00:00Z,0.9916666681153907
2016-12-29T20:00:00Z,0.9069444462243054
2016-12-29T21:00:00Z,0.5566666689597898
2016-12-29T22:00:00Z,1.7352777739365897
2016-12-29T23:00:00Z,1.1069444438028666
2016-12-30T00:00:00Z,1.055000001274877
2016-12-30T01:00:00Z,1.002777780054344
2016-12-30T02:00:00Z,0.31222222563293245
2016-12-30T03:00:00Z,0.8508333363259832
2016-12-30T04:00:00Z,0.3763888925934831
2016-12-30T05:00:00Z,0.44083333787404827
2016-12-30T06:00:00Z,0.16222222484648227
2016-12-30T07:00:00Z,0.5116666700897945
2016-12-30T08:00:00Z,0.34944444836841687
2016-12-30T09:00:00Z,0.30916667017671795
2016-12-30T10:00:00Z,0.32666667016843953
2016-12-30T11:00:00Z,0.5358333366612593
2016-12-30T12:00:00Z,0.4572222274003757
2016-12-30T13:00:00Z,0.631111113106211
2016-12-30T14:00:00Z,0.7233333350055747
2016-12-30T15:00:00Z,0.6030555578776532
2016-12-30T16:00:00Z,0.7280555581260059
2016-12-30T17:00:00Z,1.0097222263200416
2016-12-30T18:00:00Z,0.6361111145259606
2016-12-30T19:00:00Z,0.7477777821322282
2016-12-30T20:00:00Z,0.8194444452308947
2016-12-30T21:00:00Z,0.9241666677718361
2016-12-30T22:00:00Z,0.5197222250617213
2016-12-30T23:00:00Z,0.3133333374228742
2016-12-31T00:00:00Z,1.1047222220856283
2016-12-31T01:00:00Z,0.8633333359327581
2016-12-31T02:00:00Z,1.3580555592974026
2016-12-31T03:00:00Z,1.1330555561722981
2016-12-31T04:00:00Z,0.7483333334533705
2016-12-31T05:00:00Z,0.7497222243290809
2016-12-31T06:00:00Z,0.4013888923037383
2016-12-31T07:00:00Z,0.7133333354567488
2016-12-31T08:00:00Z,1.4252777743256755
2016-12-31T09:00:00Z,0.7175000035721395
2016-12-31T10:00:00Z,0.3816666694151031
2016-12-31T11:00:00Z,1.7227777718255917
2016-12-31T12:00:00Z,2.3966666572623785
2016-12-31T13:00:00Z,3.1258333295583727
2016-12-31T14:00:00Z,2.1780555509858663
2016-12-31T15:00:00Z,2.0999999910593035
2016-12-31T16:00:00Z,2.976111105746693
2016-12-31T17:00:00Z,3.530833337704341
2016-12-31T18:00:00Z,4.073611103163826
2016-12-31T19:00:00Z,4.20222222076522
2016-12-31T20:00:00Z,4.443333333730697
2016-12-31T21:00:00Z,4.4130555457539025
2016-12-31T22:00:00Z,3.6988888839880625
2016-12-31T23:00:00Z,4.775000000662274
2017-01-01T00:00:00Z,4.334540387714141
2017-01-01T01:00:00Z,4.384722224209043
2017-01-01T02:00:00Z,4.484722226858139
2017-01-01T03:00:00Z,5.164722219440672
2017-01-01T04:00:00Z,4.994444445106718
2017-01-01T05:00:00Z,3.1097222182485793
2017-01-01T06:00:00Z,2.7208333250549104
2017-01-01T07:00:00Z,3.795833333995607
2017-01-01T08:00:00Z,4.503055545356538
2017-01-01T09:00:00Z,3.5741666598452464
2017-01-01T10:00:00Z,4.302777782413695
2017-01-01T11:00:00Z,3.6605555448267193
2017-01-01T12:00:00Z,3.6749999973509047
2017-01-01T13:00:00Z,3.1244444333844714
2017-01-01T14:00:00Z,7.43500001165602
2017-01-01T15:00:00Z,7.287500010596381
2017-01-01T16:00:00Z,6.248055571317673
2017-01-01T17:00:00Z,4.775833339161343
2017-01-01T18:00:00Z,5.397222218910853
2017-01-01T19:00:00Z,5.696111110846202
2017-01-01T20:00:00Z,5.6480555494626365
2017-01-01T21:00:00Z,5.3824999901983475
2017-01-01T22:00:00Z,5.361666682031419
2017-01-01T23:00:00Z,4.750277773539225
2017-01-02T00:00:00Z,4.758611107534833
2017-01-02T01:00:00Z,5.1750000132454765
2017-01-02T02:00:00Z,5.5680555648273895
2017-01-02T03:00:00Z,4.522777774598864
2017-01-02T04:00:00Z,4.822777762015661
2017-01-02T05:00:00Z,3.5277777724795873
2017-01-02T06:00:00Z,3.4013888958427643
2017-01-02T07:00:00Z,3.4750000026490953
2017-01-02T08:00:00Z,2.8069444434510338
2017-01-02T09:00:00Z,2.3552777765318753
2017-01-02T10:00:00Z,2.9872222261296377
2017-01-02T11:00:00Z,4.494722223944134
2017-01-02T12:00:00Z,4.236111109124289
2017-01-02T13:00:00Z,3.61777777671814
2017-01-02T14:00:00Z,3.432777774996228
2017-01-02T15:00:00Z,2.789999994635582
2017-01-02T16:00:00Z,2.0861111051506467
2017-01-02T17:00:00Z,2.314444435801771
2017-01-02T18:00:00Z,1.5277777756667799
2017-01-02T19:00:00Z,1.0550000015439258
2017-01-02T20:00:00Z,1.1552777834443582
2017-01-02T21:00:00Z,1.533611104885737
2017-01-02T22:00:00Z,1.3877777757330074
2017-01-02T23:00:00Z,2.2819444447755814
2017-01-03T00:00:00Z,2.2869444333844715
2017-01-03T01:00:00Z,2.314722216129303
2017-01-03T02:00:00Z,2.1966666569312414
2017-01-03T03:00:00Z,2.1886110997862285
2017-01-03T04:00:00Z,3.0205555578072865
2017-01-03T05:00:00Z,2.0036111070050135
2017-01-03T06:00:00Z,1.1549999978807237
2017-01-03T07:00:00Z,1.4374999943706723
2017-01-03T08:00:00Z,2.5049999945693546
2017-01-03T09:00:00Z,2.059722215268347
2017-01-03T10:00:00Z,2.2561111016405953
2017-01-03T11:00:00Z,2.344166664613618
2017-01-03T12:00:00Z,3.143333326776822
2017-01-03T13:00:00Z,4.383888883060879
2017-01-03T14:00:00Z,4.629444431596332
2017-01-03T15:00:00Z,4.550277783473333
2017-01-03T16:00:00Z,4.345833337306976
2017-01-03T17:00:00Z,3.8883333338631525
2017-01-03T18:00:00Z,4.355555546283722
2017-01-03T19:00:00Z,4.52777776784367
2017-01-03T20:00:00Z,3.804999989271164
2017-01-03T21:00:00Z,2.6419444436828297
2017-01-03T22:00:00Z,1.9630555518799357
2017-01-03T23:00:00Z,2.314444441927804
2017-01-04T00:00:00Z,0.5830555575796299
2017-01-04T01:00:00Z,2.1455555566276114
2017-01-04T02:00:00Z,2.8688888844516542
2017-01-04T03:00:00Z,3.723333333598243
2017-01-04T04:00:00Z,2.8149999957945613
2017-01-04T05:00:00Z,2.3180555494295225
2017-01-04T06:00:00Z,2.0316666540172363
2017-01-04T07:00:00Z,2.8188888880941603
2017-01-04T08:00:00Z,3.1249999980131786
2017-01-04T09:00:00Z,3.6444444411330754
2017-01-04T10:00:00Z,3.846111112833023
2017-01-04T11:00:00Z,4.139166674017906
2017-01-04T12:00:00Z,3.8066666679249868
2017-01-04T13:00:00Z,4.125277779830826
2017-01-04T14:00:00Z,3.9422222210301294
2017-01-04T15:00:00Z,3.641944439543618
2017-01-04T16:00:00Z,3.998888882001241
2017-01-04T17:00:00Z,3.904999996556176
2017-01-04T18:00:00Z,2.5366666667991216
2017-01-04T19:00:00Z,1.8197222193082174
2017-01-04T20:00:00Z,1.7074999919368161
2017-01-04T21:00:00Z,1.0766666697131262
2017-01-04T22:00:00Z,1.0122222213281526
2017-01-04T23:00:00Z,1.0450000017053551
2017-01-05T00:00:00Z,0.6111111138429907
2017-01-05T01:00:00Z,0.8722222258647283
2017-01-05T02:00:00Z,0.4819444482318229
2017-01-05T03:00:00Z,0.7447222267794941
2017-01-05T04:00:00Z,0.8311111123197609
2017-01-05T05:00:00Z,0.86527778075801
2017-01-05T06:00:00Z,0.5013888934213254
2017-01-05T07:00:00Z,0.30222222498721546
2017-01-05T08:00:00Z,0.37333333591620127
2017-01-05T09:00:00Z,0.31777778116779193
2017-01-05T10:00:00Z,0.4586111153165499
2017-01-05T11:00:00Z,1.4952777738993366
2017-01-05T12:00:00Z,1.2008333324351244
2017-01-05T13:00:00Z,0.47361111564354763
2017-01-05T14:00:00Z,0.360277782421973
2017-01-05T15:00:00Z,0.3000000042219957
2017-01-05T16:00:00Z,0.7816666678422027
2017-01-05T17:00:00Z,0.7497222248050902
2017-01-05T18:00:00Z,1.2913888848490185
2017-01-05T19:00:00Z,1.0969444462822544
2017-01-05T20:00:00Z,1.3144444399409825
2017-01-05T21:00:00Z,1.7022222263945475
2017-01-05T22:00:00Z,1.1680555547277132
2017-01-05T23:00:00Z,1.438611110424002
2017-01-06T00:00:00Z,1.7166666575604015
2017-01-06T01:00:00Z,1.263333332621389
2017-01-06T02:00:00Z,0.9561111131269071
2017-01-06T03:00:00Z,0.4675000027856893
2017-01-06T04:00:00Z,1.0141666676021284
2017-01-06T05:00:00Z,1.196666665871938
2017-01-06T06:00:00Z,0.43611111394647095
2017-01-06T07:00:00Z,0.42638889170355265
2017-01-06T08:00:00Z,1.3502777744705479
2017-01-06T09:00:00Z,1.717777775062455
2017-01-06T10:00:00Z,0.7980555587965581
2017-01-06T11:00:00Z,1.4177777780426872
2017-01-06T12:00:00Z,3.148333328631189
2017-01-06T13:00:00Z,3.666111108329561
2017-01-06T14:00:00Z,3.271388892994987
2017-01-06T15:00:00Z,3.0294444441795347
2017-01-06T16:00:00Z,3.2463888857099743
2017-01-06T17:00:00Z,3.728611108991835
2017-01-06T18:00:00Z,3.9294444455040827
2017-01-06T19:00:00Z,5.691111121575037
2017-01-06T20:00:00Z,5.933888877762689
2017-01-06T21:00:00Z,5.780555565489663
2017-01-06T22:00:00Z,4.750000003973643
2017-01-06T23:00:00Z,4.5963888929949865
2017-01-07T00:00:00Z,3.7163888805442387
2017-01-07T01:00:00Z,3.2925000005298193
2017-01-07T02:00:00Z,2.772777780559328
2017-01-07T03:00:00Z,2.912777782148785
2017-01-07T04:00:00Z,2.890277775790956
2017-01-07T05:00:00Z,2.017222214407391
2017-01-07T06:00:00Z,2.117222218712171
2017-01-07T07:00:00Z,2.8294444408681656
2017-01-07T08:00:00Z,2.6941666639513437
2017-01-07T09:00:00Z,2.24249999291367
2017-01-07T10:00:00Z,2.0886111040910085
2017-01-07T11:00:00Z,2.0361111018392775
2017-01-07T12:00:00Z,2.5733333302868737
2017-01-07T13:00:00Z,2.102222211824523
2017-01-07T14:00:00Z,1.7822222141755952
2017-01-07T15:00:00Z,1.7788888782262802
2017-01-07T16:00:00Z,1.7116666578584248
2017-01-07T17:00:00Z,1.120277779135439
2017-01-07T18:00:00Z,1.2705555571450127
2017-01-07T19:00:00Z,1.5624999940395354
2017-01-07T20:00:00Z,1.4580555571450127
2017-01-07T21:00:00Z,1.3599999983277586
2017-01-07T22:00:00Z,1.6299999939070808
2017-01-07T23:00:00Z,1.9769444364640447
2017-01-08T00:00:00Z,1.4594444460339016
2017-01-08T01:00:00Z,1.3891666673330798
2017-01-08T02:00:00Z,0.8294444472011593
2017-01-08T03:00:00Z,0.9352777806628082
2017-01-08T04:00:00Z,1.2108333321081268
2017-01-08T05:00:00Z,1.4647222239110205
2017-01-08T06:00:00Z,1.0400000005960464
2017-01-08T07:00:00Z,1.0677777762214342
2017-01-08T08:00:00Z,0.3408333380603128
2017-01-08T09:00:00Z,0.23805555924773217
2017-01-08T10:00:00Z,0.6408333339417974
2017-01-08T11:00:00Z,1.3149999997682043
2017-01-08T12:00:00Z,0.8830555559239454
2017-01-08T13:00:00Z,1.5369444441464213
2017-01-08T14:00:00Z,1.436111111773385
2017-01-08T15:00:00Z,0.5572222269864546
2017-01-08T16:00:00Z,0.7836111152751578
2017-01-08T17:00:00Z,1.4924999997019768
2017-01-08T18:00:00Z,0.6650000036383669
2017-01-08T19:00:00Z,1.6683333297570546
2017-01-08T20:00:00Z,2.490555548005634
2017-01-08T21:00:00Z,2.1352777709563573
2017-01-08T22:00:00Z,1.8830555518468222
2017-01-08T23:00:00Z,1.8472222208976745
2017-01-09T00:00:00Z,2.043611099653774
2017-01-09T01:00:00Z,2.4805555535687343
2017-01-09T02:00:00Z,2.666944447490904
2017-01-09T03:00:00Z,3.099166663487752
2017-01-09T04:00:00Z,4.17666666176584
2017-01-09T05:00:00Z,4.489722220102946
2017-01-09T06:00:00Z,5.039166675673591
2017-01-09T07:00:00Z,4.745000012053383
2017-01-09T08:00:00Z,5.593611115879483
2017-01-09T09:00:00Z,5.6286111089918345
2017-01-09T10:00:00Z,5.944999981588787
2017-01-09T11:00:00Z,6.879166657394833
2017-01-09T12:00:00Z,7.212777778837416
2017-01-09T13:00:00Z,8.13277781009674
2017-01-09T14:00:00Z,8.558611141310799
2017-01-09T15:00:00Z,8.163888887564342
2017-01-09T16:00:00Z,6.868333331743876
2017-01-09T17:00:00Z,6.623333331611422
2017-01-09T18:00:00Z,4.084722222884496
2017-01-09T19:00:00Z,3.9136111123694315
2017-01-09T20:00:00Z,4.498333332935969
2017-01-09T21:00:00Z,4.018888884120518
2017-01-09T22:00:00Z,3.900833327240414
2017-01-09T23:00:00Z,3.565833342075348
2017-01-10T00:00:00Z,3.17027777367168
2017-01-10T01:00:00Z,3.409999997085995
2017-01-10T02:00:00Z,3.591111107998424
2017-01-10T03:00:00Z,4.38250000278155
2017-01-10T04:00:00Z,3.9780555506547293
2017-01-10T05:00:00Z,3.882222220963902
2017-01-10T06:00:00Z,4.76833334101571
2017-01-10T07:00:00Z,3.9858333259820937
2017-01-10T08:00:00Z,4.687499999337726
2017-01-10T09:00:00Z,4.98361111316416
2017-01-10T10:00:00Z,3.6197222189770804
2017-01-10T11:00:00Z,4.369999996821085
2017-01-10T12:00:00Z,4.105277775393592
2017-01-10T13:00:00Z,4.938888892862532
2017-01-10T14:00:00Z,4.192222212420569
2017-01-10T15:00:00Z,3.3508333335320155
2017-01-10T16:00:00Z,2.002222214639187
2017-01-10T17:00:00Z,3.754444439874755
2017-01-10T18:00:00Z,3.858611105548011
2017-01-10T19:00:00Z,4.2650000035762785
2017-01-10T20:00:00Z,4.303888883855608
2017-01-10T21:00:00Z,3.5094444466961754
2017-01-10T22:00:00Z,2.7736111111111112
2017-01-10T23:00:00Z,3.6255555464161766
2017-01-11T00:00:00Z,3.585000001059638
2017-01-11T01:00:00Z,4.10833333267106
2017-01-11T02:00:00Z,4.1477777752611376
2017-01-11T03:00:00Z,5.243888882133696
2017-01-11T04:00:00Z,5.603055563900206
2017-01-11T05:00:00Z,6.37888888253106
2017-01-11T06:00:00Z,6.251388892862532
2017-01-11T07:00:00Z,5.856388908624649
2017-01-11T08:00:00Z,5.661388883988063
2017-01-11T09:00:00Z,5.975000000662273
2017-01-11T10:00:00Z,5.75777776506212
2017-01-11T11:00:00Z,6.606111117204031
2017-01-11T12:00:00Z,7.3808333330684235
2017-01-11T13:00:00Z,8.668611105283102
2017-01-11T14:00:00Z,7.537500011920929
2017-01-11T15:00:00Z,6.627222228050232
2017-01-11T16:00:00Z,6.163888890213436
2017-01-11T17:00:00Z,4.915833357307646
2017-01-11T18:00:00Z,4.441388886504703
2017-01-11T19:00:00Z,5.525277774201499
2017-01-11T20:00:00Z,5.253333337439431
2017-01-11T21:00:00Z,5.351666662428114
2017-01-11T22:00:00Z,5.5911111036936445
2017-01-11T23:00:00Z,6.1069444530540045
2017-01-12T00:00:00Z,6.069722229242325
2017-01-12T01:00:00Z,5.681944443119897
2017-01-12T02:00:00Z,5.084444438086615
2017-01-12T03:00:00Z,5.454722215731938
2017-01-12T04:00:00Z,5.349722216526668
2017-01-12T05:00:00Z,4.517777779367235
2017-01-12T06:00:00Z,4.342777776055866
2017-01-12T07:00:00Z,4.531111118528578
2017-01-12T08:00:00Z,4.507777770360311
2017-01-12T09:00:00Z,4.0380555484029985
2017-01-12T10:00:00Z,3.720833331015375
2017-01-12T11:00:00Z,2.7077777796321447
2017-01-12T12:00:00Z,2.663611106740104
2017-01-12T13:00:00Z,2.5516666683885787
2017-01-12T14:00:00Z,2.646388891008165
2017-01-12T15:00:00Z,4.125277782148785
2017-01-12T16:00:00Z,5.932499998476771
2017-01-12T17:00:00Z,9.373888878027598
2017-01-12T18:00:00Z,6.457222217321396
2017-01-12T19:00:00Z,6.206944443782171
2017-01-12T20:00:00Z,6.649722239706251
2017-01-12T21:00:00Z,6.774444452921549
2017-01-12T22:00:00Z,5.439722215467029
2017-01-12T23:00:00Z,5.545833335982429
2017-01-13T00:00:00Z,5.143611111243566
2017-01-13T01:00:00Z,3.996388887696796
2017-01-13T02:00:00Z,3.348611115084754
2017-01-13T03:00:00Z,3.892222219043308
2017-01-13T04:00:00Z,5.206944441795349
2017-01-13T05:00:00Z,5.159166661236021
2017-01-13T06:00:00Z,5.827222226725684
2017-01-13T07:00:00Z,6.690833348035812
2017-01-13T08:00:00Z,7.311944453583823
2017-01-13T09:00:00Z,7.699444444974263
2017-01-13T10:00:00Z,8.319444433848064
2017-01-13T11:00:00Z,8.902499998940362
2017-01-13T12:00:00Z,8.961944425106049
2017-01-13T13:00:00Z,8.968333348962997
2017-01-13T14:00:00Z,7.627222241957982
2017-01-13T15:00:00Z,6.740277775128683
2017-01-13T16:00:00Z,6.505833344989353
2017-01-13T17:00:00Z,5.770277779632145
2017-01-13T18:00:00Z,4.560833336909612
2017-01-13T19:00:00Z,4.810555556085375
2017-01-13T20:00:00Z,3.934722215599484
2017-01-13T21:00:00Z,4.232499994503128
2017-01-13T22:00:00Z,3.9816666662693025
2017-01-13T23:00:00Z,3.1855555531051425
2017-01-14T00:00:00Z,3.1930555482705434
2017-01-14T01:00:00Z,2.8308333281013702
2017-01-14T02:00:00Z,2.1858333319425585
2017-01-14T03:00:00Z,2.7927777720822227
2017-01-14T04:00:00Z,3.601944433980518
2017-01-14T05:00:00Z,3.569444449080361
2017-01-14T06:00:00Z,3.0799999935759437
2017-01-14T07:00:00Z,2.775833324260182
2017-01-14T08:00:00Z,3.446666670838992
2017-01-14T09:00:00Z,4.417222219001916
2017-01-14T10:00:00Z,4.168055551581912
2017-01-14T11:00:00Z,6.053333336446021
2017-01-14T12:00:00Z,6.0008333365122475
2017-01-14T13:00:00Z,6.557222239176432
2017-01-14T14:00:00Z,5.215277785725064
2017-01-14T15:00:00Z,4.531666669580671
2017-01-14T16:00:00Z,3.374166661169794
2017-01-14T17:00:00Z,3.644999999801318
2017-01-14T18:00:00Z,3.397777769962947
2017-01-14T19:00:00Z,3.4611111137602064
2017-01-14T20:00:00Z,3.170833333995607
2017-01-14T21:00:00Z,2.6619444436497157
2017-01-14T22:00:00Z,1.8252777692344453
2017-01-14T23:00:00Z,0.7302777810850077
2017-01-15T00:00:00Z,1.4580555526746644
2017-01-15T01:00:00Z,2.8894444425900776
2017-01-15T02:00:00Z,2.281666659315427
2017-01-15T03:00:00Z,2.4466666678587594
2017-01-15T04:00:00Z,2.2361111061440573
2017-01-15T05:00:00Z,2.493888882464833
2017-01-15T06:00:00Z,2.889166667395168
2017-01-15T07:00:00Z,2.9258333272404142
2017-01-15T08:00:00Z,2.9386111074023775
2017-01-15T09:00:00Z,3.351944446232584
2017-01-15T10:00:00Z,3.6005555437670815
2017-01-15T11:00:00Z,4.1524999916553496
2017-01-15T12:00:00Z,5.395277788241704
2017-01-15T13:00:00Z,5.288055566284392
2017-01-15T14:00:00Z,4.38000000251664
2017-01-15T15:00:00Z,3.8627777742014993
2017-01-15T16:00:00Z,4.690000000927183
2017-01-15T17:00:00Z,4.558611104223464
2017-01-15T18:00:00Z,4.536388882663515
2017-01-15T19:00:00Z,4.676666663090388
2017-01-15T20:00:00Z,3.7474999984105426
2017-01-15T21:00:00Z,3.586111115415891
2017-01-15T22:00:00Z,3.959444437424342
2017-01-15T23:00:00Z,3.3227777749300005
2017-01-16T00:00:00Z,3.1019444432523517
2017-01-16T01:00:00Z,1.9311111089256074
2017-01-16T02:00:00Z,1.8005555522110728
2017-01-16T03:00:00Z,2.02499999139044
2017-01-16T04:00:00Z,1.5974999954303106
2017-01-16T05:00:00Z,1.234722223629554
2017-01-16T06:00:00Z,1.1922222245070668
2017-01-16T07:00:00Z,1.0113888916042115
2017-01-16T08:00:00Z,1.6566666687942213
2017-01-16T09:00:00Z,2.0238888876305685
2017-01-16T10:00:00Z,2.0849999989072483
2017-01-16T11:00:00Z,2.305833326280117
2017-01-16T12:00:00Z,1.9480555577410592
2017-01-16T13:00:00Z,2.0166666608717705
2017-01-16T14:00:00Z,1.6691666651931074
2017-01-16T15:00:00Z,1.1933333335444332
2017-01-16T16:00:00Z,1.3422222209473451
2017-01-16T17:00:00Z,1.875833325750298
2017-01-16T18:00:00Z,2.1552777707576753
2017-01-16T19:00:00Z,2.4922222210301292
2017-01-16T20:00:00Z,2.3149999901652336
2017-01-16T21:00:00Z,1.5463888882762855
2017-01-16T22:00:00Z,1.562500000331137
2017-01-16T23:00:00Z,1.2474999972929557
2017-01-17T00:00:00Z,1.192222221982148
2017-01-17T01:00:00Z,1.1994444435876277
2017-01-17T02:00:00Z,1.2519444454047415
2017-01-17T03:00:00Z,0.7600000043710072
2017-01-17T04:00:00Z,1.350277780327532
2017-01-17T05:00:00Z,1.3119444447259108
2017-01-17T06:00:00Z,2.091388885014587
2017-01-17T07:00:00Z,1.792499998377429
2017-01-17T08:00:00Z,1.4275000005546543
2017-01-17T09:00:00Z,1.7899999926487604
2017-01-17T10:00:00Z,1.4977777737710212
2017-01-17T11:00:00Z,1.4763888859293528
2017-01-17T12:00:00Z,1.860277778406938
2017-01-17T13:00:00Z,0.8650000007202228
2017-01-17T14:00:00Z,0.5136111149150464
2017-01-17T15:00:00Z,0.9405555580639177
2017-01-17T16:00:00Z,0.36500000355558265
2017-01-17T17:00:00Z,1.2205555562757784
2017-01-17T18:00:00Z,1.6049999961215589
2017-01-17T19:00:00Z,1.0722222252852387
2017-01-17T20:00:00Z,1.40277777645323
2017-01-17T21:00:00Z,1.5822222176525327
2017-01-17T22:00:00Z,1.1280555614994632
2017-01-17T23:00:00Z,1.0702777766726084
2017-01-18T00:00:00Z,1.4086111081971062
2017-01-18T01:00:00Z,1.4691666629579332
2017-01-18T02:00:00Z,1.4713888880279329
2017-01-18T03:00:00Z,1.7102777719497682
2017-01-18T04:00:00Z,1.1558333351380294
2017-01-18T05:00:00Z,0.9727777803937594
2017-01-18T06:00:00Z,1.1041666677428617
2017-01-18T07:00:00Z,1.3011111105481783
2017-01-18T08:00:00Z,0.7905555590780244
2017-01-18T09:00:00Z,0.8250000012417634
2017-01-18T10:00:00Z,0.8172222243828906
2017-01-18T11:00:00Z,1.018055555721124
2017-01-18T12:00:00Z,1.0611111141741276
2017-01-18T13:00:00Z,1.5163888848076263
2017-01-18T14:00:00Z,2.164444442755646
2017-01-18T15:00:00Z,2.3625
2017-01-18T16:00:00Z,2.2786111073361504
2017-01-18T17:00:00Z,1.4002777747809887
2017-01-18T18:00:00Z,1.6708333296908273
2017-01-18T19:00:00Z,0.993333334227403
2017-01-18T20:00:00Z,1.063055558833811
2017-01-18T21:00:00Z,0.9402777820618616
2017-01-18T22:00:00Z,1.1844444439642958
2017-01-18T23:00:00Z,0.9933333338134819
2017-01-19T00:00:00Z,0.7002777814658152
2017-01-19T01:00:00Z,1.1986111116492086
2017-01-19T02:00:00Z,1.6044444363150332
2017-01-19T03:00:00Z,1.6922222154008018
2017-01-19T04:00:00Z,1.988888879948192
2017-01-19T05:00:00Z,1.4994444416628943
2017-01-19T06:00:00Z,0.7827777811015646
2017-01-19T07:00:00Z,1.2022222206824356
2017-01-19T08:00:00Z,0.9741666671716505
2017-01-19T09:00:00Z,1.0952777764863437
2017-01-19T10:00:00Z,1.8519444404376877
2017-01-19T11:00:00Z,2.623888889658782
2017-01-19T12:00:00Z,3.091388883193334
2017-01-19T13:00:00Z,3.0888888862397934
2017-01-19T14:00:00Z,3.3427777707576753
2017-01-19T15:00:00Z,2.5316666606399747
2017-01-19T16:00:00Z,3.6672222124205693
2017-01-19T17:00:00Z,2.7824999981456333
2017-01-19T18:00:00Z,2.8144444445768992
2017-01-19T19:00:00Z,3.083888890345891
2017-01-19T20:00:00Z,3.333055551184548
2017-01-19T21:00:00Z,3.575833331876331
2017-01-19T22:00:00Z,4.310555549462636
2017-01-19T23:00:00Z,3.876388888226615
2017-01-20T00:00:00Z,3.5027777701616287
2017-01-20T01:00:00Z,2.9202777796321446
2017-01-20T02:00:00Z,3.0233333243264093
2017-01-20T03:00:00Z,2.7174999983774293
2017-01-20T04:00:00Z,2.591944439543618
2017-01-20T05:00:00Z,3.4013888875643414
2017-01-20T06:00:00Z,3.2741666658057107
2017-01-20T07:00:00Z,2.7619444423251682
2017-01-20T08:00:00Z,2.940000002251731
2017-01-20T09:00:00Z,3.1744444413317576
2017-01-20T10:00:00Z,3.7116666671302583
2017-01-20T11:00:00Z,3.9516666650772097
2017-01-20T12:00:00Z,4.463611106740104
2017-01-20T13:00:00Z,4.174722219175763
2017-01-20T14:00:00Z,3.8708333296908273
2017-01-20T15:00:00Z,3.146111111839612
2017-01-20T16:00:00Z,1.9524999938077396
2017-01-20T17:00:00Z,2.3211111068725585
2017-01-20T18:00:00Z,3.69722220632765
2017-01-20T19:00:00Z,2.630277779367235
2017-01-20T20:00:00Z,2.709999996423721
2017-01-20T21:00:00Z,2.862499999337726
2017-01-20T22:00:00Z,2.7025000035762785
2017-01-20T23:00:00Z,2.9083333402872085
2017-01-21T00:00:00Z,2.1966666642162536
2017-01-21T01:00:00Z,1.6286111066738764
2017-01-21T02:00:00Z,1.3677777735723389
2017-01-21T03:00:00Z,1.9938888818025589
2017-01-21T04:00:00Z,2.1027777704927657
2017-01-21T05:00:00Z,2.1177777734067704
2017-01-21T06:00:00Z,2.752500000927183
2017-01-21T07:00:00Z,2.2852777769168218
2017-01-21T08:00:00Z,1.9791666626930238
2017-01-21T09:00:00Z,1.731388886935181
2017-01-21T10:00:00Z,2.5763888829284243
2017-01-21T11:00:00Z,2.651388889551163
2017-01-21T12:00:00Z,3.073333333267106
2017-01-21T13:00:00Z,2.8919444421927136
2017-01-21T14:00:00Z,2.7294444415304397
2017-01-21T15:00:00Z,2.1586111045546
2017-01-21T16:00:00Z,2.3580555535025067
2017-01-21T17:00:00Z,2.6711111075348324
2017-01-21T18:00:00Z,2.9988888829946516
2017-01-21T19:00:00Z,2.4927777730756335
2017-01-21T20:00:00Z,2.1933333317438763
2017-01-21T21:00:00Z,2.291111107667287
2017-01-21T22:00:00Z,2.6486111084620156
2017-01-21T23:00:00Z,1.3094444442126485
2017-01-22T00:00:00Z,1.997222215268347
2017-01-22T01:00:00Z,1.453611112634341
2017-01-22T02:00:00Z,0.8341666703008943
2017-01-22T03:00:00Z,1.3186111111607817
2017-01-22T04:00:00Z,1.1833333329194122
2017-01-22T05:00:00Z,1.9452777784731654
2017-01-22T06:00:00Z,1.5644444414931866
2017-01-22T07:00:00Z,1.6638888906273577
2017-01-22T08:00:00Z,1.0163888905404344
2017-01-22T09:00:00Z,1.6619444398416414
2017-01-22T10:00:00Z,1.8199999959932434
2017-01-22T11:00:00Z,1.1680555545621447
2017-01-22T12:00:00Z,0.8647222272223897
2017-01-22T13:00:00Z,2.3547222153594096
2017-01-22T14:00:00Z,2.3908333303199876
2017-01-22T15:00:00Z,1.1872222229838372
2017-01-22T16:00:00Z,1.1852777774549192
2017-01-22T17:00:00Z,1.2844444395767318
2017-01-22T18:00:00Z,1.4880555536184046
2017-01-22T19:00:00Z,1.6941666581564478
2017-01-22T20:00:00Z,1.342777781519625
2017-01-22T21:00:00Z,1.4430555499883162
2017-01-22T22:00:00Z,1.3344444455371962
2017-01-22T23:00:00Z,0.7494444475819667
2017-01-23T00:00:00Z,0.41388889269696344
2017-01-23T01:00:00Z,0.5744444479544958
2017-01-23T02:00:00Z,0.4661111144348979
2017-01-23T03:00:00Z,0.3269444454461336
2017-01-23T04:00:00Z,0.5883333365536398
2017-01-23T05:00:00Z,0.6761111140872041
2017-01-23T06:00:00Z,0.21611111422793733
2017-01-23T07:00:00Z,0.5563888925852047
2017-01-23T08:00:00Z,0.5716666699490613
2017-01-23T09:00:00Z,0.5597222241676516
2017-01-23T10:00:00Z,0.6288888912647963
2017-01-23T11:00:00Z,0.6677777816438013
2017-01-23T12:00:00Z,0.7133333365743358
2017-01-23T13:00:00Z,0.8572222259930439
2017-01-23T14:00:00Z,1.2052777757868172
2017-01-23T15:00:00Z,0.7108333368061317
2017-01-23T16:00:00Z,1.074166667047474
2017-01-23T17:00:00Z,0.633888890594244
2017-01-23T18:00:00Z,0.8819444437821706
2017-01-23T19:00:00Z,0.8572222256412109
2017-01-23T20:00:00Z,1.1902777761220933
2017-01-23T21:00:00Z,0.8444444467417068
2017-01-23T22:00:00Z,0.7763888927590515
2017-01-23T23:00:00Z,0.7736111140085591
2017-01-24T00:00:00Z,0.1991666690342956
2017-01-24T01:00:00Z,0.47750000218964284
2017-01-24T02:00:00Z,0.9708333332712452
2017-01-24T03:00:00Z,0.5147222241800692
2017-01-24T04:00:00Z,0.6594444453095396
2017-01-24T05:00:00Z,0.5647222242628535
2017-01-24T06:00:00Z,0.9961111161443922
2017-01-24T07:00:00Z,0.6683333379526933
2017-01-24T08:00:00Z,0.5902777813995878
2017-01-24T09:00:00Z,1.146666668355465
2017-01-24T10:00:00Z,0.24583333681027095
2017-01-24T11:00:00Z,0.4433333378078209
2017-01-24T12:00:00Z,0.47416666984144185
2017-01-24T13:00:00Z,0.35611111503094434
2017-01-24T14:00:00Z,0.32805556036118005
2017-01-24T15:00:00Z,0.29222222465193937
2017-01-24T16:00:00Z,0.32083333573407596
2017-01-24T17:00:00Z,1.0686111148032877
2017-01-24T18:00:00Z,1.2563888863556916
2017-01-24T19:00:00Z,0.5513888937731584
2017-01-24T20:00:00Z,0.002777777819169892
2017-01-24T21:00:00Z,0.0016666666915019354
2017-01-24T22:00:00Z,0.001388888909584946
2017-01-24T23:00:00Z,0.0019444444734189245
2017-01-25T00:00:00Z,0.0019444444734189245
2017-01-25T01:00:00Z,0.0022222222553359137
2017-01-25T02:00:00Z,0.0019444444734189245
2017-01-25T03:00:00Z,0.0019444444734189245
2017-01-25T04:00:00Z,0.001388888909584946
2017-01-25T05:00:00Z,0.001388888909584946
2017-01-25T06:00:00Z,0.0011111111276679568
2017-01-25T07:00:00Z,0.0016666666915019354
2017-01-25T08:00:00Z,0.0022222222553359137
2017-01-25T09:00:00Z,5.555555638339784e-4
2017-01-25T10:00:00Z,0.16055555616815884
2017-01-25T11:00:00Z,1.0822222224540181
2017-01-25T12:00:00Z,2.211388884877993
2017-01-25T13:00:00Z,3.7161111139588887
2017-01-25T14:00:00Z,3.554722223679225
2017-01-25T15:00:00Z,2.9111111064751944
2017-01-25T16:00:00Z,3.5483333309491476
2017-01-25T17:00:00Z,3.136944440338347
2017-01-25T18:00:00Z,2.8252777838044696
2017-01-25T19:00:00Z,3.4563888907432556
2017-01-25T20:00:00Z,3.532222230235736
2017-01-25T21:00:00Z,3.0250000034769378
2017-01-25T22:00:00Z,3.3249999980131784
2017-01-25T23:00:00Z,3.3894444445768994
2017-01-26T00:00:00Z,2.994166667262713
2017-01-26T01:00:00Z,3.331388890080982
2017-01-26T02:00:00Z,3.4777777761220934
2017-01-26T03:00:00Z,3.3094444351063834
2017-01-26T04:00:00Z,3.907222225599819
2017-01-26T05:00:00Z,5.4797222163942125
2017-01-26T06:00:00Z,5.126388886239794
2017-01-26T07:00:00Z,5.641944440868166
2017-01-26T08:00:00Z,4.941944449477726
2017-01-26T09:00:00Z,4.771944443384807
2017-01-26T10:00:00Z,5.617777778704961
2017-01-26T11:00:00Z,4.699166674084133
2017-01-26T12:00:00Z,4.265000001589457
2017-01-26T13:00:00Z,4.671111118793488
2017-01-26T14:00:00Z,4.190277773472998
2017-01-26T15:00:00Z,4.73472222354677
2017-01-26T16:00:00Z,3.0999999990065894
2017-01-26T17:00:00Z,3.1616666571961507
2017-01-26T18:00:00Z,3.196111112833023
2017-01-26T19:00:00Z,3.6616666495800017
2017-01-26T20:00:00Z,3.242222218712171
2017-01-26T21:00:00Z,2.7680555562178295
2017-01-26T22:00:00Z,3.12888888683584
2017-01-26T23:00:00Z,3.1863888876305686
2017-01-27T00:00:00Z,3.23472222354677
2017-01-27T01:00:00Z,3.0633333375056586
2017-01-27T02:00:00Z,2.9972222175863052
2017-01-27T03:00:00Z,2.2261111069056723
2017-01-27T04:00:00Z,3.803888887498114
2017-01-27T05:00:00Z,3.4830555458863577
2017-01-27T06:00:00Z,2.3377777771817314
2017-01-27T07:00:00Z,1.1530555566151937
2017-01-27T08:00:00Z,1.9058333285980755
2017-01-27T09:00:00Z,3.0602777812216018
2017-01-27T10:00:00Z,4.150555549396409
2017-01-27T11:00:00Z,4.793888896041446
2017-01-27T12:00:00Z,5.770000010728836
2017-01-27T13:00:00Z,5.04472222659323
2017-01-27T14:00:00Z,4.718611115879483
2017-01-27T15:00:00Z,5.094444448418088
2017-01-27T16:00:00Z,4.705833327770233
2017-01-27T17:00:00Z,4.1755555523766414
2017-01-27T18:00:00Z,3.8647222210963568
2017-01-27T19:00:00Z,2.3136111044221455
2017-01-27T20:00:00Z,2.2272222159637347
2017-01-27T21:00:00Z,2.6924999982118605
2017-01-27T22:00:00Z,3.104166669646899
2017-01-27T23:00:00Z,3.3880555510520933
2017-01-28T00:00:00Z,5.5108333296245995
2017-01-28T01:00:00Z,4.279166667328941
2017-01-28T02:00:00Z,4.120833338300387
2017-01-28T03:00:00Z,4.295000005761782
2017-01-28T04:00:00Z,4.851666667064031
2017-01-28T05:00:00Z,5.838333341810438
2017-01-28T06:00:00Z,5.069999994834264
2017-01-28T07:00:00Z,4.9988888892862535
2017-01-28T08:00:00Z,3.4430555588255327
2017-01-28T09:00:00Z,4.230555553568734
2017-01-28T10:00:00Z,4.765000008212196
2017-01-28T11:00:00Z,4.608888883723153
2017-01-28T12:00:00Z,5.106111113892661
2017-01-28T13:00:00Z,4.950555545091629
2017-01-28T14:00:00Z,5.542222226990594
2017-01-28T15:00:00Z,4.662222214539846
2017-01-28T16:00:00Z,3.0324999951654013
2017-01-28T17:00:00Z,2.6477777712874944
2017-01-28T18:00:00Z,3.596666665871938
2017-01-28T19:00:00Z,4.5683333297570545
2017-01-28T20:00:00Z,4.009444454643462
2017-01-28T21:00:00Z,3.9163888765705956
2017-01-28T22:00:00Z,4.314444449212816
2017-01-28T23:00:00Z,3.9544444302717845
2017-01-29T00:00:00Z,4.992499993244807
2017-01-29T01:00:00Z,4.017777775724729
2017-01-29T02:00:00Z,2.3569444361660215
2017-01-29T03:00:00Z,2.379999993575944
2017-01-29T04:00:00Z,1.9374999903970294
2017-01-29T05:00:00Z,2.378611106177171
2017-01-29T06:00:00Z,2.8055555479394063
2017-01-29T07:00:00Z,1.8927777740276521
2017-01-29T08:00:00Z,3.940000000927183
2017-01-29T09:00:00Z,3.64472223189142
2017-01-29T10:00:00Z,3.5858333276377783
2017-01-29T11:00:00Z,5.058888882398605
2017-01-29T12:00:00Z,6.44777777393659
2017-01-29T13:00:00Z,6.619722235202789
2017-01-29T14:00:00Z,6.3688888867696125
2017-01-29T15:00:00Z,5.774166674746407
2017-01-29T16:00:00Z,5.8822222252686815
2017-01-29T17:00:00Z,7.1377777854601545
2017-01-29T18:00:00Z,8.984166663222842
2017-01-29T19:00:00Z,6.453055565224753
2017-01-29T20:00:00Z,6.403333328167597
2017-01-29T21:00:00Z,5.9174999939070805
2017-01-29T22:00:00Z,4.687499996688631
2017-01-29T23:00:00Z,3.2766666700442633
2017-01-30T00:00:00Z,3.3397222167915768
2017-01-30T01:00:00Z,3.8447222193082173
2017-01-30T02:00:00Z,2.597222224705749
2017-01-30T03:00:00Z,2.2919444302717844
2017-01-30T04:00:00Z,2.151944434642792
2017-01-30T05:00:00Z,1.601388884252972
2017-01-30T06:00:00Z,0.9491666672751308
2017-01-30T07:00:00Z,0.528055558539927
2017-01-30T08:00:00Z,1.1547222228306864
2017-01-30T09:00:00Z,2.365277776784367
2017-01-30T10:00:00Z,2.536944439676073
2017-01-30T11:00:00Z,2.9830555465486315
2017-01-30T12:00:00Z,2.6858333294590313
2017-01-30T13:00:00Z,3.276944449543953
2017-01-30T14:00:00Z,3.1250000013245476
2017-01-30T15:00:00Z,3.177500002582868
2017-01-30T16:00:00Z,2.8961111101839276
2017-01-30T17:00:00Z,3.0844444347752464
2017-01-30T18:00:00Z,3.432777781950103
2017-01-30T19:00:00Z,4.5375000066227384
2017-01-30T20:00:00Z,4.222222216261757
2017-01-30T21:00:00Z,5.4119444456365375
2017-01-30T22:00:00Z,5.063055551052093
2017-01-30T23:00:00Z,3.8774999966224035
2017-01-31T00:00:00Z,2.6724999994039536
2017-01-31T01:00:00Z,1.898888882332378
2017-01-31T02:00:00Z,2.4405555446942646
2017-01-31T03:00:00Z,2.3833333277040056
2017-01-31T04:00:00Z,2.385833323498567
2017-01-31T05:00:00Z,3.0547222154008016
2017-01-31T06:00:00Z,4.478333332803515
2017-01-31T07:00:00Z,5.298888889948527
2017-01-31T08:00:00Z,5.257500000794729
2017-01-31T09:00:00Z,5.048055562708113
2017-01-31T10:00:00Z,5.556944434510337
2017-01-31T11:00:00Z,5.220000000132455
2017-01-31T12:00:00Z,4.999722219175762
2017-01-31T13:00:00Z,4.791111105018192
2017-01-31T14:00:00Z,4.0363888843192
2017-01-31T15:00:00Z,4.5086111115084755
2017-01-31T16:00:00Z,4.004999995231628
2017-01-31T17:00:00Z,3.674722218182352
2017-01-31T18:00:00Z,4.225277775526047
2017-01-31T19:00:00Z,4.9474999944369
2017-01-31T20:00:00Z,5.301666674349043
2017-01-31T21:00:00Z,5.551666662428114
2017-01-31T22:00:00Z,5.076388889551163
2017-01-31T23:00:00Z,4.785277773936589
2017-02-01T00:00:00Z,5.64055555595292
2017-02-01T01:00:00Z,4.946388884385427
2017-02-01T02:00:00Z,4.017499993907081
2017-02-01T03:00:00Z,4.464444445901447
2017-02-01T04:00:00Z,4.3786111149522995
2017-02-01T05:00:00Z,3.0661111119306748
2017-02-01T06:00:00Z,1.2591666671137014
2017-02-01T07:00:00Z,2.603611104355918
2017-02-01T08:00:00Z,2.609166666534212
2017-02-01T09:00:00Z,2.5483333269755044
2017-02-01T10:00:00Z,3.522777779565917
2017-02-01T11:00:00Z,4.626388890213437
2017-02-01T12:00:00Z,4.543888885445065
2017-02-01T13:00:00Z,5.114166672362222
2017-02-01T14:00:00Z,6.170555563767751
2017-02-01T15:00:00Z,5.730277787314521
2017-02-01T16:00:00Z,5.96888889670372
2017-02-01T17:00:00Z,6.764444452524185
2017-02-01T18:00:00Z,8.561666691303254
2017-02-01T19:00:00Z,8.660833353466458
2017-02-01T20:00:00Z,7.968611113230387
2017-02-01T21:00:00Z,8.141388910346562
2017-02-01T22:00:00Z,7.923333344194624
2017-02-01T23:00:00Z,8.113055566946665
2017-02-02T00:00:00Z,8.594166673554314
2017-02-02T01:00:00Z,9.461944456895193
2017-02-02T02:00:00Z,8.504166686534882
2017-02-02T03:00:00Z,8.081666678190231
2017-02-02T04:00:00Z,6.889722239971161
2017-02-02T05:00:00Z,6.256944446431266
2017-02-02T06:00:00Z,6.212222233083513
2017-02-02T07:00:00Z,6.63388889696863
2017-02-02T08:00:00Z,6.869722212685479
2017-02-02T09:00:00Z,7.521944443384807
2017-02-02T10:00:00Z,8.171666689051522
2017-02-02T11:00:00Z,8.376944468418758
2017-02-02T12:00:00Z,10.04333334101571
2017-02-02T13:00:00Z,10.259444439411164
2017-02-02T14:00:00Z,10.824444431728788
2017-02-02T15:00:00Z,10.031388878822327
2017-02-02T16:00:00Z,8.60972221824858
2017-02-02T17:00:00Z,10.636111101839278
2017-02-02T18:00:00Z,9.694722231229147
2017-02-02T19:00:00Z,9.756666657659743
2017-02-02T20:00:00Z,10.013888890213437
2017-02-02T21:00:00Z,9.541111105018192
2017-02-02T22:00:00Z,8.899166679382324
2017-02-02T23:00:00Z,9.230277774069044
2017-02-03T00:00:00Z,8.193611103958554
2017-02-03T01:00:00Z,7.154166662693024
2017-02-03T02:00:00Z,6.760833340220981
2017-02-03T03:00:00Z,5.554999989933438
2017-02-03T04:00:00Z,5.507500007417467
2017-02-03T05:00:00Z,5.3244444323910605
2017-02-03T06:00:00Z,4.635277779565917
2017-02-03T07:00:00Z,5.521111105548011
2017-02-03T08:00:00Z,5.276111111376021
2017-02-03T09:00:00Z,5.86805555290646
2017-02-03T10:00:00Z,6.425000009271834
2017-02-03T11:00:00Z,6.1019444286823274
2017-02-03T12:00:00Z,6.531388892730077
2017-02-03T13:00:00Z,8.945833326710595
2017-02-03T14:00:00Z,8.334999986489613
2017-02-03T15:00:00Z,8.031111135747697
2017-02-03T16:00:00Z,7.410000020927853
2017-02-03T17:00:00Z,7.648055554760827
2017-02-03T18:00:00Z,6.7369444403383465
2017-02-03T19:00:00Z,9.458333343929715
2017-02-03T20:00:00Z,6.598333330949147
2017-02-03T21:00:00Z,4.669444448418087
2017-02-03T22:00:00Z,5.123888876703051
2017-02-03T23:00:00Z,4.121111097600725
2017-02-04T00:00:00Z,2.7897222113278177
2017-02-04T01:00:00Z,2.5530555470536154
2017-02-04T02:00:00Z,1.980555556797319
2017-02-04T03:00:00Z,3.1313888844516544
2017-02-04T04:00:00Z,1.2627777773059077
2017-02-04T05:00:00Z,1.1705555539164278
2017-02-04T06:00:00Z,0.9869444463815954
2017-02-04T07:00:00Z,0.6416666701022121
2017-02-04T08:00:00Z,0.5802777829062608
2017-02-04T09:00:00Z,0.877222223000394
2017-02-04T10:00:00Z,1.1961111145300998
2017-02-04T11:00:00Z,1.7872222140845326
2017-02-04T12:00:00Z,2.2174999904301433
2017-02-04T13:00:00Z,2.489444438057641
2017-02-04T14:00:00Z,2.5780555468052624
2017-02-04T15:00:00Z,2.9224999947680366
2017-02-04T16:00:00Z,3.13527777923478
2017-02-04T17:00:00Z,2.715277771486176
2017-02-04T18:00:00Z,3.114722215135892
2017-02-04T19:00:00Z,3.9022222217586306
2017-02-04T20:00:00Z,5.09916664759318
2017-02-04T21:00:00Z,3.901944444576899
2017-02-04T22:00:00Z,3.4063888923989403
2017-02-04T23:00:00Z,1.9624999933772618
2017-02-05T00:00:00Z,1.3825000008361208
2017-02-05T01:00:00Z,2.059999993774626
2017-02-05T02:00:00Z,2.0799999977151553
2017-02-05T03:00:00Z,2.2047222160630757
2017-02-05T04:00:00Z,1.8247222152021196
2017-02-05T05:00:00Z,2.73527777493
2017-02-05T06:00:00Z,3.0947222143411635
2017-02-05T07:00:00Z,2.8952777710225845
2017-02-05T08:00:00Z,2.3941666629579332
2017-02-05T09:00:00Z,3.855833331081602
2017-02-05T10:00:00Z,4.189444439940982
2017-02-05T11:00:00Z,4.413055547740725
2017-02-05T12:00:00Z,4.709444438748889
2017-02-05T13:00:00Z,5.901111121972402
2017-02-05T14:00:00Z,5.070555547210906
2017-02-05T15:00:00Z,4.558333325386047
2017-02-05T16:00:00Z,4.292500003841188
2017-02-05T17:00:00Z,4.132777769035763
2017-02-05T18:00:00Z,2.8166666597127916
2017-02-05T19:00:00Z,2.193055549926228
2017-02-05T20:00:00Z,2.212222215698825
2017-02-05T21:00:00Z,1.4413888855112924
2017-02-05T22:00:00Z,1.7727777750955687
2017-02-05T23:00:00Z,1.1252777794996898
2017-02-06T00:00:00Z,0.9675000003228585
2017-02-06T01:00:00Z,0.31055555817567637
2017-02-06T02:00:00Z,1.3550000003021625
2017-02-06T03:00:00Z,1.771666662229432
2017-02-06T04:00:00Z,0.6466666694937481
2017-02-06T05:00:00Z,1.2922222196227975
2017-02-06T06:00:00Z,1.8941666566663318
2017-02-06T07:00:00Z,0.7802777811057038
2017-02-06T08:00:00Z,1.1491666692826483
2017-02-06T09:00:00Z,1.5891666652427778
2017-02-06T10:00:00Z,0.9497222243083848
2017-02-06T11:00:00Z,0.757500003091991
2017-02-06T12:00:00Z,3.4377777761055364
2017-02-06T13:00:00Z,4.627222209837702
2017-02-06T14:00:00Z,4.793055552575323
2017-02-06T15:00:00Z,4.451944443252351
2017-02-06T16:00:00Z,4.315555559926563
2017-02-06T17:00:00Z,4.685277772280905
2017-02-06T18:00:00Z,5.088888888888889
2017-02-06T19:00:00Z,6.05055555568801
2017-02-06T20:00:00Z,5.470833332671059
2017-02-06T21:00:00Z,5.399999996026357
2017-02-06T22:00:00Z,5.410555559396744
2017-02-06T23:00:00Z,4.281666663620207
2017-02-07T00:00:00Z,3.3963888823986053
2017-02-07T01:00:00Z,2.357222220963902
2017-02-07T02:00:00Z,2.0794444425859386
2017-02-07T03:00:00Z,2.1066666617161696
2017-02-07T04:00:00Z,1.2455555530471933
2017-02-07T05:00:00Z,1.5816666619645225
2017-02-07T06:00:00Z,2.0791666646798452
2017-02-07T07:00:00Z,2.4824999911917582
2017-02-07T08:00:00Z,3.0297222279840046
2017-02-07T09:00:00Z,2.956666666600439
2017-02-07T10:00:00Z,3.6591666711701287
2017-02-07T11:00:00Z,3.825277778506279
2017-02-07T12:00:00Z,4.157777772347132
2017-02-07T13:00:00Z,3.5924999972184497
2017-02-07T14:00:00Z,3.4119444459676744
2017-02-07T15:00:00Z,3.1297222200367187
2017-02-07T16:00:00Z,3.3161111000511383
2017-02-07T17:00:00Z,1.9116666628254784
2017-02-07T18:00:00Z,1.1358333328324888
2017-02-07T19:00:00Z,1.7219444413979847
2017-02-07T20:00:00Z,1.7458333326710596
2017-02-07T21:00:00Z,3.083333330684238
2017-02-07T22:00:00Z,2.0124999928805565
2017-02-07T23:00:00Z,1.6102777705424363
2017-02-08T00:00:00Z,1.5174999940726492
2017-02-08T01:00:00Z,1.7663888820343547
2017-02-08T02:00:00Z,2.1961111035611895
2017-02-08T03:00:00Z,1.4294444448418087
2017-02-08T04:00:00Z,2.44222221771876
2017-02-08T05:00:00Z,1.8872222093244393
2017-02-08T06:00:00Z,1.4291666632725133
2017-02-08T07:00:00Z,2.1374999966886308
2017-02-08T08:00:00Z,1.4477777732743158
2017-02-08T09:00:00Z,1.0266666682850984
2017-02-08T10:00:00Z,1.0605555562923352
2017-02-08T11:00:00Z,1.7774999948011505
2017-02-08T12:00:00Z,2.231388878822327
2017-02-08T13:00:00Z,2.48444443543752
2017-02-08T14:00:00Z,1.9474999975827005
2017-02-08T15:00:00Z,3.0030555549595093
2017-02-08T16:00:00Z,3.4605555630392497
2017-02-08T17:00:00Z,2.9541666646798452
2017-02-08T18:00:00Z,2.5033333278364607
2017-02-08T19:00:00Z,2.2822222193082173
2017-02-08T20:00:00Z,2.082222219308217
2017-02-08T21:00:00Z,2.8161111073361504
2017-02-08T22:00:00Z,2.1216666605737475
2017-02-08T23:00:00Z,2.188333322190576
2017-02-09T00:00:00Z,2.71583332684305
2017-02-09T01:00:00Z,2.0955555462174944
2017-02-09T02:00:00Z,2.3263888825972874
2017-02-09T03:00:00Z,2.009166662560569
2017-02-09T04:00:00Z,2.630833328763644
2017-02-09T05:00:00Z,2.8261111127005685
2017-02-09T06:00:00Z,3.091388890809483
2017-02-09T07:00:00Z,3.0227777792347803
2017-02-09T08:00:00Z,3.4025000015894573
2017-02-09T09:00:00Z,3.6658333347903356
2017-02-09T10:00:00Z,3.9611111081308787
2017-02-09T11:00:00Z,3.47527777089013
2017-02-09T12:00:00Z,3.6369444439808527
2017-02-09T13:00:00Z,3.8024999956289927
2017-02-09T14:00:00Z,4.04083332783646
2017-02-09T15:00:00Z,3.9786111176013947
2017-02-09T16:00:00Z,4.574444442987442
2017-02-09T17:00:00Z,4.281388883458243
2017-02-09T18:00:00Z,4.220555554495918
2017-02-09T19:00:00Z,3.981111102634006
2017-02-09T20:00:00Z,4.909166675806046
2017-02-09T21:00:00Z,5.0147222386466135
2017-02-09T22:00:00Z,4.408333334657881
2017-02-09T23:00:00Z,4.56249999470181
2017-02-10T00:00:00Z,4.733055553833643
2017-02-10T01:00:00Z,4.552777773804134
2017-02-10T02:00:00Z,4.3133333176374435
2017-02-10T03:00:00Z,4.612500005298191
2017-02-10T04:00:00Z,4.0063888811402855
2017-02-10T05:00:00Z,4.501666666732894
2017-02-10T06:00:00Z,4.2299999939070805
2017-02-10T07:00:00Z,4.156388888094161
2017-02-10T08:00:00Z,4.5633333365122475
2017-02-10T09:00:00Z,3.385833336909612
2017-02-10T10:00:00Z,3.8044444457110433
2017-02-10T11:00:00Z,4.37555556429757
2017-02-10T12:00:00Z,4.11611111064752
2017-02-10T13:00:00Z,4.548888893259896
2017-02-10T14:00:00Z,4.243611123826769
2017-02-10T15:00:00Z,4.3325000001324545
2017-02-10T16:00:00Z,4.68361110885938
2017-02-10T17:00:00Z,5.3169444342454275
2017-02-10T18:00:00Z,3.669999984237883
2017-02-10T19:00:00Z,3.068333331081602
2017-02-10T20:00:00Z,3.041944440868166
2017-02-10T21:00:00Z,2.764722220434083
2017-02-10T22:00:00Z,3.763055540786849
2017-02-10T23:00:00Z,4.235555552774006
2017-02-11T00:00:00Z,4.931666672892041
2017-02-11T01:00:00Z,4.8211111115084755
2017-02-11T02:00:00Z,5.1663888971010845
2017-02-11T03:00:00Z,4.989444445901447
2017-02-11T04:00:00Z,4.5536111176013945
2017-02-11T05:00:00Z,4.662777780161964
2017-02-11T06:00:00Z,5.292777772744497
2017-02-11T07:00:00Z,4.90277777645323
2017-02-11T08:00:00Z,5.237499998675452
2017-02-11T09:00:00Z,4.5688888841205175
2017-02-11T10:00:00Z,4.922500002384186
2017-02-11T11:00:00Z,5.210555556747648
2017-02-11T12:00:00Z,5.106388897365994
2017-02-11T13:00:00Z,5.279722218712171
2017-02-11T14:00:00Z,5.300000010596381
2017-02-11T15:00:00Z,4.9152777724795875
2017-02-11T16:00:00Z,4.464722221427493
2017-02-11T17:00:00Z,3.5716666595803366
2017-02-11T18:00:00Z,3.947499997085995
2017-02-11T19:00:00Z,4.032222216659122
2017-02-11T20:00:00Z,4.34222222632832
2017-02-11T21:00:00Z,4.8786111056804655
2017-02-11T22:00:00Z,4.6486111197206705
2017-02-11T23:00:00Z,4.400277781486511
2017-02-12T00:00:00Z,4.436666672759586
2017-02-12T01:00:00Z,4.819444445768992
2017-02-12T02:00:00Z,4.8638888994852705
2017-02-12T03:00:00Z,4.876388895511627
2017-02-12T04:00:00Z,4.798888887961706
2017-02-12T05:00:00Z,5.0274999949667185
2017-02-12T06:00:00Z,4.755000003841189
2017-02-12T07:00:00Z,5.147222230500645
2017-02-12T08:00:00Z,4.383055549528864
2017-02-12T09:00:00Z,4.825000009271833
2017-02-12T10:00:00Z,5.269444443119896
2017-02-12T11:00:00Z,4.798888894584444
2017-02-12T12:00:00Z,4.532222221315735
2017-02-12T13:00:00Z,4.6719444420602585
2017-02-12T14:00:00Z,4.634722223215633
2017-02-12T15:00:00Z,4.110555558403333
2017-02-12T16:00:00Z,4.728055563900206
2017-02-12T17:00:00Z,5.425277780161964
2017-02-12T18:00:00Z,5.989166688256794
2017-02-12T19:00:00Z,7.070000009404288
2017-02-12T20:00:00Z,6.3025000115235645
2017-02-12T21:00:00Z,6.238611127270593
2017-02-12T22:00:00Z,6.28305554986
2017-02-12T23:00:00Z,6.822500028875139
2017-02-13T00:00:00Z,6.183333322074678
2017-02-13T01:00:00Z,5.9250000132454765
2017-02-13T02:00:00Z,6.541388897763358
2017-02-13T03:00:00Z,5.8644444386164345
2017-02-13T04:00:00Z,6.436666679382324
2017-02-13T05:00:00Z,5.78166667289204
2017-02-13T06:00:00Z,5.790833334790336
2017-02-13T07:00:00Z,5.894166665607028
2017-02-13T08:00:00Z,5.436944450272454
2017-02-13T09:00:00Z,5.48444444735845
2017-02-13T10:00:00Z,7.6105555666817555
2017-02-13T11:00:00Z,7.917777776055866
2017-02-13T12:00:00Z,7.440555571185218
2017-02-13T13:00:00Z,6.785277791155709
2017-02-13T14:00:00Z,6.014444447225994
2017-02-13T15:00:00Z,5.413333329889509
2017-02-13T16:00:00Z,5.8205555631054775
2017-02-13T17:00:00Z,6.35333333545261
2017-02-13T18:00:00Z,6.175000004635917
2017-02-13T19:00:00Z,5.610277773274316
2017-02-13T20:00:00Z,4.48666665620274
2017-02-13T21:00:00Z,4.10333332783646
2017-02-13T22:00:00Z,2.9955555604563817
2017-02-13T23:00:00Z,3.032499999801318
2017-02-14T00:00:00Z,2.418611105283101
2017-02-14T01:00:00Z,2.6702777723471325
2017-02-14T02:00:00Z,2.4844444413979847
2017-02-14T03:00:00Z,2.956944445768992
2017-02-14T04:00:00Z,3.075277781817648
2017-02-14T05:00:00Z,2.783611108693812
2017-02-14T06:00:00Z,2.0583333290285535
2017-02-14T07:00:00Z,1.9030555501580237
2017-02-14T08:00:00Z,2.287500000662274
2017-02-14T09:00:00Z,2.8388888926969633
2017-02-14T10:00:00Z,3.950000003973643
2017-02-14T11:00:00Z,4.9355555454889934
2017-02-14T12:00:00Z,3.8016666687197156
2017-02-14T13:00:00Z,3.9924999992052714
2017-02-14T14:00:00Z,4.040833328829871
2017-02-14T15:00:00Z,3.800555529528194
2017-02-14T16:00:00Z,2.7094444402390057
2017-02-14T17:00:00Z,3.1252777771817315
2017-02-14T18:00:00Z,2.6538888845178814
2017-02-14T19:00:00Z,2.921944437093205
2017-02-14T20:00:00Z,2.867777774069044
2017-02-14T21:00:00Z,2.5113888876305688
2017-02-14T22:00:00Z,2.4308333267768223
2017-02-14T23:00:00Z,1.9691666561696264
2017-02-15T00:00:00Z,1.945833325220479
2017-02-15T01:00:00Z,1.7505555477407244
2017-02-15T02:00:00Z,1.910833329293463
2017-02-15T03:00:00Z,1.5666666631069448
2017-02-15T04:00:00Z,2.3663888848697145
2017-02-15T05:00:00Z,2.7849999927812155
2017-02-15T06:00:00Z,3.642222215069665
2017-02-15T07:00:00Z,3.0605555524428687
2017-02-15T08:00:00Z,3.8852777752611374
2017-02-15T09:00:00Z,4.031111121839947
2017-02-15T10:00:00Z,3.5108333306180106
2017-02-15T11:00:00Z,3.6224999994039537
2017-02-15T12:00:00Z,5.236388891273075
2017-02-15T13:00:00Z,4.472222225533591
2017-02-15T14:00:00Z,5.196111110183928
2017-02-15T15:00:00Z,4.235277756055196
2017-02-15T16:00:00Z,4.250555557674832
2017-02-15T17:00:00Z,4.309999981853697
2017-02-15T18:00:00Z,4.974722223811679
2017-02-15T19:00:00Z,4.841666664017572
2017-02-15T20:00:00Z,4.520833322074679
2017-02-15T21:00:00Z,4.8200000087420145
2017-02-15T22:00:00Z,4.309722224871318
2017-02-15T23:00:00Z,3.142499996556176
2017-02-16T00:00:00Z,2.797222215268347
2017-02-16T01:00:00Z,3.1161111093229716
2017-02-16T02:00:00Z,3.2608333355850645
2017-02-16T03:00:00Z,3.146111113495297
2017-02-16T04:00:00Z,3.187499996026357
2017-02-16T05:00:00Z,3.4674999985429977
2017-02-16T06:00:00Z,2.8266666654083465
2017-02-16T07:00:00Z,2.1908333302372034
2017-02-16T08:00:00Z,2.32361110266712
2017-02-16T09:00:00Z,2.811388881670104
2017-02-16T10:00:00Z,2.9894444435834884
2017-02-16T11:00:00Z,3.349166661500931
2017-02-16T12:00:00Z,3.701666659779019
2017-02-16T13:00:00Z,4.26638888253106
2017-02-16T14:00:00Z,4.846944436099794
2017-02-16T15:00:00Z,4.865833337439431
2017-02-16T16:00:00Z,4.0025000029140045
2017-02-16T17:00:00Z,2.6708333283662795
2017-02-16T18:00:00Z,2.6302777810229196
2017-02-16T19:00:00Z,3.180000005496873
2017-02-16T20:00:00Z,2.9622222231494058
2017-02-16T21:00:00Z,3.1036111159457103
2017-02-16T22:00:00Z,2.6572222212950387
2017-02-16T23:00:00Z,2.7419444408681657
2017-02-17T00:00:00Z,2.043333332633807
2017-02-17T01:00:00Z,1.7941666606399749
2017-02-17T02:00:00Z,2.1599999922845097
2017-02-17T03:00:00Z,2.639722219771809
2017-02-17T04:00:00Z,3.1122222152021197
2017-02-17T05:00:00Z,1.0119444466920362
2017-02-17T06:00:00Z,2.5541666646798453
2017-02-17T07:00:00Z,1.078888886504703
2017-02-17T08:00:00Z,0.46638889223751095
2017-02-17T09:00:00Z,1.5963888828746147
2017-02-17T10:00:00Z,1.2855555572029618
2017-02-17T11:00:00Z,0.9775000020240744
2017-02-17T12:00:00Z,1.3661111065910923
2017-02-17T13:00:00Z,1.8408333310650455
2017-02-17T14:00:00Z,2.7233333279689154
2017-02-17T15:00:00Z,1.5750000000827842
2017-02-17T16:00:00Z,2.3741666656401423
2017-02-17T17:00:00Z,3.5047222263283198
2017-02-17T18:00:00Z,3.468611099322637
2017-02-17T19:00:00Z,3.109166669183307
2017-02-17T20:00:00Z,3.0558333231343164
2017-02-17T21:00:00Z,3.6805555436346267
2017-02-17T22:00:00Z,3.2402777747975455
2017-02-17T23:00:00Z,2.792222225997183
2017-02-18T00:00:00Z,2.513611109720336
2017-02-18T01:00:00Z,2.6391666571299237
2017-02-18T02:00:00Z,2.7619444443119896
2017-02-18T03:00:00Z,1.9419444431861241
2017-02-18T04:00:00Z,2.015833322869407
2017-02-18T05:00:00Z,2.137222220334742
2017-02-18T06:00:00Z,1.6777777699960603
2017-02-18T07:00:00Z,1.5933333358209993
2017-02-18T08:00:00Z,2.4136111135284106
2017-02-18T09:00:00Z,2.3974999921189415
2017-02-18T10:00:00Z,2.7922222204506397
2017-02-18T11:00:00Z,2.640277773472998
2017-02-18T12:00:00Z,2.314444445487526
2017-02-18T13:00:00Z,2.3155555533038243
2017-02-18T14:00:00Z,4.15111111038261
2017-02-18T15:00:00Z,4.275833339161343
2017-02-18T16:00:00Z,4.1288888858424295
2017-02-18T17:00:00Z,2.24833332531982
2017-02-18T18:00:00Z,2.7597222146060734
2017-02-18T19:00:00Z,3.9749999980131787
2017-02-18T20:00:00Z,3.2227777666515776
2017-02-18T21:00:00Z,3.168611108035677
2017-02-18T22:00:00Z,2.128055546515518
2017-02-18T23:00:00Z,2.936944443980853
2017-02-19T00:00:00Z,3.7661111070050133
2017-02-19T01:00:00Z,3.1297222233480877
2017-02-19T02:00:00Z,2.368611107435491
2017-02-19T03:00:00Z,2.1936111071043545
2017-02-19T04:00:00Z,2.6830555544959176
2017-02-19T05:00:00Z,4.860833345519172
2017-02-19T06:00:00Z,4.398333332935969
2017-02-19T07:00:00Z,4.763611109389199
2017-02-19T08:00:00Z,3.259999992450078
2017-02-19T09:00:00Z,4.3252777761883205
2017-02-19T10:00:00Z,5.422500000562933
2017-02-19T11:00:00Z,4.8902777870496115
2017-02-19T12:00:00Z,5.044722222619587
2017-02-19T13:00:00Z,4.495277778969871
2017-02-19T14:00:00Z,4.3502777775128685
2017-02-19T15:00:00Z,3.91583333545261
2017-02-19T16:00:00Z,3.9444444292121466
2017-02-19T17:00:00Z,3.113333338499069
2017-02-19T18:00:00Z,3.16611111164093
2017-02-19T19:00:00Z,3.438888889551163
2017-02-19T20:00:00Z,3.539444445239173
2017-02-19T21:00:00Z,3.771944440735711
2017-02-19T22:00:00Z,3.7827777769830493
2017-02-19T23:00:00Z,4.033611120118035
2017-02-20T00:00:00Z,3.6083333286974164
2017-02-20T01:00:00Z,3.829166662693024
2017-02-20T02:00:00Z,3.6272222148047555
2017-02-20T03:00:00Z,3.4111111097865634
2017-02-20T04:00:00Z,3.885555550787184
2017-02-20T05:00:00Z,3.6913888845178815
2017-02-20T06:00:00Z,4.076944432324833
2017-02-20T07:00:00Z,3.8994444482235444
2017-02-20T08:00:00Z,4.562500011258655
2017-02-20T09:00:00Z,3.0119444428218736
2017-02-20T10:00:00Z,3.534166673819224
2017-02-20T11:00:00Z,6.401111119985581
2017-02-20T12:00:00Z,6.936111119720671
2017-02-20T13:00:00Z,6.675000001324547
2017-02-20T14:00:00Z,6.174722219175763
2017-02-20T15:00:00Z,6.429444453451368
2017-02-20T16:00:00Z,7.569999978939692
2017-02-20T17:00:00Z,6.622222230831782
2017-02-20T18:00:00Z,6.652500006887648
2017-02-20T19:00:00Z,5.910833328300052
2017-02-20T20:00:00Z,3.836944434046745
2017-02-20T21:00:00Z,3.8655555559529198
2017-02-20T22:00:00Z,3.979722223016951
2017-02-20T23:00:00Z,3.5327777756585017
2017-02-21T00:00:00Z,3.917499999867545
2017-02-21T01:00:00Z,4.9849999944369
2017-02-21T02:00:00Z,4.828333334790336
2017-02-21T03:00:00Z,4.988888884252972
2017-02-21T04:00:00Z,4.59500000278155
2017-02-21T05:00:00Z,4.936388883988062
2017-02-21T06:00:00Z,5.058055552509096
2017-02-21T07:00:00Z,4.76999998556243
2017-02-21T08:00:00Z,5.34666666533384
2017-02-21T09:00:00Z,5.232777761088477
2017-02-21T10:00:00Z,4.979444445007378
2017-02-21T11:00:00Z,6.410833341545529
2017-02-21T12:00:00Z,6.563611123959223
2017-02-21T13:00:00Z,7.782777798175812
2017-02-21T14:00:00Z,7.594722237851885
2017-02-21T15:00:00Z,7.988888878292507
2017-02-21T16:00:00Z,6.926111115349664
2017-02-21T17:00:00Z,6.540277771155039
2017-02-21T18:00:00Z,6.904444464710024
2017-02-21T19:00:00Z,7.401944433980518
2017-02-21T20:00:00Z,7.466666666666667
2017-02-21T21:00:00Z,7.293611119190852
2017-02-21T22:00:00Z,6.755555550919639
2017-02-21T23:00:00Z,6.571944443384806
2017-02-22T00:00:00Z,6.311111111773385
2017-02-22T01:00:00Z,7.70166666507721
2017-02-22T02:00:00Z,8.713888902134366
2017-02-22T03:00:00Z,7.914722243944804
2017-02-22T04:00:00Z,7.436388878027598
2017-02-22T05:00:00Z,7.189444453186459
2017-02-22T06:00:00Z,7.065555571185218
2017-02-22T07:00:00Z,7.459444460603926
2017-02-22T08:00:00Z,7.988611133893331
2017-02-22T09:00:00Z,7.910277783870697
2017-02-22T10:00:00Z,8.645833330684239
2017-02-22T11:00:00Z,9.02666665315628
2017-02-22T12:00:00Z,9.017222236262427
2017-02-22T13:00:00Z,9.771111109521653
2017-02-22T14:00:00Z,9.112499990728166
2017-02-22T15:00:00Z,8.479166674613953
2017-02-22T16:00:00Z,7.319166678852505
2017-02-22T17:00:00Z,7.5894444465637205
2017-02-22T18:00:00Z,6.4597222301695085
2017-02-22T19:00:00Z,5.710833326313231
2017-02-22T20:00:00Z,6.046111111508475
2017-02-22T21:00:00Z,6.564166671699947
2017-02-22T22:00:00Z,7.186388895246718
2017-02-22T23:00:00Z,8.075
2017-02-23T00:00:00Z,8.648611136277516
2017-02-23T01:00:00Z,8.963611127270593
2017-02-23T02:00:00Z,8.610277777247958
2017-02-23T03:00:00Z,9.001111121972402
2017-02-23T04:00:00Z,9.262777796056536
2017-02-23T05:00:00Z,11.06583334737354
2017-02-23T06:00:00Z,11.550555560323927
2017-02-23T07:00:00Z,12.77333334684372
2017-02-23T08:00:00Z,12.308611109521653
2017-02-23T09:00:00Z,12.571388904253642
2017-02-23T10:00:00Z,14.745000003443824
2017-02-23T11:00:00Z,15.52638885445065
2017-02-23T12:00:00Z,15.449444448947906
2017-02-23T13:00:00Z,13.582499976952871
2017-02-23T14:00:00Z,13.13361112938987
2017-02-23T15:00:00Z,11.969999995496538
2017-02-23T16:00:00Z,10.512777766916487
2017-02-23T17:00:00Z,8.39527777036031
2017-02-23T18:00:00Z,6.773888897233539
2017-02-23T19:00:00Z,8.072222235467699
2017-02-23T20:00:00Z,5.508888877100414
2017-02-23T21:00:00Z,4.685555552774005
2017-02-23T22:00:00Z,5.594166664282481
2017-02-23T23:00:00Z,6.098611106475194
2017-02-24T00:00:00Z,4.8619444436497155
2017-02-24T01:00:00Z,4.7594444308016035
2017-02-24T02:00:00Z,4.477777777777778
2017-02-24T03:00:00Z,3.135833336578475
2017-02-24T04:00:00Z,2.1783333308166926
2017-02-24T05:00:00Z,3.4086111068725584
2017-02-24T06:00:00Z,4.716111110316382
2017-02-24T07:00:00Z,3.1336111068725585
2017-02-24T08:00:00Z,3.7569444404708014
2017-02-24T09:00:00Z,4.75027777089013
2017-02-24T10:00:00Z,4.91694444153044
2017-02-24T11:00:00Z,4.651388883259561
2017-02-24T12:00:00Z,4.533333330353101
2017-02-24T13:00:00Z,4.4411111116409305
2017-02-24T14:00:00Z,4.329999995893902
2017-02-24T15:00:00Z,3.198888893591033
2017-02-24T16:00:00Z,3.1922222240103615
2017-02-24T17:00:00Z,2.0558333267768223
2017-02-24T18:00:00Z,2.476111108726925
2017-02-24T19:00:00Z,2.6538888888226615
2017-02-24T20:00:00Z,2.6838888820674685
2017-02-24T21:00:00Z,3.46638888253106
2017-02-24T22:00:00Z,3.8447222219573125
2017-02-24T23:00:00Z,3.8097222222222222
2017-02-25T00:00:00Z,4.263333320617676
2017-02-25T01:00:00Z,4.805833333068424
2017-02-25T02:00:00Z,5.047777775923411
2017-02-25T03:00:00Z,4.479166658057107
2017-02-25T04:00:00Z,5.267500000529819
2017-02-25T05:00:00Z,6.178611124224133
2017-02-25T06:00:00Z,6.415000020795398
2017-02-25T07:00:00Z,7.2166666613684765
2017-02-25T08:00:00Z,7.935000009855463
2017-02-25T09:00:00Z,7.54500000807974
2017-02-25T10:00:00Z,8.40722223520279
2017-02-25T11:00:00Z,8.144444470935397
2017-02-25T12:00:00Z,7.805277785989973
2017-02-25T13:00:00Z,7.195000016689301
2017-02-25T14:00:00Z,7.5286111288600495
2017-02-25T15:00:00Z,6.995277788903978
2017-02-25T16:00:00Z,7.598055561383565
2017-02-25T17:00:00Z,8.225833340506586
2017-02-25T18:00:00Z,8.244444465637207
2017-02-25T19:00:00Z,7.501388894187079
2017-02-25T20:00:00Z,8.456666673554315
2017-02-25T21:00:00Z,8.703055563237932
2017-02-25T22:00:00Z,8.091111122237312
2017-02-25T23:00:00Z,8.49305557542377
2017-02-26T00:00:00Z,7.719166670905219
2017-02-26T01:00:00Z,8.000555565622118
2017-02-26T02:00:00Z,6.9869444588820135
2017-02-26T03:00:00Z,6.364166681634055
2017-02-26T04:00:00Z,5.7680555595291985
2017-02-26T05:00:00Z,5.3719444394111635
2017-02-26T06:00:00Z,3.9097222199042636
2017-02-26T07:00:00Z,4.019999986555841
2017-02-26T08:00:00Z,3.7558333330270317
2017-02-26T09:00:00Z,4.50111111038261
2017-02-26T10:00:00Z,6.974166666136847
2017-02-26T11:00:00Z,9.127777785725064
2017-02-26T12:00:00Z,7.762500026490954
2017-02-26T13:00:00Z,8.59694445265664
2017-02-26T14:00:00Z,9.453888891802894
2017-02-26T15:00:00Z,10.231388900015089
2017-02-26T16:00:00Z,10.16777776984705
2017-02-26T17:00:00Z,9.338888910081652
2017-02-26T18:00:00Z,9.405555572774675
2017-02-26T19:00:00Z,10.41694445742501
2017-02-26T20:00:00Z,9.719722224606407
2017-02-26T21:00:00Z,6.603611116276847
2017-02-26T22:00:00Z,5.946944450007544
2017-02-26T23:00:00Z,6.252222221427494
2017-02-27T00:00:00Z,6.836111116409302
2017-02-27T01:00:00Z,5.830833335055245
2017-02-27T02:00:00Z,5.162500000662273
2017-02-27T03:00:00Z,5.057777782943513
2017-02-27T04:00:00Z,5.141944440868166
2017-02-27T05:00:00Z,5.475833333200878
2017-02-27T06:00:00Z,6.184444446696175
2017-02-27T07:00:00Z,6.017499995231629
2017-02-27T08:00:00Z,6.496666671170129
2017-02-27T09:00:00Z,6.926111116674211
2017-02-27T10:00:00Z,7.576666667726305
2017-02-27T11:00:00Z,6.681111101309458
2017-02-27T12:00:00Z,4.850833337836796
2017-02-27T13:00:00Z,6.802222224738863
2017-02-27T14:00:00Z,8.384722221559949
2017-02-27T15:00:00Z,7.296666660573748
2017-02-27T16:00:00Z,5.769444440470801
2017-02-27T17:00:00Z,4.082222221957313
2017-02-27T18:00:00Z,3.411388884650336
2017-02-27T19:00:00Z,4.9525000095367435
2017-02-27T20:00:00Z,5.322222218910853
2017-02-27T21:00:00Z,4.88444444404708
2017-02-27T22:00:00Z,4.087777771552404
2017-02-27T23:00:00Z,3.6294444395436183
2017-02-28T00:00:00Z,2.9325000001324546
2017-02-28T01:00:00Z,5.296666663885117
2017-02-28T02:00:00Z,4.994722216659122
2017-02-28T03:00:00Z,4.631111123164495
2017-02-28T04:00:00Z,3.4900000009271834
2017-02-28T05:00:00Z,2.2763888835906982
2017-02-28T06:00:00Z,2.03416665494442
2017-02-28T07:00:00Z,2.5013888839218352
2017-02-28T08:00:00Z,2.7372222234805426
2017-02-28T09:00:00Z,4.5916666706403095
2017-02-28T10:00:00Z,5.934166657924652
2017-02-28T11:00:00Z,6.536666666136847
2017-02-28T12:00:00Z,6.940833340088527
2017-02-28T13:00:00Z,6.279444466696845
2017-02-28T14:00:00Z,7.665833331478966
2017-02-28T15:00:00Z,4.156388882795969
2017-02-28T16:00:00Z,5.911944454246097
2017-02-28T17:00:00Z,7.270833345254262
2017-02-28T18:00:00Z,7.106111105283102
2017-02-28T19:00:00Z,7.432500008742014
2017-02-28T20:00:00Z,8.87972223493788
2017-02-28T21:00:00Z,9.487777789433798
2017-02-28T22:00:00Z,8.79777777062522
2017-02-28T23:00:00Z,7.43777779340744
2017-03-01T00:00:00Z,6.300000010596381
2017-03-01T01:00:00Z,6.613611115349664
2017-03-01T02:00:00Z,5.891388905710644
2017-03-01T03:00:00Z,4.3297222336133325
2017-03-01T04:00:00Z,4.555277772082222
2017-03-01T05:00:00Z,4.821666671170129
2017-03-01T06:00:00Z,4.153611098395453
2017-03-01T07:00:00Z,3.9058333271079593
2017-03-01T08:00:00Z,4.224722217188941
2017-03-01T09:00:00Z,3.8199999964899485
2017-03-01T10:00:00Z,3.573611103826099
2017-03-01T11:00:00Z,3.935277778572506
2017-03-01T12:00:00Z,3.8791666603750654
2017-03-01T13:00:00Z,3.765277772479587
2017-03-01T14:00:00Z,2.6677777727444965
2017-03-01T15:00:00Z,1.8705555530058013
2017-03-01T16:00:00Z,2.219166659646564
2017-03-01T17:00:00Z,3.0247222241428164
2017-03-01T18:00:00Z,3.761944440338347
2017-03-01T19:00:00Z,5.35555555290646
2017-03-01T20:00:00Z,9.28972222407659
2017-03-01T21:00:00Z,10.067777767446305
2017-03-01T22:00:00Z,9.308888897630904
2017-03-01T23:00:00Z,8.24083333015442
2017-03-02T00:00:00Z,9.382777779632145
2017-03-02T01:00:00Z,10.527777769830491
2017-03-02T02:00:00Z,8.029444457425011
2017-03-02T03:00:00Z,8.293055572774675
2017-03-02T04:00:00Z,9.276111112700569
2017-03-02T05:00:00Z,9.87166668176651
2017-03-02T06:00:00Z,8.607777790228527
2017-03-02T07:00:00Z,8.799444450272453
2017-03-02T08:00:00Z,9.61638892226749
2017-03-02T09:00:00Z,9.503888902399275
2017-03-02T10:00:00Z,9.633055559794109
2017-03-02T11:00:00Z,9.328055549992456
2017-03-02T12:00:00Z,8.23388890756501
2017-03-02T13:00:00Z,6.96972223189142
2017-03-02T14:00:00Z,5.931111110581292
2017-03-02T15:00:00Z,5.977222238646613
2017-03-02T16:00:00Z,5.4863888919353485
2017-03-02T17:00:00Z,4.609722228182687
2017-03-02T18:00:00Z,4.080277768770854
2017-03-02T19:00:00Z,4.573333336247338
2017-03-02T20:00:00Z,4.410000006357829
2017-03-02T21:00:00Z,4.589999994304445
2017-03-02T22:00:00Z,5.837500000662274
2017-03-02T23:00:00Z,5.952777773804135
2017-03-03T00:00:00Z,3.385555555091964
2017-03-03T01:00:00Z,3.3208333286974163
2017-03-03T02:00:00Z,3.696111107865969
2017-03-03T03:00:00Z,3.963333331545194
2017-03-03T04:00:00Z,4.83083333240615
2017-03-03T05:00:00Z,5.402500004900826
2017-03-03T06:00:00Z,5.793055554231008
2017-03-03T07:00:00Z,5.58694444431199
2017-03-03T08:00:00Z,6.120277792877621
2017-03-03T09:00:00Z,5.804444448153178
2017-03-03T10:00:00Z,5.723055559396744
2017-03-03T11:00:00Z,5.582499995496538
2017-03-03T12:00:00Z,4.7427777621481155
2017-03-03T13:00:00Z,3.748611112435659
2017-03-03T14:00:00Z,5.395277778969871
2017-03-03T15:00:00Z,4.368888893723488
2017-03-03T16:00:00Z,3.8569444444444443
2017-03-03T17:00:00Z,3.5938888834582436
2017-03-03T18:00:00Z,2.6927777740690444
2017-03-03T19:00:00Z,1.925833331234753
2017-03-03T20:00:00Z,3.6169444418615764
2017-03-03T21:00:00Z,3.326944441596667
2017-03-03T22:00:00Z,2.6136111113760205
2017-03-03T23:00:00Z,3.4433333241277273
2017-03-04T00:00:00Z,4.133611116144392
2017-03-04T01:00:00Z,3.7166666633552974
2017-03-04T02:00:00Z,3.656111109256744
2017-03-04T03:00:00Z,3.503333324856228
2017-03-04T04:00:00Z,3.2122222277853223
2017-03-04T05:00:00Z,2.956666671567493
2017-03-04T06:00:00Z,2.7733333312802846
2017-03-04T07:00:00Z,2.7691666618403463
2017-03-04T08:00:00Z,4.026388893524806
2017-03-04T09:00:00Z,5.343611109919018
2017-03-04T10:00:00Z,6.6327777796321445
2017-03-04T11:00:00Z,8.051666659779018
2017-03-04T12:00:00Z,8.24166665342119
2017-03-04T13:00:00Z,8.318333325121138
2017-03-04T14:00:00Z,7.401666676998138
2017-03-04T15:00:00Z,6.789722231361601
2017-03-04T16:00:00Z,6.23250000278155
2017-03-04T17:00:00Z,4.303055561437375
2017-03-04T18:00:00Z,5.773333331611421
2017-03-04T19:00:00Z,6.414999998940361
2017-03-04T20:00:00Z,5.341388885842429
2017-03-04T21:00:00Z,5.842222233613332
2017-03-04T22:00:00Z,7.12861112886005
2017-03-04T23:00:00Z,5.591111110316382
2017-03-05T00:00:00Z,5.334722238116794
2017-03-05T01:00:00Z,5.221111102236642
2017-03-05T02:00:00Z,4.274444446298811
2017-03-05T03:00:00Z,4.9997222085793815
2017-03-05T04:00:00Z,5.419444433848063
2017-03-05T05:00:00Z,4.9602777785725065
2017-03-05T06:00:00Z,7.708888880411783
2017-03-05T07:00:00Z,7.9852777706252205
2017-03-05T08:00:00Z,9.2208333240615
2017-03-05T09:00:00Z,8.355555552906461
2017-03-05T10:00:00Z,7.571666679386463
2017-03-05T11:00:00Z,9.696944450007544
2017-03-05T12:00:00Z,8.334444448682998
2017-03-05T13:00:00Z,8.60111112528377
2017-03-05T14:00:00Z,9.602777788374159
2017-03-05T15:00:00Z,10.030277796586354
2017-03-05T16:00:00Z,7.0850000126287345
2017-03-05T17:00:00Z,7.806111110581292
2017-03-05T18:00:00Z,7.127222222089768
2017-03-05T19:00:00Z,7.908888921472761
2017-03-05T20:00:00Z,9.397777777247958
2017-03-05T21:00:00Z,9.798611125681136
2017-03-05T22:00:00Z,7.634444460603926
2017-03-05T23:00:00Z,6.646388909551832
2017-03-06T00:00:00Z,5.217499987946616
2017-03-06T01:00:00Z,3.111944439013799
2017-03-06T02:00:00Z,3.783888891008165
2017-03-06T03:00:00Z,3.2388888898822996
2017-03-06T04:00:00Z,2.905833331578308
2017-03-06T05:00:00Z,1.2147222220897675
2017-03-06T06:00:00Z,1.521944444378217
2017-03-06T07:00:00Z,0.9411111135863596
2017-03-06T08:00:00Z,1.4855555528153976
2017-03-06T09:00:00Z,2.612777773373657
2017-03-06T10:00:00Z,4.687499998675452
2017-03-06T11:00:00Z,4.816666666004393
2017-03-06T12:00:00Z,5.83916666176584
2017-03-06T13:00:00Z,6.656111126475864
2017-03-06T14:00:00Z,6.519999990860621
2017-03-06T15:00:00Z,5.484999999072817
2017-03-06T16:00:00Z,5.393055548270543
2017-03-06T17:00:00Z,4.519999997483359
2017-03-06T18:00:00Z,2.62722221646044
2017-03-06T19:00:00Z,2.618333329757055
2017-03-06T20:00:00Z,3.636111118396123
2017-03-06T21:00:00Z,3.584444445371628
2017-03-06T22:00:00Z,5.126388892200258
2017-03-06T23:00:00Z,4.9797222230169504
2017-03-07T00:00:00Z,5.096388875113593
2017-03-07T01:00:00Z,4.773055554098553
2017-03-07T02:00:00Z,3.698611103826099
2017-03-07T03:00:00Z,3.2025000029140047
2017-03-07T04:00:00Z,2.3519444353050654
2017-03-07T05:00:00Z,2.223333335419496
2017-03-07T06:00:00Z,2.3105555527740056
2017-03-07T07:00:00Z,1.986388885974884
2017-03-07T08:00:00Z,2.2724999924500784
2017-03-07T09:00:00Z,2.2819444390634698
2017-03-07T10:00:00Z,1.9813888847827912
2017-03-07T11:00:00Z,1.7130555569297738
2017-03-07T12:00:00Z,2.5261111063261827
2017-03-07T13:00:00Z,2.819166663620207
2017-03-07T14:00:00Z,3.4030555493301815
2017-03-07T15:00:00Z,3.648333332935969
2017-03-07T16:00:00Z,4.398055543171035
2017-03-07T17:00:00Z,5.225555552376641
2017-03-07T18:00:00Z,3.9736111137602066
2017-03-07T19:00:00Z,4.486388885974884
2017-03-07T20:00:00Z,5.027499993642171
2017-03-07T21:00:00Z,6.068055563502842
2017-03-07T22:00:00Z,6.035555551449458
2017-03-07T23:00:00Z,6.587222234408061
2017-03-08T00:00:00Z,6.526388902134365
2017-03-08T01:00:00Z,6.5222222242090435
2017-03-08T02:00:00Z,4.875000003311369
2017-03-08T03:00:00Z,4.783055555820465
2017-03-08T04:00:00Z,5.1461111214425825
2017-03-08T05:00:00Z,5.880833335055245
2017-03-08T06:00:00Z,5.488611104091008
2017-03-08T07:00:00Z,5.414722236659792
2017-03-08T08:00:00Z,4.657500003443824
2017-03-08T09:00:00Z,4.200555549727546
2017-03-08T10:00:00Z,5.126944452793234
2017-03-08T11:00:00Z,5.2013888822661505
2017-03-08T12:00:00Z,5.0294444355699754
2017-03-08T13:00:00Z,5.716388891802894
2017-03-08T14:00:00Z,3.9261111133628424
2017-03-08T15:00:00Z,3.4902777744664086
2017-03-08T16:00:00Z,3.06861110760106
2017-03-08T17:00:00Z,2.619166664282481
2017-03-08T18:00:00Z,2.783333335982429
2017-03-08T19:00:00Z,2.415833330485556
2017-03-08T20:00:00Z,2.567777778704961
2017-03-08T21:00:00Z,3.0036111132966146
2017-03-08T22:00:00Z,3.068611110250155
2017-03-08T23:00:00Z,4.814722216791576
2017-03-09T00:00:00Z,5.257500001457003
2017-03-09T01:00:00Z,5.510000010993745
2017-03-09T02:00:00Z,5.218055555555556
2017-03-09T03:00:00Z,5.085000014305114
2017-03-09T04:00:00Z,4.218611111905839
2017-03-09T05:00:00Z,3.2299999958939023
2017-03-09T06:00:00Z,4.120833333333334
2017-03-09T07:00:00Z,3.7947222229507234
2017-03-09T08:00:00Z,6.472222220235401
2017-03-09T09:00:00Z,6.0075000087420145
2017-03-09T10:00:00Z,6.428055548667908
2017-03-09T11:00:00Z,5.60583332379659
2017-03-09T12:00:00Z,4.654999995893903
2017-03-09T13:00:00Z,4.217222220698992
2017-03-09T14:00:00Z,3.725
2017-03-09T15:00:00Z,3.108888883060879
2017-03-09T16:00:00Z,2.5444444447341894
2017-03-09T17:00:00Z,1.7105555507043997
2017-03-09T18:00:00Z,1.220833334989018
2017-03-09T19:00:00Z,1.0744444480786721
2017-03-09T20:00:00Z,1.198333332977361
2017-03-09T21:00:00Z,1.5158333286643029
2017-03-09T22:00:00Z,1.7313888842860858
2017-03-09T23:00:00Z,1.3483333319425583
2017-03-10T00:00:00Z,1.758888883060879
2017-03-10T01:00:00Z,1.5472222179174424
2017-03-10T02:00:00Z,1.6963888929949866
2017-03-10T03:00:00Z,2.4169444407025975
2017-03-10T04:00:00Z,2.5352777771651747
2017-03-10T05:00:00Z,3.2522222181161244
2017-03-10T06:00:00Z,2.641666668984625
2017-03-10T07:00:00Z,2.277777777488033
2017-03-10T08:00:00Z,3.023055553270711
2017-03-10T09:00:00Z,3.2880555500586826
2017-03-10T10:00:00Z,4.007777771022584
2017-03-10T11:00:00Z,4.176111105084419
2017-03-10T12:00:00Z,4.554444444510672
2017-03-10T13:00:00Z,3.1758333325386046
2017-03-10T14:00:00Z,2.9697222247719766
2017-03-10T15:00:00Z,3.0208333290285534
2017-03-10T16:00:00Z,2.836388890610801
2017-03-10T17:00:00Z,2.8716666605737475
2017-03-10T18:00:00Z,3.001666667064031
2017-03-10T19:00:00Z,3.327222215798166
2017-03-10T20:00:00Z,2.5947222186459435
2017-03-10T21:00:00Z,2.239166657295492
2017-03-10T22:00:00Z,2.1030555465155176
2017-03-10T23:00:00Z,1.50388888683584
2017-03-11T00:00:00Z,2.654166659547223
2017-03-11T01:00:00Z,3.2186111076010597
2017-03-11T02:00:00Z,3.7274999916553497
2017-03-11T03:00:00Z,2.651388886777891
2017-03-11T04:00:00Z,1.653055550944474
2017-03-11T05:00:00Z,1.7902777740938796
2017-03-11T06:00:00Z,1.7433333325717184
2017-03-11T07:00:00Z,1.7794444373912282
2017-03-11T08:00:00Z,1.973888890321056
2017-03-11T09:00:00Z,2.676944442258941
2017-03-11T10:00:00Z,2.5666666673289407
2017-03-11T11:00:00Z,3.052777778274483
2017-03-11T12:00:00Z,4.027222214804755
2017-03-11T13:00:00Z,3.8019444468948578
2017-03-11T14:00:00Z,3.14111110733615
2017-03-11T15:00:00Z,3.0644444429212148
2017-03-11T16:00:00Z,2.688611102435324
2017-03-11T17:00:00Z,3.059722220235401
2017-03-11T18:00:00Z,2.734444435934226
2017-03-11T19:00:00Z,1.5683333297570548
2017-03-11T20:00:00Z,1.231388887266318
2017-03-11T21:00:00Z,0.8466666656649775
2017-03-11T22:00:00Z,1.1280555569670268
2017-03-11T23:00:00Z,0.9111111135325498
2017-03-12T00:00:00Z,0.6536111147867308
2017-03-12T01:00:00Z,0.4541666697296831
2017-03-12T02:00:00Z,0.6333333373483684
2017-03-12T03:00:00Z,0.802777780012952
2017-03-12T04:00:00Z,0.34500000247110924
2017-03-12T05:00:00Z,0.39555556084960697
2017-03-12T06:00:00Z,1.153333334500591
2017-03-12T07:00:00Z,1.965555544031991
2017-03-12T08:00:00Z,2.825277781817648
2017-03-12T09:00:00Z,2.4322222211294706
2017-03-12T10:00:00Z,1.947222218124403
2017-03-12T11:00:00Z,1.5997222152849038
2017-03-12T12:00:00Z,2.405277774400181
2017-03-12T13:00:00Z,4.55444444682863
2017-03-12T14:00:00Z,3.8544444428549873
2017-03-12T15:00:00Z,3.0316666619645223
2017-03-12T16:00:00Z,2.6325000004635917
2017-03-12T17:00:00Z,3.642777778704961
2017-03-12T18:00:00Z,4.039999989999665
2017-03-12T19:00:00Z,4.12916666732894
2017-03-12T20:00:00Z,4.851666664414935
2017-03-12T21:00:00Z,5.079722229639689
2017-03-12T22:00:00Z,4.3616666754086815
2017-03-12T23:00:00Z,4.991388887166977
2017-03-13T00:00:00Z,3.4116666674613954
2017-03-13T01:00:00Z,1.784999994892213
2017-03-13T02:00:00Z,1.7091666649613115
2017-03-13T03:00:00Z,2.104722218049897
2017-03-13T04:00:00Z,1.3069444425817993
2017-03-13T05:00:00Z,1.4702777748720512
2017-03-13T06:00:00Z,1.769166657494174
2017-03-13T07:00:00Z,1.3741666681443652
2017-03-13T08:00:00Z,1.6502777765194574
2017-03-13T09:00:00Z,2.5536111093229716
2017-03-13T10:00:00Z,2.799444438682662
2017-03-13T11:00:00Z,4.027499997284678
2017-03-13T12:00:00Z,4.52555556429757
2017-03-13T13:00:00Z,3.9133333404858908
2017-03-13T14:00:00Z,3.5991666621632046
2017-03-13T15:00:00Z,3.607777774333954
2017-03-13T16:00:00Z,4.346944445371628
2017-03-13T17:00:00Z,4.863055566284392
2017-03-13T18:00:00Z,4.051666657792198
2017-03-13T19:00:00Z,2.9019444402721195
2017-03-13T20:00:00Z,2.669166660308838
2017-03-13T21:00:00Z,2.52916666203075
2017-03-13T22:00:00Z,2.826111106740104
2017-03-13T23:00:00Z,3.407222220301628
2017-03-14T00:00:00Z,3.2636111034287345
2017-03-14T01:00:00Z,4.664722228712506
2017-03-14T02:00:00Z,4.557499976952871
2017-03-14T03:00:00Z,4.034999992450079
2017-03-14T04:00:00Z,3.900833331876331
2017-03-14T05:00:00Z,3.748055557409922
2017-03-14T06:00:00Z,4.436111116409302
2017-03-14T07:00:00Z,4.871944435437521
2017-03-14T08:00:00Z,5.6466666605737474
2017-03-14T09:00:00Z,4.4700000007947285
2017-03-14T10:00:00Z,4.86805555290646
2017-03-14T11:00:00Z,5.2422222077846525
2017-03-14T12:00:00Z,6.026111111376021
2017-03-14T13:00:00Z,6.424166676070955
2017-03-14T14:00:00Z,5.25444444682863
2017-03-14T15:00:00Z,4.798611106144057
2017-03-14T16:00:00Z,4.550833329227236
2017-03-14T17:00:00Z,3.8347222215599484
2017-03-14T18:00:00Z,4.920277774333954
2017-03-14T19:00:00Z,3.564166667064031
2017-03-14T20:00:00Z,2.709999990463257
2017-03-14T21:00:00Z,2.453055551317003
2017-03-14T22:00:00Z,2.387777769896719
2017-03-14T23:00:00Z,2.414166662759251
2017-03-15T00:00:00Z,2.378611101375686
2017-03-15T01:00:00Z,1.9052777734067705
2017-03-15T02:00:00Z,2.316666663189729
2017-03-15T03:00:00Z,2.266666666004393
2017-03-15T04:00:00Z,2.2088888792528047
2017-03-15T05:00:00Z,1.4822222191426488
2017-03-15T06:00:00Z,1.393611108035677
2017-03-15T07:00:00Z,1.3911111088262664
2017-03-15T08:00:00Z,1.9086111038923264
2017-03-15T09:00:00Z,1.463611111500197
2017-03-15T10:00:00Z,1.2816666677801145
2017-03-15T11:00:00Z,1.2580555573933654
2017-03-15T12:00:00Z,1.598888887051079
2017-03-15T13:00:00Z,2.0713888907598124
2017-03-15T14:00:00Z,2.31277777676781
2017-03-15T15:00:00Z,1.9236111079239182
2017-03-15T16:00:00Z,1.8055555500917964
2017-03-15T17:00:00Z,1.6502777743670676
2017-03-15T18:00:00Z,0.9577777791354392
2017-03-15T19:00:00Z,2.3149999926487603
2017-03-15T20:00:00Z,2.2397222224209044
2017-03-15T21:00:00Z,0.9788888917201095
2017-03-15T22:00:00Z,0.5788888909336594
2017-03-15T23:00:00Z,1.1680555563833979
2017-03-16T00:00:00Z,2.160277770956357
2017-03-16T01:00:00Z,1.9713888878623644
2017-03-16T02:00:00Z,2.6519444399409826
2017-03-16T03:00:00Z,3.360555556085375
2017-03-16T04:00:00Z,3.3555555519130493
2017-03-16T05:00:00Z,3.1277777754598195
2017-03-16T06:00:00Z,3.2383333292272356
2017-03-16T07:00:00Z,2.8986111104488375
2017-03-16T08:00:00Z,2.7433333343929713
2017-03-16T09:00:00Z,2.6788888855112925
2017-03-16T10:00:00Z,3.1783333275053236
2017-03-16T11:00:00Z,3.002499994635582
2017-03-16T12:00:00Z,3.263333339823617
2017-03-16T13:00:00Z,3.746666665209664
2017-03-16T14:00:00Z,4.144722210036384
2017-03-16T15:00:00Z,3.3969444384177527
2017-03-16T16:00:00Z,4.273055538203981
2017-03-16T17:00:00Z,3.941111114352114
2017-03-16T18:00:00Z,4.414166664414935
2017-03-16T19:00:00Z,3.3355555441644458
2017-03-16T20:00:00Z,2.8327777789698705
2017-03-16T21:00:00Z,3.1677777740690445
2017-03-16T22:00:00Z,2.3766666571299235
2017-03-16T23:00:00Z,2.7461111085282432
2017-03-17T00:00:00Z,2.2319444408019384
2017-03-17T01:00:00Z,1.5263888860742252
2017-03-17T02:00:00Z,1.2416666660250888
2017-03-17T03:00:00Z,2.064999993642171
2017-03-17T04:00:00Z,2.150833327240414
2017-03-17T05:00:00Z,2.399166669779354
2017-03-17T06:00:00Z,2.806111114554935
2017-03-17T07:00:00Z,3.1344444427225326
2017-03-17T08:00:00Z,4.597500003708733
2017-03-17T09:00:00Z,5.346388880411784
2017-03-17T10:00:00Z,5.735000010993746
2017-03-17T11:00:00Z,5.630833338366615
2017-03-17T12:00:00Z,6.690555559926563
2017-03-17T13:00:00Z,7.906666677527958
2017-03-17T14:00:00Z,7.457500010066562
2017-03-17T15:00:00Z,8.42138889365726
2017-03-17T16:00:00Z,8.463055574893952
2017-03-17T17:00:00Z,8.615000022782219
2017-03-17T18:00:00Z,9.05333334604899
2017-03-17T19:00:00Z,8.780000000529819
2017-03-17T20:00:00Z,8.37111111217075
2017-03-17T21:00:00Z,7.180000016424391
2017-03-17T22:00:00Z,8.358611112170749
2017-03-17T23:00:00Z,8.489444455835555
2017-03-18T00:00:00Z,8.4375
2017-03-18T01:00:00Z,8.048333338896434
2017-03-18T02:00:00Z,7.885833326975504
2017-03-18T03:00:00Z,7.337500010596381
2017-03-18T04:00:00Z,9.072222205003103
2017-03-18T05:00:00Z,9.122222238116795
2017-03-18T06:00:00Z,8.735833338896434
2017-03-18T07:00:00Z,8.243888874848684
2017-03-18T08:00:00Z,8.171666689258483
2017-03-18T09:00:00Z,7.636944464180204
2017-03-18T10:00:00Z,7.95083334379726
2017-03-18T11:00:00Z,7.848055573966768
2017-03-18T12:00:00Z,7.011111111773385
2017-03-18T13:00:00Z,7.867500017748939
2017-03-18T14:00:00Z,8.538055541117986
2017-03-18T15:00:00Z,9.141944433583154
2017-03-18T16:00:00Z,7.878055568536123
2017-03-18T17:00:00Z,7.49972222910987
2017-03-18T18:00:00Z,7.355000009801652
2017-03-18T19:00:00Z,6.793333350949817
2017-03-18T20:00:00Z,5.983055554495918
2017-03-18T21:00:00Z,5.187222227785322
2017-03-18T22:00:00Z,5.274166674746407
2017-03-18T23:00:00Z,6.310833324988683
2017-03-19T00:00:00Z,6.33611111442248
2017-03-19T01:00:00Z,6.759166683091058
2017-03-19T02:00:00Z,6.800833325253593
2017-03-19T03:00:00Z,7.004166681236691
2017-03-19T04:00:00Z,7.363611125946045
2017-03-19T05:00:00Z,7.246666680441963
2017-03-19T06:00:00Z,7.23611112733682
2017-03-19T07:00:00Z,7.806111133098602
2017-03-19T08:00:00Z,8.67138888835907
2017-03-19T09:00:00Z,8.705277775393592
2017-03-19T10:00:00Z,9.073611119058397
2017-03-19T11:00:00Z,9.343611123826769
2017-03-19T12:00:00Z,9.558055542574989
2017-03-19T13:00:00Z,9.487222230434417
2017-03-19T14:00:00Z,8.736666668785944
2017-03-19T15:00:00Z,7.076944448550543
2017-03-19T16:00:00Z,7.0494444588820135
2017-03-19T17:00:00Z,6.198888892970151
2017-03-19T18:00:00Z,6.389166667064031
2017-03-19T19:00:00Z,6.3730555640326605
2017-03-19T20:00:00Z,5.606666666931576
2017-03-19T21:00:00Z,5.656666655010647
2017-03-19T22:00:00Z,6.258333335982429
2017-03-19T23:00:00Z,6.589999992979897
2017-03-20T00:00:00Z,6.53472222884496
2017-03-20T01:00:00Z,6.287500007947286
2017-03-20T02:00:00Z,6.198888891273075
2017-03-20T03:00:00Z,6.948888890610801
2017-03-20T04:00:00Z,7.064722231361601
2017-03-20T05:00:00Z,7.083611110183928
2017-03-20T06:00:00Z,7.209166678393053
2017-03-20T07:00:00Z,7.17861111164093
2017-03-20T08:00:00Z,7.749166680706872
2017-03-20T09:00:00Z,8.973055544164446
2017-03-20T10:00:00Z,10.467499985959794
2017-03-20T11:00:00Z,11.01833332909478
2017-03-20T12:00:00Z,10.061111121707492
2017-03-20T13:00:00Z,9.536666683355968
2017-03-20T14:00:00Z,5.214166671699948
2017-03-20T15:00:00Z,6.06777777340677
2017-03-20T16:00:00Z,6.143055551581913
2017-03-20T17:00:00Z,4.517222222354677
2017-03-20T18:00:00Z,4.120555553833643
2017-03-20T19:00:00Z,3.8852777739365894
2017-03-20T20:00:00Z,3.695277765724394
2017-03-20T21:00:00Z,4.563888879617055
2017-03-20T22:00:00Z,5.507500010728836
2017-03-20T23:00:00Z,4.150833327902688
2017-03-21T00:00:00Z,4.1863888866371575
2017-03-21T01:00:00Z,4.737222222487132
2017-03-21T02:00:00Z,6.005833333730697
2017-03-21T03:00:00Z,4.578888887166977
2017-03-21T04:00:00Z,3.968055550919639
2017-03-21T05:00:00Z,4.0933333310816025
2017-03-21T06:00:00Z,3.5061111092567443
2017-03-21T07:00:00Z,3.628888882862197
2017-03-21T08:00:00Z,4.657500012715658
2017-03-21T09:00:00Z,6.885277783208423
2017-03-21T10:00:00Z,7.522222228844961
2017-03-21T11:00:00Z,6.296111104223463
2017-03-21T12:00:00Z,6.715000016159482
2017-03-21T13:00:00Z,7.504722232288785
2017-03-21T14:00:00Z,7.753055567873849
2017-03-21T15:00:00Z,3.782777780956692
2017-03-21T16:00:00Z,4.627777774797545
2017-03-21T17:00:00Z,6.666388895776537
2017-03-21T18:00:00Z,4.701944443914625
2017-03-21T19:00:00Z,4.580833337042066
2017-03-21T20:00:00Z,4.455277767446306
2017-03-21T21:00:00Z,4.471944442722532
2017-03-21T22:00:00Z,6.364166675673591
2017-03-21T23:00:00Z,5.515277798970541
2017-03-22T00:00:00Z,6.303611103693644
2017-03-22T01:00:00Z,5.15527779062589
2017-03-22T02:00:00Z,5.833055569065942
2017-03-22T03:00:00Z,6.948611115747028
2017-03-22T04:00:00Z,6.522777777910233
2017-03-22T05:00:00Z,8.556666678190231
2017-03-22T06:00:00Z,7.238055554363463
2017-03-22T07:00:00Z,8.120277769035763
2017-03-22T08:00:00Z,6.679722226990593
2017-03-22T09:00:00Z,4.870555569728215
2017-03-22T10:00:00Z,4.504722219705582
2017-03-22T11:00:00Z,3.469722225599819
2017-03-22T12:00:00Z,4.333888889683617
2017-03-22T13:00:00Z,5.4233333279689155
2017-03-22T14:00:00Z,5.654722229639689
2017-03-22T15:00:00Z,5.590000007549921
2017-03-22T16:00:00Z,4.403055553966098
2017-03-22T17:00:00Z,3.130833331081602
2017-03-22T18:00:00Z,2.7597222258647283
2017-03-22T19:00:00Z,2.328055554628372
2017-03-22T20:00:00Z,1.3894444432523516
2017-03-22T21:00:00Z,1.7136111029320293
2017-03-22T22:00:00Z,1.8249999943706725
2017-03-22T23:00:00Z,1.5141666652220818
2017-03-23T00:00:00Z,0.9427777765111791
2017-03-23T01:00:00Z,1.7552777767181396
2017-03-23T02:00:00Z,1.6127777740359306
2017-03-23T03:00:00Z,1.865833326925834
2017-03-23T04:00:00Z,3.54000000125832
2017-03-23T05:00:00Z,3.9247222165266673
2017-03-23T06:00:00Z,3.7319444404708015
2017-03-23T07:00:00Z,4.003888883524471
2017-03-23T08:00:00Z,5.066388888491525
2017-03-23T09:00:00Z,5.953055561913384
2017-03-23T10:00:00Z,7.553055557277467
2017-03-23T11:00:00Z,7.090833361281289
2017-03-23T12:00:00Z,8.38444445795483
2017-03-23T13:00:00Z,9.039444466431936
2017-03-23T14:00:00Z,10.027222245269352
2017-03-23T15:00:00Z,8.614999996291267
2017-03-23T16:00:00Z,9.287222221162583
2017-03-23T17:00:00Z,8.286388909816742
2017-03-23T18:00:00Z,7.364166676335865
2017-03-23T19:00:00Z,7.125277756320106
2017-03-23T20:00:00Z,7.923055570655399
2017-03-23T21:00:00Z,7.653611086474525
2017-03-23T22:00:00Z,7.932222231229146
2017-03-23T23:00:00Z,7.959166679779688
2017-03-24T00:00:00Z,7.225277788109249
2017-03-24T01:00:00Z,6.902777781089147
2017-03-24T02:00:00Z,6.475833341148165
2017-03-24T03:00:00Z,6.223611118396123
2017-03-24T04:00:00Z,6.453888894451989
2017-03-24T05:00:00Z,7.048055548800362
2017-03-24T06:00:00Z,6.174444447623359
2017-03-24T07:00:00Z,6.264166671037674
2017-03-24T08:00:00Z,6.984722233480877
2017-03-24T09:00:00Z,7.803888877232869
2017-03-24T10:00:00Z,7.2841666731569505
2017-03-24T11:00:00Z,5.461666663487752
2017-03-24T12:00:00Z,5.941388893789715
2017-03-24T13:00:00Z,6.390555562244521
2017-03-24T14:00:00Z,7.7383333418104385
2017-03-24T15:00:00Z,7.701944440603256
2017-03-24T16:00:00Z,6.909166679117415
2017-03-24T17:00:00Z,4.650833342472712
2017-03-24T18:00:00Z,4.411111106475194
2017-03-24T19:00:00Z,4.628333324193955
2017-03-24T20:00:00Z,4.625277771221267
2017-03-24T21:00:00Z,4.123333332604832
2017-03-24T22:00:00Z,4.796111104885737
2017-03-24T23:00:00Z,4.668888899352815
2017-03-25T00:00:00Z,3.8397222177849875
2017-03-25T01:00:00Z,4.297777775261137
2017-03-25T02:00:00Z,4.936111099190182
2017-03-25T03:00:00Z,5.187777774201499
2017-03-25T04:00:00Z,4.656666662957933
2017-03-25T05:00:00Z,4.702777779764599
2017-03-25T06:00:00Z,3.2472222218910853
2017-03-25T07:00:00Z,4.60083332657814
2017-03-25T08:00:00Z,6.569166671567493
2017-03-25T09:00:00Z,7.495833353201548
2017-03-25T10:00:00Z,8.593333351612092
2017-03-25T11:00:00Z,9.216111110316383
2017-03-25T12:00:00Z,9.541666681236691
2017-03-25T13:00:00Z,8.645555569728215
2017-03-25T14:00:00Z,8.277777806917827
2017-03-25T15:00:00Z,8.137500020530489
2017-03-25T16:00:00Z,8.5125
2017-03-25T17:00:00Z,7.741111107005013
2017-03-25T18:00:00Z,7.255833339691162
2017-03-25T19:00:00Z,6.586111119058397
2017-03-25T20:00:00Z,6.335555556747648
2017-03-25T21:00:00Z,6.974444450934728
2017-03-25T22:00:00Z,6.693888894054624
2017-03-25T23:00:00Z,5.9038888964388105
2017-03-26T00:00:00Z,4.404166665342119
2017-03-26T01:00:00Z,3.3644444435834884
2017-03-26T02:00:00Z,5.028055562575658
2017-03-26T03:00:00Z,5.102777779764599
2017-03-26T04:00:00Z,4.58777777949969
2017-03-26T05:00:00Z,4.523055546813541
2017-03-26T06:00:00Z,4.229722213745117
2017-03-26T07:00:00Z,5.66416665646765
2017-03-26T08:00:00Z,6.918611123826769
2017-03-26T09:00:00Z,6.5530555599265625
2017-03-26T10:00:00Z,6.801388896173901
2017-03-26T11:00:00Z,7.045833333333333
2017-03-26T12:00:00Z,6.572222242752711
2017-03-26T13:00:00Z,6.559722228182687
2017-03-26T14:00:00Z,7.273611134290695
2017-03-26T15:00:00Z,6.589722218778398
2017-03-26T16:00:00Z,7.328888892465168
2017-03-26T17:00:00Z,6.796666660573748
2017-03-26T18:00:00Z,4.81750000251664
2017-03-26T19:00:00Z,4.240555554959509
2017-03-26T20:00:00Z,5.0847222301695085
2017-03-26T21:00:00Z,4.5297222190433075
2017-03-26T22:00:00Z,3.6536111179325315
2017-03-26T23:00:00Z,3.795277777645323
2017-03-27T00:00:00Z,4.382777767711215
2017-03-27T01:00:00Z,3.2961111148198445
2017-03-27T02:00:00Z,3.093611107269923
2017-03-27T03:00:00Z,3.8355555656883453
2017-03-27T04:00:00Z,4.380555556217829
2017-03-27T05:00:00Z,4.926111100779639
2017-03-27T06:00:00Z,5.2211111187934875
2017-03-27T07:00:00Z,5.1433333337306975
2017-03-27T08:00:00Z,5.075277770227856
2017-03-27T09:00:00Z,5.068055554893282
2017-03-27T10:00:00Z,4.809999994768036
2017-03-27T11:00:00Z,4.365555551979277
2017-03-27T12:00:00Z,3.955555553568734
2017-03-27T13:00:00Z,4.211944443980853
2017-03-27T14:00:00Z,3.481388892067803
2017-03-27T15:00:00Z,3.1425000028477776
2017-03-27T16:00:00Z,2.941111110813088
2017-03-27T17:00:00Z,2.3238888846503363
2017-03-27T18:00:00Z,1.9099999942713313
2017-03-27T19:00:00Z,1.284722223215633
2017-03-27T20:00:00Z,1.8922222202022871
2017-03-27T21:00:00Z,2.330555550257365
2017-03-27T22:00:00Z,2.364166655474239
2017-03-27T23:00:00Z,2.5388888822661504
2017-03-28T00:00:00Z,2.782222220963902
2017-03-28T01:00:00Z,1.9524999959601297
2017-03-28T02:00:00Z,1.8680555452903111
2017-03-28T03:00:00Z,1.5311111053658857
2017-03-28T04:00:00Z,1.8997222200036048
2017-03-28T05:00:00Z,2.061944435040156
2017-03-28T06:00:00Z,1.4869444395932887
2017-03-28T07:00:00Z,0.6375000036838981
2017-03-28T08:00:00Z,1.3191666718158457
2017-03-28T09:00:00Z,3.5880555586682426
2017-03-28T10:00:00Z,3.781666666931576
2017-03-28T11:00:00Z,4.5541666564014225
2017-03-28T12:00:00Z,4.9722222281826864
2017-03-28T13:00:00Z,5.660000016291936
2017-03-28T14:00:00Z,6.215000007549921
2017-03-28T15:00:00Z,6.923055557409922
2017-03-28T16:00:00Z,6.3699999928474424
2017-03-28T17:00:00Z,6.252222237322066
2017-03-28T18:00:00Z,5.35694443848398
2017-03-28T19:00:00Z,4.346666653951009
2017-03-28T20:00:00Z,4.553055559264289
2017-03-28T21:00:00Z,5.7444444411330755
2017-03-28T22:00:00Z,6.443888902664185
2017-03-28T23:00:00Z,7.9097222341431515
2017-03-29T00:00:00Z,7.9369444688161215
2017-03-29T01:00:00Z,6.565833361281289
2017-03-29T02:00:00Z,6.96250000860956
2017-03-29T03:00:00Z,6.4641666703754
2017-03-29T04:00:00Z,6.562499990065892
2017-03-29T05:00:00Z,6.793888887431886
2017-03-29T06:00:00Z,6.358055558469561
2017-03-29T07:00:00Z,6.153888886504703
2017-03-29T08:00:00Z,6.008888890345891
2017-03-29T09:00:00Z,5.878333338763979
2017-03-29T10:00:00Z,5.756944435172611
2017-03-29T11:00:00Z,5.963888884252972
2017-03-29T12:00:00Z,5.8572222179836695
2017-03-29T13:00:00Z,5.4705555491977265
2017-03-29T14:00:00Z,5.277499992317623
2017-03-29T15:00:00Z,4.3513888895511625
2017-03-29T16:00:00Z,4.881388898690542
2017-03-29T17:00:00Z,4.9733333296246
2017-03-29T18:00:00Z,4.681388886107339
2017-03-29T19:00:00Z,3.7719444394111634
2017-03-29T20:00:00Z,4.796388881074058
2017-03-29T21:00:00Z,6.501666667064031
2017-03-29T22:00:00Z,5.1455555578072865
2017-03-29T23:00:00Z,6.611388886637158
2017-03-30T00:00:00Z,6.423611109786563
2017-03-30T01:00:00Z,5.731944444444444
2017-03-30T02:00:00Z,4.885000009006924
2017-03-30T03:00:00Z,5.829722215731938
2017-03-30T04:00:00Z,5.327222216129303
2017-03-30T05:00:00Z,4.801666652494006
2017-03-30T06:00:00Z,6.111944441662894
2017-03-30T07:00:00Z,6.110833330286874
2017-03-30T08:00:00Z,3.8561111006471847
2017-03-30T09:00:00Z,5.3602777798970545
2017-03-30T10:00:00Z,5.495555566416846
2017-03-30T11:00:00Z,6.4149999956289925
2017-03-30T12:00:00Z,6.165833341413074
2017-03-30T13:00:00Z,6.51694443821907
2017-03-30T14:00:00Z,6.044444453716278
2017-03-30T15:00:00Z,5.39055555164814
2017-03-30T16:00:00Z,5.201111121310128
2017-03-30T17:00:00Z,5.421666674481498
2017-03-30T18:00:00Z,4.584444436099794
2017-03-30T19:00:00Z,4.638333341810438
2017-03-30T20:00:00Z,4.3199999868869785
2017-03-30T21:00:00Z,4.982777773009406
2017-03-30T22:00:00Z,4.533888878424962
2017-03-30T23:00:00Z,4.188333327240414
2017-03-31T00:00:00Z,3.7177777780426875
2017-03-31T01:00:00Z,3.200555556350284
2017-03-31T02:00:00Z,3.4241666648123
2017-03-31T03:00:00Z,3.1369444376892512
2017-03-31T04:00:00Z,3.2130555563502843
2017-03-31T05:00:00Z,3.898888890610801
2017-03-31T06:00:00Z,4.815833320882585
2017-03-31T07:00:00Z,5.5763888729943165
2017-03-31T08:00:00Z,6.026944442590078
2017-03-31T09:00:00Z,5.6361111130979324
2017-03-31T10:00:00Z,5.690000001589457
2017-03-31T11:00:00Z,6.956666672892041
2017-03-31T12:00:00Z,8.463055572244857
2017-03-31T13:00:00Z,9.004722238911523
2017-03-31T14:00:00Z,7.897777777247959
2017-03-31T15:00:00Z,7.600833333200878
2017-03-31T16:00:00Z,6.8599999944369
2017-03-31T17:00:00Z,5.751388888888889
2017-03-31T18:00:00Z,4.0619444376892515
2017-03-31T19:00:00Z,3.6363888886239795
2017-03-31T20:00:00Z,4.939444447888269
2017-03-31T21:00:00Z,4.351388896505038
2017-03-31T22:00:00Z,3.8947222252686817
2017-03-31T23:00:00Z,4.125833346115218
2017-04-01T00:00:00Z,6.2241666687859425
2017-04-01T01:00:00Z,6.591944474644131
2017-04-01T02:00:00Z,5.905555559529199
2017-04-01T03:00:00Z,5.24111111164093
2017-04-01T04:00:00Z,4.903333343399895
2017-04-01T05:00:00Z,6.020833342605167
2017-04-01T06:00:00Z,4.231944441133075
2017-04-01T07:00:00Z,4.744444443119897
2017-04-01T08:00:00Z,4.99416665898429
2017-04-01T09:00:00Z,5.177777770492765
2017-04-01T10:00:00Z,4.6149999896685285
2017-04-01T11:00:00Z,4.216666666666667
2017-04-01T12:00:00Z,4.704444436894523
2017-04-01T13:00:00Z,4.403611109654109
2017-04-01T14:00:00Z,3.850277781817648
2017-04-01T15:00:00Z,3.65472222202354
2017-04-01T16:00:00Z,2.7938888904121186
2017-04-01T17:00:00Z,2.3091666688521704
2017-04-01T18:00:00Z,1.43777777529839
2017-04-01T19:00:00Z,0.8830555580763353
2017-04-01T20:00:00Z,2.535277767976125
2017-04-01T21:00:00Z,2.429722221692403
2017-04-01T22:00:00Z,1.8799999852975209
2017-04-01T23:00:00Z,2.2655555480056337
2017-04-02T00:00:00Z,1.9399999886751176
2017-04-02T01:00:00Z,1.7319444398085275
2017-04-02T02:00:00Z,1.806388885445065
2017-04-02T03:00:00Z,1.453888890023033
2017-04-02T04:00:00Z,1.4583333315948646
2017-04-02T05:00:00Z,1.696388883060879
2017-04-02T06:00:00Z,1.1549999996191926
2017-04-02T07:00:00Z,2.698333329955737
2017-04-02T08:00:00Z,4.108333336644702
2017-04-02T09:00:00Z,4.133611108528243
2017-04-02T10:00:00Z,3.575277774532636
2017-04-02T11:00:00Z,2.4361111146708327
2017-04-02T12:00:00Z,2.4572222185631594
2017-04-02T13:00:00Z,2.716111114455594
2017-04-02T14:00:00Z,2.444166661798954
2017-04-02T15:00:00Z,2.687777771241963
2017-04-02T16:00:00Z,2.2149999988368814
2017-04-02T17:00:00Z,1.6880555524180332
2017-04-02T18:00:00Z,1.3133333375056584
2017-04-02T19:00:00Z,0.6136111142734687
2017-04-02T20:00:00Z,1.033333336437742
2017-04-02T21:00:00Z,0.7752777814451192
2017-04-02T22:00:00Z,1.2741666652262211
2017-04-02T23:00:00Z,1.827499994304445
2017-04-03T00:00:00Z,0.6825000057617824
2017-04-03T01:00:00Z,0.4988888916662998
2017-04-03T02:00:00Z,1.523611109952132
2017-04-03T03:00:00Z,1.4430555552244186
2017-04-03T04:00:00Z,0.7636111130110091
2017-04-03T05:00:00Z,0.5944444467003147
2017-04-03T06:00:00Z,0.8588888918773996
2017-04-03T07:00:00Z,0.5194444496598508
2017-04-03T08:00:00Z,0.6780555589745442
2017-04-03T09:00:00Z,3.003333327174187
2017-04-03T10:00:00Z,4.799722223149406
2017-04-03T11:00:00Z,5.12083333796925
2017-04-03T12:00:00Z,5.644444443119896
2017-04-03T13:00:00Z,6.05722221798367
2017-04-03T14:00:00Z,6.312499992714988
2017-04-03T15:00:00Z,6.285555556747648
2017-04-03T16:00:00Z,4.816944440205892
2017-04-03T17:00:00Z,4.365277781751421
2017-04-03T18:00:00Z,3.5619444376892515
2017-04-03T19:00:00Z,3.5908333241939543
2017-04-03T20:00:00Z,3.9677777700954016
2017-04-03T21:00:00Z,3.6077777726782694
2017-04-03T22:00:00Z,3.8980555531051424
2017-04-03T23:00:00Z,3.4822222097052467
2017-04-04T00:00:00Z,4.198055546813541
2017-04-04T01:00:00Z,3.6702777693669
2017-04-04T02:00:00Z,3.300555553038915
2017-04-04T03:00:00Z,3.072222219573127
2017-04-04T04:00:00Z,2.2177777710888122
2017-04-04T05:00:00Z,1.550277774201499
2017-04-04T06:00:00Z,1.147777776999606
2017-04-04T07:00:00Z,0.973611111442248
2017-04-04T08:00:00Z,1.5863888854367865
2017-04-04T09:00:00Z,2.396111105879148
2017-04-04T10:00:00Z,3.0191666652758915
2017-04-04T11:00:00Z,3.2813888877630233
2017-04-04T12:00:00Z,3.0552777726203204
2017-04-04T13:00:00Z,5.446388859881295
2017-04-04T14:00:00Z,4.760555556747648
2017-04-04T15:00:00Z,4.767499987946616
2017-04-04T16:00:00Z,4.597499998079406
2017-04-04T17:00:00Z,4.223611110448838
2017-04-04T18:00:00Z,3.734722218579716
2017-04-04T19:00:00Z,3.314444444908036
2017-04-04T20:00:00Z,2.493888882133696
2017-04-04T21:00:00Z,3.4177777816851935
2017-04-04T22:00:00Z,2.7363888886239796
2017-04-04T23:00:00Z,2.7594444427225326
2017-04-05T00:00:00Z,1.6608333371165727
2017-04-05T01:00:00Z,2.059444433450699
2017-04-05T02:00:00Z,1.3911111136691439
2017-04-05T03:00:00Z,1.273888886326717
2017-04-05T04:00:00Z,1.8894444338149494
2017-04-05T05:00:00Z,2.1988888828290833
2017-04-05T06:00:00Z,1.4561111070215702
2017-04-05T07:00:00Z,2.0158333217104274
2017-04-05T08:00:00Z,4.977499990661939
2017-04-05T09:00:00Z,5.755833328432507
2017-04-05T10:00:00Z,4.973055546813541
2017-04-05T11:00:00Z,4.576944434973929
2017-04-05T12:00:00Z,5.006111107932197
2017-04-05T13:00:00Z,5.067499994569355
2017-04-05T14:00:00Z,4.795000005430645
2017-04-05T15:00:00Z,4.885277785857519
2017-04-05T16:00:00Z,5.059722227520413
2017-04-05T17:00:00Z,4.531388882133696
2017-04-05T18:00:00Z,2.754166662361887
2017-04-05T19:00:00Z,2.704166668322351
2017-04-05T20:00:00Z,3.090277774135272
2017-04-05T21:00:00Z,2.679444439543618
2017-04-05T22:00:00Z,2.804444439543618
2017-04-05T23:00:00Z,1.9747222180167834
2017-04-06T00:00:00Z,1.353611107998424
2017-04-06T01:00:00Z,1.7269444371263185
2017-04-06T02:00:00Z,1.4597222165928947
2017-04-06T03:00:00Z,1.3122222228182687
2017-04-06T04:00:00Z,0.8816666721055905
2017-04-06T05:00:00Z,0.6244444470852614
2017-04-06T06:00:00Z,0.5669444490845005
2017-04-06T07:00:00Z,0.9022222230417861
2017-04-06T08:00:00Z,1.491666665714648
2017-04-06T09:00:00Z,1.5869444402762585
2017-04-06T10:00:00Z,0.9558333371662431
2017-04-06T11:00:00Z,1.5019444455082218
2017-04-06T12:00:00Z,2.088611109037366
2017-04-06T13:00:00Z,0.9936111134787401
2017-04-06T14:00:00Z,1.097777779834966
2017-04-06T15:00:00Z,1.5722222228224079
2017-04-06T16:00:00Z,1.5519444412862262
2017-04-06T17:00:00Z,1.588055552273161
2017-04-06T18:00:00Z,2.8669444403714603
2017-04-06T19:00:00Z,2.8680555601914723
2017-04-06T20:00:00Z,2.821944444378217
2017-04-06T21:00:00Z,0.8330555591939224
2017-04-06T22:00:00Z,0.5730555580928922
2017-04-06T23:00:00Z,0.6883333365329438
2017-04-07T00:00:00Z,0.9530555565738016
2017-04-07T01:00:00Z,1.3741666656401423
2017-04-07T02:00:00Z,1.8986111018392775
2017-04-07T03:00:00Z,1.8219444360997943
2017-04-07T04:00:00Z,2.074444439676073
2017-04-07T05:00:00Z,1.4972222180830108
2017-04-07T06:00:00Z,0.7902777805303534
2017-04-07T07:00:00Z,1.2502777744705478
2017-04-07T08:00:00Z,1.5086111089421643
2017-04-07T09:00:00Z,1.3124999966679347
2017-04-07T10:00:00Z,0.9413888912027081
2017-04-07T11:00:00Z,1.6308333344550596
2017-04-07T12:00:00Z,1.5491666648123
2017-04-07T13:00:00Z,1.8350000040191743
2017-04-07T14:00:00Z,2.2261111076921223
2017-04-07T15:00:00Z,2.4544444400403234
2017-04-07T16:00:00Z,1.781666666455567
2017-04-07T17:00:00Z,1.232500000546376
2017-04-07T18:00:00Z,3.15222221646044
2017-04-07T19:00:00Z,3.347222220235401
2017-04-07T20:00:00Z,1.5075000004428956
2017-04-07T21:00:00Z,0.875833332600693
2017-04-07T22:00:00Z,1.0191666647791862
2017-04-07T23:00:00Z,1.0227777808904648
2017-04-08T00:00:00Z,1.303333331623839
2017-04-08T01:00:00Z,1.7272222154670291
2017-04-08T02:00:00Z,0.9166666705161333
2017-04-08T03:00:00Z,1.0800000006539954
2017-04-08T04:00:00Z,1.1900000035762788
2017-04-08T05:00:00Z,1.6947222143411635
2017-04-08T06:00:00Z,1.247222222139438
2017-04-08T07:00:00Z,1.136388890693585
2017-04-08T08:00:00Z,1.003055556760066
2017-04-08T09:00:00Z,1.9036111075017188
2017-04-08T10:00:00Z,2.7480555539329847
2017-04-08T11:00:00Z,2.6422222202850714
2017-04-08T12:00:00Z,2.709722221311596
2017-04-08T13:00:00Z,3.39444443202681
2017-04-08T14:00:00Z,3.3244444443119896
2017-04-08T15:00:00Z,3.5311110966735417
2017-04-08T16:00:00Z,3.715833321544859
2017-04-08T17:00:00Z,3.2105555484692254
2017-04-08T18:00:00Z,2.4597222185797163
2017-04-08T19:00:00Z,1.3127777746982046
2017-04-08T20:00:00Z,1.3497222234805426
2017-04-08T21:00:00Z,1.813611104587714
2017-04-08T22:00:00Z,1.7169444395436182
2017-04-08T23:00:00Z,1.6663888826966287
2017-04-09T00:00:00Z,0.7913888885536128
2017-04-09T01:00:00Z,1.5405555507582096
2017-04-09T02:00:00Z,1.4222222204009691
2017-04-09T03:00:00Z,1.6258333287305302
2017-04-09T04:00:00Z,1.3713888878623643
2017-04-09T05:00:00Z,1.5299999991431832
2017-04-09T06:00:00Z,2.185833330493834
2017-04-09T07:00:00Z,1.304722222354677
2017-04-09T08:00:00Z,2.0141666593650975
2017-04-09T09:00:00Z,4.232222219639354
2017-04-09T10:00:00Z,5.247222220897674
2017-04-09T11:00:00Z,5.486944446961085
2017-04-09T12:00:00Z,5.776944447225994
2017-04-09T13:00:00Z,5.607222218645943
2017-04-09T14:00:00Z,5.954444440205892
2017-04-09T15:00:00Z,5.973611103163825
2017-04-09T16:00:00Z,5.333333333333333
2017-04-09T17:00:00Z,5.0994444489479065
2017-04-09T18:00:00Z,6.09944443570243
2017-04-09T19:00:00Z,5.913611112700568
2017-04-09T20:00:00Z,5.024166661500931
2017-04-09T21:00:00Z,3.3186111056142384
2017-04-09T22:00:00Z,3.0483333266443675
2017-04-09T23:00:00Z,3.5630555583371057
2017-04-10T00:00:00Z,2.645833339956072
2017-04-10T01:00:00Z,2.6686111089256075
2017-04-10T02:00:00Z,2.0019444401065507
2017-04-10T03:00:00Z,2.1955555523435275
2017-04-10T04:00:00Z,2.125555549065272
2017-04-10T05:00:00Z,1.050000002918144
2017-04-10T06:00:00Z,0.9252777804310123
2017-04-10T07:00:00Z,2.923333332232303
2017-04-10T08:00:00Z,4.4716666642162535
2017-04-10T09:00:00Z,4.6697222239441345
2017-04-10T10:00:00Z,3.9447222143411635
2017-04-10T11:00:00Z,3.913888881769445
2017-04-10T12:00:00Z,4.555277772744497
2017-04-10T13:00:00Z,4.775277768572171
2017-04-10T14:00:00Z,4.551666671037674
2017-04-10T15:00:00Z,4.000277779499689
2017-04-10T16:00:00Z,4.018611110250155
2017-04-10T17:00:00Z,3.085277779565917
2017-04-10T18:00:00Z,2.852222224738863
2017-04-10T19:00:00Z,2.2122222118907504
2017-04-10T20:00:00Z,2.322222216261758
2017-04-10T21:00:00Z,2.4941666695806717
2017-04-10T22:00:00Z,1.9380555462506082
2017-04-10T23:00:00Z,1.1891666660706202
2017-04-11T00:00:00Z,1.4566666646136177
2017-04-11T01:00:00Z,1.1230555568304328
2017-04-11T02:00:00Z,1.0041666697710752
2017-04-11T03:00:00Z,1.9249999948673777
2017-04-11T04:00:00Z,1.7286111036936442
2017-04-11T05:00:00Z,1.2036111111442247
2017-04-11T06:00:00Z,1.5594444429915812
2017-04-11T07:00:00Z,2.0622222205003102
2017-04-11T08:00:00Z,2.4613888872994316
2017-04-11T09:00:00Z,3.634722218910853
2017-04-11T10:00:00Z,3.094444437325001
2017-04-11T11:00:00Z,3.9741666755742497
2017-04-11T12:00:00Z,3.742777775807513
2017-04-11T13:00:00Z,4.839444449212816
2017-04-11T14:00:00Z,4.6677777770492765
2017-04-11T15:00:00Z,5.060833323664135
2017-04-11T16:00:00Z,5.526666649844912
2017-04-11T17:00:00Z,5.457777769698037
2017-04-11T18:00:00Z,4.05333333545261
2017-04-11T19:00:00Z,3.3930555519130494
2017-04-11T20:00:00Z,2.980277779367235
2017-04-11T21:00:00Z,3.0627777778440053
2017-04-11T22:00:00Z,3.632499999470181
2017-04-11T23:00:00Z,3.0663888944519893
2017-04-12T00:00:00Z,2.9644444442457623
2017-04-12T01:00:00Z,2.7036111116409303
2017-04-12T02:00:00Z,3.6719444463650386
2017-04-12T03:00:00Z,3.8427777710888122
2017-04-12T04:00:00Z,4.071666669514444
2017-04-12T05:00:00Z,4.283888887696796
2017-04-12T06:00:00Z,3.9238888770341873
2017-04-12T07:00:00Z,3.911388882332378
2017-04-12T08:00:00Z,5.1711111101839276
2017-04-12T09:00:00Z,6.881388893392351
2017-04-12T10:00:00Z,6.4041666739516785
2017-04-12T11:00:00Z,6.77388888001442
2017-04-12T12:00:00Z,7.518888892730077
2017-04-12T13:00:00Z,6.939444473054674
2017-04-12T14:00:00Z,6.1991666767332285
2017-04-12T15:00:00Z,5.841666675276226
2017-04-12T16:00:00Z,5.428333330154419
2017-04-12T17:00:00Z,5.741388893789715
2017-04-12T18:00:00Z,5.303055566549301
2017-04-12T19:00:00Z,4.627222223083178
2017-04-12T20:00:00Z,2.8708333290285535
2017-04-12T21:00:00Z,1.9138888806932501
2017-04-12T22:00:00Z,2.777499997615814
2017-04-12T23:00:00Z,2.799444442987442
2017-04-13T00:00:00Z,2.5880555546945994
2017-04-13T01:00:00Z,2.3527777704927657
2017-04-13T02:00:00Z,1.910555552608437
2017-04-13T03:00:00Z,0.734166669100523
2017-04-13T04:00:00Z,1.5941666586531533
2017-04-13T05:00:00Z,1.3655555523104137
2017-04-13T06:00:00Z,1.5311111095878813
2017-04-13T07:00:00Z,1.9899999992714987
2017-04-13T08:00:00Z,2.614722215467029
2017-04-13T09:00:00Z,3.2972222205665376
2017-04-13T10:00:00Z,3.6027777711550395
2017-04-13T11:00:00Z,2.3502777725458146
2017-04-13T12:00:00Z,3.3308333292603494
2017-04-13T13:00:00Z,3.5002777728769514
2017-04-13T14:00:00Z,4.26333333949248
2017-04-13T15:00:00Z,4.085277776916822
2017-04-13T16:00:00Z,3.742222218381034
2017-04-13T17:00:00Z,2.9391666644149357
2017-04-13T18:00:00Z,1.948611103494962
2017-04-13T19:00:00Z,1.8261111069056724
2017-04-13T20:00:00Z,1.4661111096541086
2017-04-13T21:00:00Z,2.0188888808091483
2017-04-13T22:00:00Z,2.4399999972846773
2017-04-13T23:00:00Z,2.0630555460850397
2017-04-14T00:00:00Z,2.633888894650671
2017-04-14T01:00:00Z,2.532777777645323
2017-04-14T02:00:00Z,2.0733333283000523
2017-04-14T03:00:00Z,2.378888883524471
2017-04-14T04:00:00Z,2.5274999972846772
2017-04-14T05:00:00Z,2.0969444412324165
2017-04-14T06:00:00Z,1.7502777722146776
2017-04-14T07:00:00Z,1.9838888787560993
2017-04-14T08:00:00Z,2.8019444432523515
2017-04-14T09:00:00Z,4.022777764002482
2017-04-14T10:00:00Z,5.023611115084754
2017-04-14T11:00:00Z,5.687777774863773
2017-04-14T12:00:00Z,4.812777779499689
2017-04-14T13:00:00Z,5.008888886372248
2017-04-14T14:00:00Z,5.3430555442969005
2017-04-14T15:00:00Z,5.025555553038915
2017-04-14T16:00:00Z,5.558611110183928
2017-04-14T17:00:00Z,4.899722210566202
2017-04-14T18:00:00Z,4.213611119654444
2017-04-14T19:00:00Z,3.9869444456365373
2017-04-14T20:00:00Z,3.208055547873179
2017-04-14T21:00:00Z,2.7088888867033853
2017-04-14T22:00:00Z,3.5694444408019383
2017-04-14T23:00:00Z,3.71750000152323
2017-04-15T00:00:00Z,4.479444438219071
2017-04-15T01:00:00Z,4.29749999112553
2017-04-15T02:00:00Z,3.1122222185134887
2017-04-15T03:00:00Z,3.3424999955627652
2017-04-15T04:00:00Z,2.3791666600439285
2017-04-15T05:00:00Z,1.5408333286643028
2017-04-15T06:00:00Z,2.0208333260483213
2017-04-15T07:00:00Z,2.1944444341792
2017-04-15T08:00:00Z,3.063055553038915
2017-04-15T09:00:00Z,3.8694444401396644
2017-04-15T10:00:00Z,3.9755555447604922
2017-04-15T11:00:00Z,4.663333336512248
2017-04-15T12:00:00Z,4.912499995364083
2017-04-15T13:00:00Z,4.314444441596667
2017-04-15T14:00:00Z,4.979166666666667
2017-04-15T15:00:00Z,5.403611112303204
2017-04-15T16:00:00Z,5.878333341081937
2017-04-15T17:00:00Z,5.708611112833023
2017-04-15T18:00:00Z,4.363333329227236
2017-04-15T19:00:00Z,2.8758333327869576
2017-04-15T20:00:00Z,2.4872222198380363
2017-04-15T21:00:00Z,1.433611107369264
2017-04-15T22:00:00Z,2.5174999942382175
2017-04-15T23:00:00Z,2.546666665871938
2017-04-16T00:00:00Z,2.677222223083178
2017-04-16T01:00:00Z,2.296388876438141
2017-04-16T02:00:00Z,2.254166664348708
2017-04-16T03:00:00Z,2.2730555488003623
2017-04-16T04:00:00Z,2.0613888821668094
2017-04-16T05:00:00Z,2.0030555569463306
2017-04-16T06:00:00Z,1.6430555534031657
2017-04-16T07:00:00Z,2.9891666622625457
2017-04-16T08:00:00Z,3.666388882862197
2017-04-16T09:00:00Z,3.9550000028477776
2017-04-16T10:00:00Z,4.771388874451319
2017-04-16T11:00:00Z,4.990000026424726
2017-04-16T12:00:00Z,5.259166669845581
2017-04-16T13:00:00Z,5.262222226460775
2017-04-16T14:00:00Z,6.2641666703754
2017-04-16T15:00:00Z,7.131388888756434
2017-04-16T16:00:00Z,6.382222231229147
2017-04-16T17:00:00Z,5.879444442854988
2017-04-16T18:00:00Z,4.24249999291367
2017-04-16T19:00:00Z,4.727499993642171
2017-04-16T20:00:00Z,4.198611117071575
2017-04-16T21:00:00Z,3.5702777716848586
2017-04-16T22:00:00Z,3.3886111160119374
2017-04-16T23:00:00Z,3.05555555290646
2017-04-17T00:00:00Z,2.4791666593816544
2017-04-17T01:00:00Z,2.866944440537029
2017-04-17T02:00:00Z,2.3608333319425583
2017-04-17T03:00:00Z,2.5919444365633857
2017-04-17T04:00:00Z,2.311388886306021
2017-04-17T05:00:00Z,2.2016666561365126
2017-04-17T06:00:00Z,2.508333323730363
2017-04-17T07:00:00Z,4.0677777661217585
2017-04-17T08:00:00Z,3.8627777758571837
2017-04-17T09:00:00Z,3.2036111045214866
2017-04-17T10:00:00Z,2.859999996340937
2017-04-17T11:00:00Z,2.9808333377043406
2017-04-17T12:00:00Z,3.576111105249988
2017-04-17T13:00:00Z,3.154722218712171
2017-04-17T14:00:00Z,2.6177777773804136
2017-04-17T15:00:00Z,1.9380555509693094
2017-04-17T16:00:00Z,2.1036111100680297
2017-04-17T17:00:00Z,2.0963888881935016
2017-04-17T18:00:00Z,2.6419444425238505
2017-04-17T19:00:00Z,3.5619444433185787
2017-04-17T20:00:00Z,2.5288888845178814
2017-04-17T21:00:00Z,1.3558333348482847
2017-04-17T22:00:00Z,1.9299999956455496
2017-04-17T23:00:00Z,1.0130555625591013
2017-04-18T00:00:00Z,1.0238888933633765
2017-04-18T01:00:00Z,0.46833333637979296
2017-04-18T02:00:00Z,0.7011111149978306
2017-04-18T03:00:00Z,1.2836111087765958
2017-04-18T04:00:00Z,2.0419444448418087
2017-04-18T05:00:00Z,2.137222209572792
2017-04-18T06:00:00Z,2.834166660408179
2017-04-18T07:00:00Z,4.657499993509717
2017-04-18T08:00:00Z,5.467777756187651
2017-04-18T09:00:00Z,5.2949999948342645
2017-04-18T10:00:00Z,5.385833346181446
2017-04-18T11:00:00Z,4.627777772810724
2017-04-18T12:00:00Z,4.228333331478966
2017-04-18T13:00:00Z,4.105833342340257
2017-04-18T14:00:00Z,3.5191666695806716
2017-04-18T15:00:00Z,3.8824999993046125
2017-04-18T16:00:00Z,3.9766666528251435
2017-04-18T17:00:00Z,3.5863888882928423
2017-04-18T18:00:00Z,3.221944444709354
2017-04-18T19:00:00Z,2.356388885113928
2017-04-18T20:00:00Z,1.9422222160630755
2017-04-18T21:00:00Z,1.601666661269135
2017-04-18T22:00:00Z,1.3463888880279329
2017-04-18T23:00:00Z,1.9416666593816545
2017-04-19T00:00:00Z,2.043055547277133
2017-04-19T01:00:00Z,2.159722218579716
2017-04-19T02:00:00Z,1.5099999993211692
2017-04-19T03:00:00Z,1.0683333348689807
2017-04-19T04:00:00Z,1.416666661037339
2017-04-19T05:00:00Z,1.7861111049850782
2017-04-19T06:00:00Z,2.071111105879148
2017-04-19T07:00:00Z,2.7119444403383466
2017-04-19T08:00:00Z,2.2308333347241085
2017-04-19T09:00:00Z,2.2705555527160564
2017-04-19T10:00:00Z,1.7611111060612732
2017-04-19T11:00:00Z,1.996388882998791
2017-04-19T12:00:00Z,1.9063888900188937
2017-04-19T13:00:00Z,1.8324999972350067
2017-04-19T14:00:00Z,2.325277769503494
2017-04-19T15:00:00Z,2.3463888814051947
2017-04-19T16:00:00Z,1.1319444439684352
2017-04-19T17:00:00Z,2.3586111100597513
2017-04-19T18:00:00Z,3.7866666667991216
2017-04-19T19:00:00Z,3.415833333134651
2017-04-19T20:00:00Z,3.0905555486679077
2017-04-19T21:00:00Z,3.242222214738528
2017-04-19T22:00:00Z,2.290277772810724
2017-04-19T23:00:00Z,1.8122222165266673
2017-04-20T00:00:00Z,1.1222222232570251
2017-04-20T01:00:00Z,1.1869444442912935
2017-04-20T02:00:00Z,1.8163888876636822
2017-04-20T03:00:00Z,1.3758333336975839
2017-04-20T04:00:00Z,0.692500003034042
2017-04-20T05:00:00Z,0.2980555590656069
2017-04-20T06:00:00Z,0.9291666683637434
2017-04-20T07:00:00Z,2.8022222148047553
2017-04-20T08:00:00Z,3.7438888798157373
2017-04-20T09:00:00Z,4.34972222050031
2017-04-20T10:00:00Z,3.573611111111111
2017-04-20T11:00:00Z,3.3177777790360983
2017-04-20T12:00:00Z,3.1280555493922697
2017-04-20T13:00:00Z,3.6166666544146007
2017-04-20T14:00:00Z,3.122222214606073
2017-04-20T15:00:00Z,2.2938888867696128
2017-04-20T16:00:00Z,1.3152777756253877
2017-04-20T17:00:00Z,1.5847222184348437
2017-04-20T18:00:00Z,1.647777776585685
2017-04-20T19:00:00Z,1.956111106607649
2017-04-20T20:00:00Z,1.7863888843191995
2017-04-20T21:00:00Z,1.3169444489810203
2017-04-20T22:00:00Z,1.1422222250037724
2017-04-20T23:00:00Z,1.0777777814202838
2017-04-21T00:00:00Z,0.744722224627104
2017-04-21T01:00:00Z,1.5036111096541087
2017-04-21T02:00:00Z,0.7558333379319973
2017-04-21T03:00:00Z,0.29861111452596056
2017-04-21T04:00:00Z,0.5588888925603694
2017-04-21T05:00:00Z,0.3791666703298688
2017-04-21T06:00:00Z,0.717500003737708
2017-04-21T07:00:00Z,1.5447222207983335
2017-04-21T08:00:00Z,2.2197222103675207
2017-04-21T09:00:00Z,2.41361110607783
2017-04-21T10:00:00Z,2.742777771419949
2017-04-21T11:00:00Z,3.1777777671813965
2017-04-21T12:00:00Z,3.0772222191095353
2017-04-21T13:00:00Z,2.819722220632765
2017-04-21T14:00:00Z,2.616388885345724
2017-04-21T15:00:00Z,2.423333329293463
2017-04-21T16:00:00Z,2.7963888863722484
2017-04-21T17:00:00Z,2.6750000006622736
2017-04-21T18:00:00Z,3.0122222234805425
2017-04-21T19:00:00Z,1.5355555530637504
2017-04-21T20:00:00Z,1.2169444450487694
2017-04-21T21:00:00Z,1.6061111095878813
2017-04-21T22:00:00Z,1.5388888883921834
2017-04-21T23:00:00Z,1.7186111057798068
2017-04-22T00:00:00Z,1.8983333278033467
2017-04-22T01:00:00Z,1.3991666635084483
2017-04-22T02:00:00Z,1.8644444392787085
2017-04-22T03:00:00Z,1.5158333335278762
2017-04-22T04:00:00Z,0.8330555573105812
2017-04-22T05:00:00Z,2.294722219804923
2017-04-22T06:00:00Z,3.6333333366447027
2017-04-22T07:00:00Z,4.860833342207803
2017-04-22T08:00:00Z,4.333611108197106
2017-04-22T09:00:00Z,4.386388888292842
2017-04-22T10:00:00Z,4.753055556946331
2017-04-22T11:00:00Z,3.7566666604744063
2017-04-22T12:00:00Z,3.67305555442969
2017-04-22T13:00:00Z,3.155555553258293
2017-04-22T14:00:00Z,3.3822222168246907
2017-04-22T15:00:00Z,3.097222231535448
2017-04-22T16:00:00Z,3.323888892928759
2017-04-22T17:00:00Z,3.3561111142237983
2017-04-22T18:00:00Z,2.8322222219573128
2017-04-22T19:00:00Z,1.5177777741518286
2017-04-22T20:00:00Z,1.9627777762711047
2017-04-22T21:00:00Z,1.0538888899402485
2017-04-22T22:00:00Z,1.190833334148758
2017-04-22T23:00:00Z,1.266944446745846
2017-04-23T00:00:00Z,1.8299999920030434
2017-04-23T01:00:00Z,1.2399999995198514
2017-04-23T02:00:00Z,1.0863888874856962
2017-04-23T03:00:00Z,1.3319444447962774
2017-04-23T04:00:00Z,0.9825000004221995
2017-04-23T05:00:00Z,1.0683333358209994
2017-04-23T06:00:00Z,1.4702777763828636
2017-04-23T07:00:00Z,1.514444441555275
2017-04-23T08:00:00Z,0.826111114397645
2017-04-23T09:00:00Z,1.0877777797687385
2017-04-23T10:00:00Z,1.4572222200118834
2017-04-23T11:00:00Z,1.6966666616292463
2017-04-23T12:00:00Z,2.271944448620909
2017-04-23T13:00:00Z,3.029722214076254
2017-04-23T14:00:00Z,2.3238888817942804
2017-04-23T15:00:00Z,1.9727777729431788
2017-04-23T16:00:00Z,2.633333330684238
2017-04-23T17:00:00Z,1.8861111043228043
2017-04-23T18:00:00Z,1.072499999569522
2017-04-23T19:00:00Z,1.456944442126486
2017-04-23T20:00:00Z,2.49194443722566
2017-04-23T21:00:00Z,2.182222214341164
2017-04-23T22:00:00Z,1.735555547144678
2017-04-23T23:00:00Z,2.230277775393592
2017-04-24T00:00:00Z,1.6286111082467767
2017-04-24T01:00:00Z,1.389444445239173
2017-04-24T02:00:00Z,1.6219444413979849
2017-04-24T03:00:00Z,1.726111107112633
2017-04-24T04:00:00Z,1.1383333349393474
2017-04-24T05:00:00Z,1.4433333309160339
2017-04-24T06:00:00Z,1.7116666654745738
2017-04-24T07:00:00Z,1.2772222235591875
2017-04-24T08:00:00Z,2.779166660209497
2017-04-24T09:00:00Z,3.1197222176525328
2017-04-24T10:00:00Z,4.0627777758571835
2017-04-24T11:00:00Z,4.868333330419328
2017-04-24T12:00:00Z,5.362500006622739
2017-04-24T13:00:00Z,4.668333331081603
2017-04-24T14:00:00Z,4.846666662891706
2017-04-24T15:00:00Z,5.8466666671964855
2017-04-24T16:00:00Z,4.8438888884252975
2017-04-24T17:00:00Z,4.640277773472998
2017-04-24T18:00:00Z,4.970833332008786
2017-04-24T19:00:00Z,5.520277781618966
2017-04-24T20:00:00Z,4.049999996688631
2017-04-24T21:00:00Z,4.959166665209664
2017-04-24T22:00:00Z,5.107777771684859
2017-04-24T23:00:00Z,3.373055559727881
2017-04-25T00:00:00Z,3.791666665673256
2017-04-25T01:00:00Z,2.6558333317438763
2017-04-25T02:00:00Z,2.585555549462636
2017-04-25T03:00:00Z,2.068333335386382
2017-04-25T04:00:00Z,2.987777778837416
2017-04-25T05:00:00Z,2.76833333240615
2017-04-25T06:00:00Z,2.585000001721912
2017-04-25T07:00:00Z,4.778611092434989
2017-04-25T08:00:00Z,5.394722215334574
2017-04-25T09:00:00Z,4.998055547475815
2017-04-25T10:00:00Z,5.202500004238552
2017-04-25T11:00:00Z,5.070555561118656
2017-04-25T12:00:00Z,5.5761111173364855
2017-04-25T13:00:00Z,5.022777762015661
2017-04-25T14:00:00Z,4.679166672295994
2017-04-25T15:00:00Z,6.270833343267441
2017-04-25T16:00:00Z,5.108611121442583
2017-04-25T17:00:00Z,4.2802777644660734
2017-04-25T18:00:00Z,4.8763889001475444
2017-04-25T19:00:00Z,2.338611115846369
2017-04-25T20:00:00Z,1.2149999975951182
2017-04-25T21:00:00Z,1.6402777704927656
2017-04-25T22:00:00Z,1.3105555570373932
2017-04-25T23:00:00Z,1.369722219184041
2017-04-26T00:00:00Z,0.9205555585937367
2017-04-26T01:00:00Z,1.6549999982118606
2017-04-26T02:00:00Z,1.4802777781047756
2017-04-26T03:00:00Z,2.305277774400181
2017-04-26T04:00:00Z,1.9252777725458146
2017-04-26T05:00:00Z,1.496388888400462
2017-04-26T06:00:00Z,3.509722231162919
2017-04-26T07:00:00Z,4.317777775062455
2017-04-26T08:00:00Z,5.117222213082844
2017-04-26T09:00:00Z,5.224722221162584
2017-04-26T10:00:00Z,5.158333327372869
2017-04-26T11:00:00Z,5.553888894451989
2017-04-26T12:00:00Z,5.829722229639689
2017-04-26T13:00:00Z,6.082777784268061
2017-04-26T14:00:00Z,5.07666665746106
2017-04-26T15:00:00Z,5.1591666705078545
2017-04-26T16:00:00Z,5.704444452126821
2017-04-26T17:00:00Z,4.8816666583220165
2017-04-26T18:00:00Z,3.938611113362842
2017-04-26T19:00:00Z,1.6627777725458146
2017-04-26T20:00:00Z,0.7122222263986866
2017-04-26T21:00:00Z,1.4461111083626748
2017-04-26T22:00:00Z,0.8591666680243281
2017-04-26T23:00:00Z,0.7177777806089984
2017-04-27T00:00:00Z,0.9411111159871022
2017-04-27T01:00:00Z,1.9541666645142768
2017-04-27T02:00:00Z,1.4194444411330753
2017-04-27T03:00:00Z,0.9725000023014015
2017-04-27T04:00:00Z,1.2441666699118084
2017-04-27T05:00:00Z,1.9986111015081405
2017-04-27T06:00:00Z,2.246944433781836
2017-04-27T07:00:00Z,2.546111106210285
2017-04-27T08:00:00Z,3.5291666633552974
2017-04-27T09:00:00Z,4.785277787182066
2017-04-27T10:00:00Z,4.134166662560569
2017-04-27T11:00:00Z,3.917499999536408
2017-04-27T12:00:00Z,4.4494444444775585
2017-04-27T13:00:00Z,4.663611112038295
2017-04-27T14:00:00Z,5.182222225930956
2017-04-27T15:00:00Z,5.191666665673256
2017-04-27T16:00:00Z,4.782777778969871
2017-04-27T17:00:00Z,4.418611113892661
2017-04-27T18:00:00Z,3.6724999994039536
2017-04-27T19:00:00Z,2.8752777698967193
2017-04-27T20:00:00Z,2.336666665143437
2017-04-27T21:00:00Z,2.420277771353722
2017-04-27T22:00:00Z,2.3083333250549103
2017-04-27T23:00:00Z,2.5861111054817836
2017-04-28T00:00:00Z,2.5202777680423525
2017-04-28T01:00:00Z,1.9591666599114737
2017-04-28T02:00:00Z,1.9888888776302338
2017-04-28T03:00:00Z,2.313611102435324
2017-04-28T04:00:00Z,2.3049999939070807
2017-04-28T05:00:00Z,2.1574999993046124
2017-04-28T06:00:00Z,1.6166666628585922
2017-04-28T07:00:00Z,2.125833329723941
2017-04-28T08:00:00Z,2.317222220864561
2017-04-28T09:00:00Z,2.7655555496613187
2017-04-28T10:00:00Z,2.9975000007285013
2017-04-28T11:00:00Z,2.5455555506050587
2017-04-28T12:00:00Z,2.4333333301461404
2017-04-28T13:00:00Z,1.723888885229826
2017-04-28T14:00:00Z,2.6372222147881983
2017-04-28T15:00:00Z,2.8213888900147546
2017-04-28T16:00:00Z,3.2427777727444966
2017-04-28T17:00:00Z,2.948333331942558
2017-04-28T18:00:00Z,2.564166658454471
2017-04-28T19:00:00Z,2.881666659977701
2017-04-28T20:00:00Z,2.698611108130879
2017-04-28T21:00:00Z,2.437499996026357
2017-04-28T22:00:00Z,1.6466666617327266
2017-04-28T23:00:00Z,1.7555555469459958
2017-04-29T00:00:00Z,1.4386111072368093
2017-04-29T01:00:00Z,0.22277778105603324
2017-04-29T02:00:00Z,0.924444448057976
2017-04-29T03:00:00Z,0.9727777786552906
2017-04-29T04:00:00Z,1.6008333273231983
2017-04-29T05:00:00Z,1.038611112928225
2017-04-29T06:00:00Z,0.980000001564622
2017-04-29T07:00:00Z,1.8772222171227138
2017-04-29T08:00:00Z,2.0788888847248423
2017-04-29T09:00:00Z,2.6363888839880625
2017-04-29T10:00:00Z,3.5680555509196386
2017-04-29T11:00:00Z,4.034444442060258
2017-04-29T12:00:00Z,4.48638888961739
2017-04-29T13:00:00Z,5.05777777367168
2017-04-29T14:00:00Z,5.300277774863773
2017-04-29T15:00:00Z,5.703611109985245
2017-04-29T16:00:00Z,5.766666657063696
2017-04-29T17:00:00Z,5.068611114554935
2017-04-29T18:00:00Z,4.899722236063745
2017-04-29T19:00:00Z,3.3558333251211376
2017-04-29T20:00:00Z,3.3908333318101036
2017-04-29T21:00:00Z,3.8619444406694834
2017-04-29T22:00:00Z,3.9355555448267197
2017-04-29T23:00:00Z,4.171111101574368
2017-04-30T00:00:00Z,6.125277772214678
2017-04-30T01:00:00Z,6.629722207122379
2017-04-30T02:00:00Z,5.2711111062102844
2017-04-30T03:00:00Z,3.9247222287787333
2017-04-30T04:00:00Z,3.5030555533038243
2017-04-30T05:00:00Z,3.434999988807572
2017-04-30T06:00:00Z,4.146388890345891
2017-04-30T07:00:00Z,5.343333341015709
2017-04-30T08:00:00Z,6.099444440338346
2017-04-30T09:00:00Z,5.930833325121138
2017-04-30T10:00:00Z,6.601944433318244
2017-04-30T11:00:00Z,7.3072222338782415
2017-04-30T12:00:00Z,7.560000003708733
2017-04-30T13:00:00Z,6.615277780426873
2017-04-30T14:00:00Z,5.270555560456382
2017-04-30T15:00:00Z,5.65722223520279
2017-04-30T16:00:00Z,5.309166671832402
2017-04-30T17:00:00Z,4.701388893193669
2017-04-30T18:00:00Z,3.116111107667287
2017-04-30T19:00:00Z,2.5202777738372486
2017-04-30T20:00:00Z,3.1697222219573127
2017-04-30T21:00:00Z,3.436388886968295
2017-04-30T22:00:00Z,3.6091666728258134
2017-04-30T23:00:00Z,3.283333322405815
2017-05-01T00:00:00Z,1.5408333281882935
2017-05-01T01:00:00Z,1.6855555491314993
2017-05-01T02:00:00Z,1.6591666650440957
2017-05-01T03:00:00Z,1.8661111075017187
2017-05-01T04:00:00Z,1.791111105846034
2017-05-01T05:00:00Z,1.928055545853244
2017-05-01T06:00:00Z,2.440833328002029
2017-05-01T07:00:00Z,2.340277774963114
2017-05-01T08:00:00Z,3.529722229308552
2017-05-01T09:00:00Z,3.734722216261758
2017-05-01T10:00:00Z,3.764999986026022
2017-05-01T11:00:00Z,4.1383333338631525
2017-05-01T12:00:00Z,4.0413888878292505
2017-05-01T13:00:00Z,4.522777782215012
2017-05-01T14:00:00Z,3.8072222193082172
2017-05-01T15:00:00Z,3.4741666697793536
2017-05-01T16:00:00Z,3.780555557873514
2017-05-01T17:00:00Z,2.585833325982094
2017-05-01T18:00:00Z,3.279722222685814
2017-05-01T19:00:00Z,2.6877777725458145
2017-05-01T20:00:00Z,3.3624999983443153
2017-05-01T21:00:00Z,4.4841666678587595
2017-05-01T22:00:00Z,4.5852777785725065
2017-05-01T23:00:00Z,4.685555552111731
2017-05-02T00:00:00Z,4.719166656997468
2017-05-02T01:00:00Z,3.875833327240414
2017-05-02T02:00:00Z,3.833611100912094
2017-05-02T03:00:00Z,2.8980555531051424
2017-05-02T04:00:00Z,2.071944436762068
2017-05-02T05:00:00Z,2.3566666613022487
2017-05-02T06:00:00Z,1.9291666587400766
2017-05-02T07:00:00Z,2.5744444385170935
2017-05-02T08:00:00Z,3.611111120051808
2017-05-02T09:00:00Z,3.1794444461663565
2017-05-02T10:00:00Z,2.5430555562178294
2017-05-02T11:00:00Z,2.69888888961739
2017-05-02T12:00:00Z,2.2308333348689806
2017-05-02T13:00:00Z,2.337222220707271
2017-05-02T14:00:00Z,3.0533333315203586
2017-05-02T15:00:00Z,3.678888883524471
2017-05-02T16:00:00Z,3.8927777883079315
2017-05-02T17:00:00Z,3.659166654613283
2017-05-02T18:00:00Z,2.904166664679845
2017-05-02T19:00:00Z,1.897222214606073
2017-05-02T20:00:00Z,2.6222222172551684
2017-05-02T21:00:00Z,4.314166669050852
2017-05-02T22:00:00Z,4.710833336909612
2017-05-02T23:00:00Z,2.8955555510189797
2017-05-03T00:00:00Z,2.9516666650772097
2017-05-03T01:00:00Z,3.0738888767030503
2017-05-03T02:00:00Z,3.210277772943179
2017-05-03T03:00:00Z,4.917777784003151
2017-05-03T04:00:00Z,4.678888893789715
2017-05-03T05:00:00Z,3.436666661169794
2017-05-03T06:00:00Z,4.766388895114263
2017-05-03T07:00:00Z,5.354722217056486
2017-05-03T08:00:00Z,5.595833330684238
2017-05-03T09:00:00Z,4.7430555582046505
2017-05-03T10:00:00Z,5.8519444564978285
2017-05-03T11:00:00Z,5.837777782148785
2017-05-03T12:00:00Z,5.6263888875643415
2017-05-03T13:00:00Z,6.478055566549301
2017-05-03T14:00:00Z,6.396944441397985
2017-05-03T15:00:00Z,5.651944447225994
2017-05-03T16:00:00Z,5.61999999748336
2017-05-03T17:00:00Z,4.621666662560569
2017-05-03T18:00:00Z,5.594166661633386
2017-05-03T19:00:00Z,4.958055555820465
2017-05-03T20:00:00Z,3.2577777720159955
2017-05-03T21:00:00Z,4.20805555317137
2017-05-03T22:00:00Z,4.453055567873848
2017-05-03T23:00:00Z,4.339722226063411
2017-05-04T00:00:00Z,4.241944434245427
2017-05-04T01:00:00Z,4.056944446431266
2017-05-04T02:00:00Z,4.136111114753617
2017-05-04T03:00:00Z,3.9661110970709057
2017-05-04T04:00:00Z,3.893055549595091
2017-05-04T05:00:00Z,3.7780555423763063
2017-05-04T06:00:00Z,4.388611105415556
2017-05-04T07:00:00Z,4.521388889021344
2017-05-04T08:00:00Z,6.320833336644703
2017-05-04T09:00:00Z,5.4722222215599485
2017-05-04T10:00:00Z,6.3161111116409305
2017-05-04T11:00:00Z,6.917500006490283
2017-05-04T12:00:00Z,5.848055556085375
2017-05-04T13:00:00Z,5.729999989933438
2017-05-04T14:00:00Z,5.6652777757909565
2017-05-04T15:00:00Z,6.385277785195244
2017-05-04T16:00:00Z,6.605555543634627
2017-05-04T17:00:00Z,5.522222216924032
2017-05-04T18:00:00Z,6.2375000165568455
2017-05-04T19:00:00Z,5.7100000043710075
2017-05-04T20:00:00Z,6.417500011788475
2017-05-04T21:00:00Z,6.1627777715524035
2017-05-04T22:00:00Z,5.593055555555556
2017-05-04T23:00:00Z,5.990833339426253
2017-05-05T00:00:00Z,4.646944447358449
2017-05-05T01:00:00Z,5.102222228712506
2017-05-05T02:00:00Z,4.359722204340828
2017-05-05T03:00:00Z,4.2658333354526095
2017-05-05T04:00:00Z,4.727777772810724
2017-05-05T05:00:00Z,4.556944445106718
2017-05-05T06:00:00Z,5.229722219043308
2017-05-05T07:00:00Z,5.992777770095401
2017-05-05T08:00:00Z,7.055000023047129
2017-05-05T09:00:00Z,8.151666681634055
2017-05-05T10:00:00Z,8.728888893127442
2017-05-05T11:00:00Z,7.860833334260517
2017-05-05T12:00:00Z,9.058333334657881
2017-05-05T13:00:00Z,9.00444446735912
2017-05-05T14:00:00Z,8.395277771022585
2017-05-05T15:00:00Z,7.117222230964237
2017-05-05T16:00:00Z,7.592222223016951
2017-05-05T17:00:00Z,7.134722212950389
2017-05-05T18:00:00Z,6.758888904915915
2017-05-05T19:00:00Z,7.395277790228525
2017-05-05T20:00:00Z,7.524444448947906
2017-05-05T21:00:00Z,6.79972223242124
2017-05-05T22:00:00Z,6.525277782148785
2017-05-05T23:00:00Z,4.8377777768505945
2017-05-06T00:00:00Z,4.480833335717519
2017-05-06T01:00:00Z,3.9502777728769516
2017-05-06T02:00:00Z,4.916944441861577
2017-05-06T03:00:00Z,5.893055555555556
2017-05-06T04:00:00Z,6.548055559396744
2017-05-06T05:00:00Z,5.706388891405529
2017-05-06T06:00:00Z,6.7580555386013454
2017-05-06T07:00:00Z,7.316944449477726
2017-05-06T08:00:00Z,6.729722232951058
2017-05-06T09:00:00Z,7.450833355055915
2017-05-06T10:00:00Z,7.473611118396123
2017-05-06T11:00:00Z,7.149444441000621
2017-05-06T12:00:00Z,6.330277797910902
2017-05-06T13:00:00Z,6.271666673819224
2017-05-06T14:00:00Z,5.619444451729456
2017-05-06T15:00:00Z,4.782222231229146
2017-05-06T16:00:00Z,4.538611096143723
2017-05-06T17:00:00Z,4.937777778175142
2017-05-06T18:00:00Z,4.799444451597002
2017-05-06T19:00:00Z,3.4583333356512918
2017-05-06T20:00:00Z,2.664999998609225
2017-05-06T21:00:00Z,1.6427777720822228
2017-05-06T22:00:00Z,1.4341666657063696
2017-05-06T23:00:00Z,0.9819444480869505
2017-05-07T00:00:00Z,0.9063888897498449
2017-05-07T01:00:00Z,0.5844444466754795
2017-05-07T02:00:00Z,0.796666670197414
2017-05-07T03:00:00Z,2.4361111061440575
2017-05-07T04:00:00Z,2.805277774731318
2017-05-07T05:00:00Z,2.6033333278364603
2017-05-07T06:00:00Z,2.9947222236129973
2017-05-07T07:00:00Z,3.5449999928474427
2017-05-07T08:00:00Z,3.0130555523766414
2017-05-07T09:00:00Z,3.6130555546945997
2017-05-07T10:00:00Z,3.1783333333002197
2017-05-07T11:00:00Z,3.373055551449458
2017-05-07T12:00:00Z,3.872777773274316
2017-05-07T13:00:00Z,3.5983333345916537
2017-05-07T14:00:00Z,3.5338888939883972
2017-05-07T15:00:00Z,3.904999995438589
2017-05-07T16:00:00Z,3.6600000010596383
2017-05-07T17:00:00Z,3.6613888833257886
2017-05-07T18:00:00Z,2.590833334790336
2017-05-07T19:00:00Z,1.5199999964899487
2017-05-07T20:00:00Z,1.0363888911902905
2017-05-07T21:00:00Z,1.881111110581292
2017-05-07T22:00:00Z,2.499444438682662
2017-05-07T23:00:00Z,3.022777776254548
2017-05-08T00:00:00Z,1.8044444415304395
2017-05-08T01:00:00Z,2.2730555560025905
2017-05-08T02:00:00Z,2.836111111442248
2017-05-08T03:00:00Z,4.16416665646765
2017-05-08T04:00:00Z,5.512499984105428
2017-05-08T05:00:00Z,6.078888888491525
2017-05-08T06:00:00Z,5.345833334657881
2017-05-08T07:00:00Z,5.581388894716898
2017-05-08T08:00:00Z,5.504166675276227
2017-05-08T09:00:00Z,5.264999991655349
2017-05-08T10:00:00Z,5.336666668785943
2017-05-08T11:00:00Z,6.0105555613835655
2017-05-08T12:00:00Z,5.934722229507234
2017-05-08T13:00:00Z,5.950000007947286
2017-05-08T14:00:00Z,5.824444454246097
2017-05-08T15:00:00Z,5.556111117866304
2017-05-08T16:00:00Z,5.509166671832403
2017-05-08T17:00:00Z,4.576111108726925
2017-05-08T18:00:00Z,4.573611110448837
2017-05-08T19:00:00Z,3.751388881935014
2017-05-08T20:00:00Z,3.1055555535687343
2017-05-08T21:00:00Z,3.5336111111773385
2017-05-08T22:00:00Z,3.259166658255789
2017-05-08T23:00:00Z,2.7383333318763308
2017-05-09T00:00:00Z,3.1155555483367707
2017-05-09T01:00:00Z,1.895555548535453
2017-05-09T02:00:00Z,1.648611105647352
2017-05-09T03:00:00Z,1.4038888898160722
2017-05-09T04:00:00Z,1.4036111079984241
2017-05-09T05:00:00Z,1.2233333362473382
2017-05-09T06:00:00Z,3.565833333796925
2017-05-09T07:00:00Z,4.195277784268061
2017-05-09T08:00:00Z,4.175833344128397
2017-05-09T09:00:00Z,4.110555549462636
2017-05-09T10:00:00Z,3.947777771618631
2017-05-09T11:00:00Z,4.191388894203636
2017-05-09T12:00:00Z,4.0225000013907755
2017-05-09T13:00:00Z,3.7816666556729213
2017-05-09T14:00:00Z,3.7086111105150645
2017-05-09T15:00:00Z,3.432222225268682
2017-05-09T16:00:00Z,3.3536111078328554
2017-05-09T17:00:00Z,2.98972221646044
2017-05-09T18:00:00Z,3.4513888796170553
2017-05-09T19:00:00Z,2.7861111091242896
2017-05-09T20:00:00Z,1.9480555516564184
2017-05-09T21:00:00Z,1.3241666661161515
2017-05-09T22:00:00Z,2.1563888794846005
2017-05-09T23:00:00Z,2.0661111066738767
2017-05-10T00:00:00Z,1.3033333289954396
2017-05-10T01:00:00Z,1.5113888846503363
2017-05-10T02:00:00Z,1.3283333332174354
2017-05-10T03:00:00Z,1.500555554880864
2017-05-10T04:00:00Z,1.9083333311809434
2017-05-10T05:00:00Z,1.5911111080398161
2017-05-10T06:00:00Z,1.8872222158643934
2017-05-10T07:00:00Z,2.659999996258153
2017-05-10T08:00:00Z,2.7252777834733326
2017-05-10T09:00:00Z,2.7772222202685146
2017-05-10T10:00:00Z,2.5180555482705436
2017-05-10T11:00:00Z,2.4577777785559496
2017-05-10T12:00:00Z,2.4619444438359803
2017-05-10T13:00:00Z,2.439999996105002
2017-05-10T14:00:00Z,2.73861110235254
2017-05-10T15:00:00Z,3.094722216990259
2017-05-10T16:00:00Z,2.7002777761883205
2017-05-10T17:00:00Z,3.2872222271230487
2017-05-10T18:00:00Z,3.131388889087571
2017-05-10T19:00:00Z,2.583055555820465
2017-05-10T20:00:00Z,1.9072222155001428
2017-05-10T21:00:00Z,2.439444441596667
2017-05-10T22:00:00Z,3.1605555560853746
2017-05-10T23:00:00Z,3.1941666692495345
2017-05-11T00:00:00Z,3.6080555505222742
2017-05-11T01:00:00Z,3.7319444321923787
2017-05-11T02:00:00Z,3.544444438815117
2017-05-11T03:00:00Z,3.0374999986754525
2017-05-11T04:00:00Z,2.4772222267256843
2017-05-11T05:00:00Z,3.2783333304855558
2017-05-11T06:00:00Z,3.1127777758571837
2017-05-11T07:00:00Z,2.8844444433848064
2017-05-11T08:00:00Z,3.5811110973358153
2017-05-11T09:00:00Z,3.109722221891085
2017-05-11T10:00:00Z,3.2627777788374157
2017-05-11T11:00:00Z,3.7924999997019766
2017-05-11T12:00:00Z,4.805833332075013
2017-05-11T13:00:00Z,5.640555564562479
2017-05-11T14:00:00Z,4.620277776651912
2017-05-11T15:00:00Z,4.513055555688011
2017-05-11T16:00:00Z,3.3172222154008018
2017-05-11T17:00:00Z,4.655555561184883
2017-05-11T18:00:00Z,5.377222220102946
2017-05-11T19:00:00Z,4.311388879683283
2017-05-11T20:00:00Z,1.687222218596273
2017-05-11T21:00:00Z,1.4127777787546316
2017-05-11T22:00:00Z,1.1933333352415099
2017-05-11T23:00:00Z,2.05333332684305
2017-05-12T00:00:00Z,2.471944437093205
2017-05-12T01:00:00Z,1.4658333320791523
2017-05-12T02:00:00Z,2.5158333289954395
2017-05-12T03:00:00Z,3.79750000834465
2017-05-12T04:00:00Z,3.2108333345916535
2017-05-12T05:00:00Z,2.950833331545194
2017-05-12T06:00:00Z,2.349444436199135
2017-05-12T07:00:00Z,3.034444444378217
2017-05-12T08:00:00Z,2.693055547442701
2017-05-12T09:00:00Z,4.471666661236021
2017-05-12T10:00:00Z,5.505833331743876
2017-05-12T11:00:00Z,5.667777780691782
2017-05-12T12:00:00Z,6.420555557145013
2017-05-12T13:00:00Z,6.457777788241704
2017-05-12T14:00:00Z,6.030277787976795
2017-05-12T15:00:00Z,6.676111118661033
2017-05-12T16:00:00Z,6.254722219705582
2017-05-12T17:00:00Z,5.207777770360311
2017-05-12T18:00:00Z,4.717222219705581
2017-05-12T19:00:00Z,4.724166659514109
2017-05-12T20:00:00Z,4.028611114290025
2017-05-12T21:00:00Z,4.438611112038294
2017-05-12T22:00:00Z,4.173333338896433
2017-05-12T23:00:00Z,4.529999995893903
2017-05-13T00:00:00Z,5.079166665342119
2017-05-13T01:00:00Z,4.527222221427493
2017-05-13T02:00:00Z,3.767777778704961
2017-05-13T03:00:00Z,3.517500000860956
2017-05-13T04:00:00Z,3.4911111116409304
2017-05-13T05:00:00Z,4.046944434112973
2017-05-13T06:00:00Z,4.2150000009271835
2017-05-13T07:00:00Z,4.594444445768992
2017-05-13T08:00:00Z,4.156388893723488
2017-05-13T09:00:00Z,3.8324999892049365
2017-05-13T10:00:00Z,4.4097222215599485
2017-05-13T11:00:00Z,5.296388886372248
2017-05-13T12:00:00Z,5.420000003443824
2017-05-13T13:00:00Z,6.540833337439431
2017-05-13T14:00:00Z,6.5833333286974165
2017-05-13T15:00:00Z,6.764166669050852
2017-05-13T16:00:00Z,6.896388894981808
2017-05-13T17:00:00Z,6.446111128065321
2017-05-13T18:00:00Z,5.291388881206513
2017-05-13T19:00:00Z,4.037222211228476
2017-05-13T20:00:00Z,4.190833336114883
2017-05-13T21:00:00Z,4.418333330419329
2017-05-13T22:00:00Z,4.887500000331137
2017-05-13T23:00:00Z,6.955833335717519
2017-05-14T00:00:00Z,7.337777789433797
2017-05-14T01:00:00Z,6.16111110581292
2017-05-14T02:00:00Z,5.673333325650957
2017-05-14T03:00:00Z,5.214722216129303
2017-05-14T04:00:00Z,2.4794444425238504
2017-05-14T05:00:00Z,2.3027777704927654
2017-05-14T06:00:00Z,3.398611107799742
2017-05-14T07:00:00Z,4.224999996688631
2017-05-14T08:00:00Z,5.004722218381034
2017-05-14T09:00:00Z,4.859166659911474
2017-05-14T10:00:00Z,4.715833334790336
2017-05-14T11:00:00Z,4.940833329492145
2017-05-14T12:00:00Z,4.156666656335195
2017-05-14T13:00:00Z,5.954444442854987
2017-05-14T14:00:00Z,6.656666680839327
2017-05-14T15:00:00Z,6.791111127535502
2017-05-14T16:00:00Z,6.134444440735711
2017-05-14T17:00:00Z,5.823611120382945
2017-05-14T18:00:00Z,4.322499998410543
2017-05-14T19:00:00Z,3.1355555514494577
2017-05-14T20:00:00Z,2.563611108726925
2017-05-14T21:00:00Z,3.495277774996228
2017-05-14T22:00:00Z,2.894722223944134
2017-05-14T23:00:00Z,1.3013888870676358
2017-05-15T00:00:00Z,1.2711111125018861
2017-05-15T01:00:00Z,3.4575000011258656
2017-05-15T02:00:00Z,3.6269444472259944
2017-05-15T03:00:00Z,4.693611108925608
2017-05-15T04:00:00Z,5.348888890610801
2017-05-15T05:00:00Z,5.347500007020103
2017-05-15T06:00:00Z,5.718611122502221
2017-05-15T07:00:00Z,6.76166665620274
2017-05-15T08:00:00Z,6.734444453981188
2017-05-15T09:00:00Z,6.284166677792867
2017-05-15T10:00:00Z,6.745833339293798
2017-05-15T11:00:00Z,6.506388881471422
2017-05-15T12:00:00Z,8.26555559237798
2017-05-15T13:00:00Z,8.31555556986067
2017-05-15T14:00:00Z,7.4797222382492485
2017-05-15T15:00:00Z,7.893333355585734
2017-05-15T16:00:00Z,6.6405555612511105
2017-05-15T17:00:00Z,4.461111106475195
2017-05-15T18:00:00Z,4.700277784797881
2017-05-15T19:00:00Z,5.010833332935969
2017-05-15T20:00:00Z,4.398055559396743
2017-05-15T21:00:00Z,4.833611109521654
2017-05-15T22:00:00Z,4.380277775062455
2017-05-15T23:00:00Z,4.769166666269302
2017-05-16T00:00:00Z,4.536388874716229
2017-05-16T01:00:00Z,5.239166677660412
2017-05-16T02:00:00Z,5.815000000264909
2017-05-16T03:00:00Z,5.857222229242325
2017-05-16T04:00:00Z,5.183333330021965
2017-05-16T05:00:00Z,4.92416665951411
2017-05-16T06:00:00Z,5.815277780426873
2017-05-16T07:00:00Z,5.432499999470181
2017-05-16T08:00:00Z,5.635833342870076
2017-05-16T09:00:00Z,6.491944462060928
2017-05-16T10:00:00Z,6.061944445636537
2017-05-16T11:00:00Z,5.9208333452542625
2017-05-16T12:00:00Z,6.3241666648123
2017-05-16T13:00:00Z,6.56999999417199
2017-05-16T14:00:00Z,5.101944440603257
2017-05-16T15:00:00Z,4.795277778307597
2017-05-16T16:00:00Z,5.071388886372248
2017-05-16T17:00:00Z,4.605833316511578
2017-05-16T18:00:00Z,3.033055547542042
2017-05-16T19:00:00Z,2.3080555475420423
2017-05-16T20:00:00Z,3.186944438682662
2017-05-16T21:00:00Z,2.404166666418314
2017-05-16T22:00:00Z,1.8491666610042254
2017-05-16T23:00:00Z,3.403611108329561
2017-05-17T00:00:00Z,2.7174999955627652
2017-05-17T01:00:00Z,2.6438888880941604
2017-05-17T02:00:00Z,2.7872222231494055
2017-05-17T03:00:00Z,2.1291666597127916
2017-05-17T04:00:00Z,1.9216666602426105
2017-05-17T05:00:00Z,1.750555553038915
2017-05-17T06:00:00Z,1.500833331172665
2017-05-17T07:00:00Z,1.3866666659712792
2017-05-17T08:00:00Z,1.915555546184381
2017-05-17T09:00:00Z,1.8936111019717323
2017-05-17T10:00:00Z,2.038333325419161
2017-05-17T11:00:00Z,1.8258333308829202
2017-05-17T12:00:00Z,1.631388881492118
2017-05-17T13:00:00Z,2.4044444345765643
2017-05-17T14:00:00Z,1.6324999970280463
2017-05-17T15:00:00Z,1.2094444449577066
2017-05-17T16:00:00Z,1.7344444342785412
2017-05-17T17:00:00Z,1.043333333896266
2017-05-17T18:00:00Z,2.3949999990148676
2017-05-17T19:00:00Z,3.7450000014570026
2017-05-17T20:00:00Z,2.816388890478346
2017-05-17T21:00:00Z,2.4602777789036434
2017-05-17T22:00:00Z,2.0963888874898355
2017-05-17T23:00:00Z,2.3061111052831014
2017-05-18T00:00:00Z,1.8938888834582435
2017-05-18T01:00:00Z,2.2202777673800784
2017-05-18T02:00:00Z,2.4088888906770283
2017-05-18T03:00:00Z,1.7883333265781403
2017-05-18T04:00:00Z,1.8616666575272878
2017-05-18T05:00:00Z,1.7799999963906077
2017-05-18T06:00:00Z,1.6975000001490117
2017-05-18T07:00:00Z,2.5719444397836924
2017-05-18T08:00:00Z,2.6116666575272878
2017-05-18T09:00:00Z,1.7883333336768878
2017-05-18T10:00:00Z,1.7230555509941445
2017-05-18T11:00:00Z,1.5797222193744447
2017-05-18T12:00:00Z,1.5511111065124472
2017-05-18T13:00:00Z,1.168333333151208
2017-05-18T14:00:00Z,0.7352777819459637
2017-05-18T15:00:00Z,0.8205555584695604
2017-05-18T16:00:00Z,3.553888889484935
2017-05-18T17:00:00Z,1.7755555538253651
2017-05-18T18:00:00Z,1.7241666674613954
2017-05-18T19:00:00Z,1.8413888826966285
2017-05-18T20:00:00Z,0.6144444486747186
2017-05-18T21:00:00Z,0.6391666694026854
2017-05-18T22:00:00Z,0.6816666681940357
2017-05-18T23:00:00Z,1.5891666602757242
2017-05-19T00:00:00Z,1.7897222141424816
2017-05-19T01:00:00Z,2.166666660375065
2017-05-19T02:00:00Z,2.5744444413317575
2017-05-19T03:00:00Z,2.842500004172325
2017-05-19T04:00:00Z,2.0486111051506466
2017-05-19T05:00:00Z,2.664166659447882
2017-05-19T06:00:00Z,2.866666665673256
2017-05-19T07:00:00Z,2.8936111115747027
2017-05-19T08:00:00Z,3.114999998609225
2017-05-19T09:00:00Z,3.4180555512507755
2017-05-19T10:00:00Z,2.6244444401727782
2017-05-19T11:00:00Z,2.1266666646218964
2017-05-19T12:00:00Z,1.526666667084727
2017-05-19T13:00:00Z,1.7991666682892375
2017-05-19T14:00:00Z,3.198888890279664
2017-05-19T15:00:00Z,3.6386111114174127
2017-05-19T16:00:00Z,2.614999994635582
2017-05-19T17:00:00Z,2.4530555579397415
2017-05-19T18:00:00Z,3.526111110713747
2017-05-19T19:00:00Z,2.663333329889509
2017-05-19T20:00:00Z,2.6477777812216017
2017-05-19T21:00:00Z,1.8202777690357632
2017-05-19T22:00:00Z,2.46666666203075
2017-05-19T23:00:00Z,2.67833333114783
2017-05-20T00:00:00Z,2.1058333264456857
2017-05-20T01:00:00Z,2.481666662957933
2017-05-20T02:00:00Z,2.2461111045546
2017-05-20T03:00:00Z,1.5511111103826098
2017-05-20T04:00:00Z,1.0658333353284333
2017-05-20T05:00:00Z,0.44000000425924857
2017-05-20T06:00:00Z,2.0461111104943686
2017-05-20T07:00:00Z,4.237777782148785
2017-05-20T08:00:00Z,4.256944446431266
2017-05-20T09:00:00Z,4.904999991257985
2017-05-20T10:00:00Z,4.993888900677363
2017-05-20T11:00:00Z,6.182777792877621
2017-05-20T12:00:00Z,6.423333340220982
2017-05-20T13:00:00Z,6.721388897630903
2017-05-20T14:00:00Z,6.21583334406217
2017-05-20T15:00:00Z,7.826666663752662
2017-05-20T16:00:00Z,7.4933333463139
2017-05-20T17:00:00Z,6.20861112276713
2017-05-20T18:00:00Z,5.189166678322686
2017-05-20T19:00:00Z,4.766944446166357
2017-05-20T20:00:00Z,4.898611102501551
2017-05-20T21:00:00Z,4.589166669713126
2017-05-20T22:00:00Z,4.078333332803514
2017-05-20T23:00:00Z,3.796666665871938
2017-05-21T00:00:00Z,2.4983333248231148
2017-05-21T01:00:00Z,2.269166660971112
2017-05-21T02:00:00Z,3.0805555492639543
2017-05-21T03:00:00Z,1.5269444436662727
2017-05-21T04:00:00Z,1.334444444709354
2017-05-21T05:00:00Z,1.7861111068063311
2017-05-21T06:00:00Z,1.6469444437573353
2017-05-21T07:00:00Z,3.3602777822150123
2017-05-21T08:00:00Z,4.6502777891026605
2017-05-21T09:00:00Z,4.296944453318914
2017-05-21T10:00:00Z,4.585000002384186
2017-05-21T11:00:00Z,4.681111115217209
2017-05-21T12:00:00Z,5.0261110994550915
2017-05-21T13:00:00Z,5.485277771949768
2017-05-21T14:00:00Z,5.337500007947286
2017-05-21T15:00:00Z,4.948888886306021
2017-05-21T16:00:00Z,3.979722215400802
2017-05-21T17:00:00Z,4.014722227553526
2017-05-21T18:00:00Z,2.6033333318101035
2017-05-21T19:00:00Z,2.38888889087571
2017-05-21T20:00:00Z,2.126388884584109
2017-05-21T21:00:00Z,1.8074999873836834
2017-05-21T22:00:00Z,2.101111105249988
2017-05-21T23:00:00Z,1.8124999983443155
2017-05-22T00:00:00Z,2.460555548634794
2017-05-22T01:00:00Z,3.1558333343929714
2017-05-22T02:00:00Z,3.2038888855112924
2017-05-22T03:00:00Z,2.3927777618169785
2017-05-22T04:00:00Z,2.2577777720159955
2017-05-22T05:00:00Z,2.238888880941603
2017-05-22T06:00:00Z,1.829999995438589
2017-05-22T07:00:00Z,3.52027777797646
2017-05-22T08:00:00Z,4.370277769698037
2017-05-22T09:00:00Z,4.980277781022919
2017-05-22T10:00:00Z,4.425833339823617
2017-05-22T11:00:00Z,4.421111117137803
2017-05-22T12:00:00Z,4.8930555595291985
2017-05-22T13:00:00Z,5.865000001589457
2017-05-22T14:00:00Z,5.618611102634006
2017-05-22T15:00:00Z,5.302222224076589
2017-05-22T16:00:00Z,5.374166669448217
2017-05-22T17:00:00Z,4.937777771552404
2017-05-22T18:00:00Z,4.08722220659256
2017-05-22T19:00:00Z,3.443888886107339
2017-05-22T20:00:00Z,2.611111107137468
2017-05-22T21:00:00Z,2.774166674580839
2017-05-22T22:00:00Z,4.149166662825478
2017-05-22T23:00:00Z,2.40861110670699
2017-05-23T00:00:00Z,3.2238888879617056
2017-05-23T01:00:00Z,2.746388888027933
2017-05-23T02:00:00Z,3.204166668653488
2017-05-23T03:00:00Z,2.846666658586926
2017-05-23T04:00:00Z,1.7830555513501167
2017-05-23T05:00:00Z,3.209444445371628
2017-05-23T06:00:00Z,2.5099999960925845
2017-05-23T07:00:00Z,2.779722217884329
2017-05-23T08:00:00Z,2.630555554562145
2017-05-23T09:00:00Z,2.9930555555555554
2017-05-23T10:00:00Z,3.0063888847827913
2017-05-23T11:00:00Z,2.892499996887313
2017-05-23T12:00:00Z,3.4438888798157374
2017-05-23T13:00:00Z,3.737499999668863
2017-05-23T14:00:00Z,3.4441666695806714
2017-05-23T15:00:00Z,3.2483333316114216
2017-05-23T16:00:00Z,3.480000000860956
2017-05-23T17:00:00Z,4.084166662229432
2017-05-23T18:00:00Z,4.416388886504703
2017-05-23T19:00:00Z,4.224722218513489
2017-05-23T20:00:00Z,3.555000001192093
2017-05-23T21:00:00Z,3.440277772479587
2017-05-23T22:00:00Z,3.374722217851215
2017-05-23T23:00:00Z,2.3691666543483736
2017-05-24T00:00:00Z,2.780833328432507
2017-05-24T01:00:00Z,2.6922222213612663
2017-05-24T02:00:00Z,2.389722220102946
2017-05-24T03:00:00Z,1.5325000011258656
2017-05-24T04:00:00Z,1.993333324790001
2017-05-24T05:00:00Z,1.9355555459856988
2017-05-24T06:00:00Z,1.4699999981456333
2017-05-24T07:00:00Z,1.350277774884469
2017-05-24T08:00:00Z,1.1674999981911647
2017-05-24T09:00:00Z,0.9636111138181553
2017-05-24T10:00:00Z,1.2383333357257975
2017-05-24T11:00:00Z,1.4247222176649503
2017-05-24T12:00:00Z,1.2208333315534725
2017-05-24T13:00:00Z,1.827777776039309
2017-05-24T14:00:00Z,1.8538888856354687
2017-05-24T15:00:00Z,1.6511111109827956
2017-05-24T16:00:00Z,1.9563888861073389
2017-05-24T17:00:00Z,1.4274999996026356
2017-05-24T18:00:00Z,1.4080555538129476
2017-05-24T19:00:00Z,3.5311111132303874
2017-05-24T20:00:00Z,2.6308333320750132
2017-05-24T21:00:00Z,1.4191666666832234
2017-05-24T22:00:00Z,0.3630555569504698
2017-05-24T23:00:00Z,0.9677777791809704
2017-05-25T00:00:00Z,1.383888888027933
2017-05-25T01:00:00Z,1.2813888900395898
2017-05-25T02:00:00Z,1.5133333305517833
2017-05-25T03:00:00Z,1.6011111087269254
2017-05-25T04:00:00Z,1.7833333273728689
2017-05-25T05:00:00Z,1.5416666621963182
2017-05-25T06:00:00Z,1.305833333461649
2017-05-25T07:00:00Z,1.8905555551664697
2017-05-25T08:00:00Z,3.6130555513832303
2017-05-25T09:00:00Z,3.7741666634877524
2017-05-25T10:00:00Z,4.249722245335579
2017-05-25T11:00:00Z,3.8227777694662413
2017-05-25T12:00:00Z,3.1147222184472616
2017-05-25T13:00:00Z,3.3241666697793537
2017-05-25T14:00:00Z,3.0819444414642123
2017-05-25T15:00:00Z,3.015555554959509
2017-05-25T16:00:00Z,2.856111102634006
2017-05-25T17:00:00Z,2.7330555498600004
2017-05-25T18:00:00Z,2.4361111084620157
2017-05-25T19:00:00Z,2.0497222246395217
2017-05-25T20:00:00Z,2.0502777722146774
2017-05-25T21:00:00Z,2.741388886504703
2017-05-25T22:00:00Z,2.5824999920196
2017-05-25T23:00:00Z,2.8033333331346513
2017-05-26T00:00:00Z,2.8780555529726874
2017-05-26T01:00:00Z,2.8102777782413693
2017-05-26T02:00:00Z,2.748055554760827
2017-05-26T03:00:00Z,2.2438888837893805
2017-05-26T04:00:00Z,2.488055553701189
2017-05-26T05:00:00Z,2.5977777749300004
2017-05-26T06:00:00Z,2.8183333317438763
2017-05-26T07:00:00Z,3.5288888855112925
2017-05-26T08:00:00Z,4.18305555416478
2017-05-26T09:00:00Z,4.229722224341499
2017-05-26T10:00:00Z,4.897777777247959
2017-05-26T11:00:00Z,6.096666665209664
2017-05-26T12:00:00Z,6.221388891008165
2017-05-26T13:00:00Z,6.261388896571265
2017-05-26T14:00:00Z,5.677777783075968
2017-05-26T15:00:00Z,5.801388889551163
2017-05-26T16:00:00Z,5.101944446894858
2017-05-26T17:00:00Z,4.9872222238116795
2017-05-26T18:00:00Z,4.347499988476435
2017-05-26T19:00:00Z,2.5766666617658402
2017-05-26T20:00:00Z,1.9877777722146777
2017-05-26T21:00:00Z,2.5541666620307497
2017-05-26T22:00:00Z,2.7074999938408535
2017-05-26T23:00:00Z,2.356111110250155
2017-05-27T00:00:00Z,2.5591666632228427
2017-05-27T01:00:00Z,2.1852777689695357
2017-05-27T02:00:00Z,2.839722220848004
2017-05-27T03:00:00Z,0.9586111128951113
2017-05-27T04:00:00Z,1.3458333315948645
2017-05-27T05:00:00Z,1.8641666631731721
2017-05-27T06:00:00Z,2.5605555542641216
2017-05-27T07:00:00Z,6.556944442457623
2017-05-27T08:00:00Z,7.1705555710527635
2017-05-27T09:00:00Z,6.473055568668578
2017-05-27T10:00:00Z,6.178333350022634
2017-05-27T11:00:00Z,7.429166672627131
2017-05-27T12:00:00Z,8.415833346048991
2017-05-27T13:00:00Z,8.651388884915246
2017-05-27T14:00:00Z,7.264722228050232
2017-05-27T15:00:00Z,7.335277785857518
2017-05-27T16:00:00Z,6.211944466167026
2017-05-27T17:00:00Z,5.284999998079406
2017-05-27T18:00:00Z,4.57111110885938
2017-05-27T19:00:00Z,2.9549999939070806
2017-05-27T20:00:00Z,2.5458333290492496
2017-05-27T21:00:00Z,2.018055545621448
2017-05-27T22:00:00Z,1.839722213645776
2017-05-27T23:00:00Z,1.4994444404625231
2017-05-28T00:00:00Z,1.7511111070712408
2017-05-28T01:00:00Z,1.6177777742139168
2017-05-28T02:00:00Z,1.5622222207279668
2017-05-28T03:00:00Z,1.369999996282988
2017-05-28T04:00:00Z,0.7002777811139822
2017-05-28T05:00:00Z,0.8944444439063469
2017-05-28T06:00:00Z,1.5163888835451669
2017-05-28T07:00:00Z,1.927222220434083
2017-05-28T08:00:00Z,1.5558333338134818
2017-05-28T09:00:00Z,2.5769444363812606
2017-05-28T10:00:00Z,2.039999997946951
2017-05-28T11:00:00Z,1.6022222210135726
2017-05-28T12:00:00Z,1.475833333014614
2017-05-28T13:00:00Z,1.326666665263474
2017-05-28T14:00:00Z,1.9897222215930621
2017-05-28T15:00:00Z,2.473888886968295
2017-05-28T16:00:00Z,3.381666662957933
2017-05-28T17:00:00Z,2.4966666612360213
2017-05-28T18:00:00Z,2.490555551979277
2017-05-28T19:00:00Z,1.9997222191757626
2017-05-28T20:00:00Z,2.243888877828916
2017-05-28T21:00:00Z,2.4669444378879337
2017-05-28T22:00:00Z,1.6705555533162422
2017-05-28T23:00:00Z,1.411944440772964
2017-05-29T00:00:00Z,2.5411111159457103
2017-05-29T01:00:00Z,2.3422222150696648
2017-05-29T02:00:00Z,2.782777773009406
2017-05-29T03:00:00Z,2.382777774002817
2017-05-29T04:00:00Z,1.5330555531713697
2017-05-29T05:00:00Z,2.526944437291887
2017-05-29T06:00:00Z,2.4163888863391345
2017-05-29T07:00:00Z,2.5638888850808144
2017-05-29T08:00:00Z,1.9047222198711502
2017-05-29T09:00:00Z,1.5697222197221385
2017-05-29T10:00:00Z,1.56194444158011
2017-05-29T11:00:00Z,1.191666666770147
2017-05-29T12:00:00Z,1.1900000002856055
2017-05-29T13:00:00Z,2.606388888756434
2017-05-29T14:00:00Z,3.3769444468948575
2017-05-29T15:00:00Z,2.483055555489328
2017-05-29T16:00:00Z,2.5436111132303876
2017-05-29T17:00:00Z,2.3527777754598196
2017-05-29T18:00:00Z,2.8877777708901298
2017-05-29T19:00:00Z,3.971666654613283
2017-05-29T20:00:00Z,3.1780555489990445
2017-05-29T21:00:00Z,3.6916666593816547
2017-05-29T22:00:00Z,3.230555549263954
2017-05-29T23:00:00Z,2.064444437291887
2017-05-30T00:00:00Z,2.1038888818687864
2017-05-30T01:00:00Z,2.573333331942558
2017-05-30T02:00:00Z,2.0005555507209567
2017-05-30T03:00:00Z,2.296111108528243
2017-05-30T04:00:00Z,2.8049999952316282
2017-05-30T05:00:00Z,2.8341666612360212
2017-05-30T06:00:00Z,3.29055555595292
2017-05-30T07:00:00Z,3.420277781618966
2017-05-30T08:00:00Z,4.516944443517261
2017-05-30T09:00:00Z,4.638611106740104
2017-05-30T10:00:00Z,4.922777777247958
2017-05-30T11:00:00Z,4.615833330816693
2017-05-30T12:00:00Z,4.282777775658501
2017-05-30T13:00:00Z,4.274166675408681
2017-05-30T14:00:00Z,4.995000003443824
2017-05-30T15:00:00Z,4.835833330949147
2017-05-30T16:00:00Z,5.029166656732559
2017-05-30T17:00:00Z,4.043611108594471
2017-05-30T18:00:00Z,3.2838888906770283
2017-05-30T19:00:00Z,2.932777781618966
2017-05-30T20:00:00Z,2.3933333277702333
2017-05-30T21:00:00Z,2.500555549065272
2017-05-30T22:00:00Z,1.3630555553154813
2017-05-30T23:00:00Z,1.0958333351545864
2017-05-31T00:00:00Z,2.012499996026357
2017-05-31T01:00:00Z,1.3244444411247969
2017-05-31T02:00:00Z,0.7686111128371623
2017-05-31T03:00:00Z,1.7274999919864866
2017-05-31T04:00:00Z,1.2455555551581912
2017-05-31T05:00:00Z,0.745833335734076
2017-05-31T06:00:00Z,0.6419444486705793
2017-05-31T07:00:00Z,0.5022222263324592
2017-05-31T08:00:00Z,0.8538888899816407
2017-05-31T09:00:00Z,1.3672222188363472
2017-05-31T10:00:00Z,1.182777778348989
2017-05-31T11:00:00Z,1.7044444415097435
2017-05-31T12:00:00Z,3.059722222884496
2017-05-31T13:00:00Z,4.488333320617675
2017-05-31T14:00:00Z,4.300833336512247
2017-05-31T15:00:00Z,3.896111111839612
2017-05-31T16:00:00Z,3.3574999989734757
2017-05-31T17:00:00Z,3.4152777781089148
2017-05-31T18:00:00Z,3.857777770691448
2017-05-31T19:00:00Z,2.8313888831271066
2017-05-31T20:00:00Z,2.8477777775790956
2017-05-31T21:00:00Z,2.556388884782791
2017-05-31T22:00:00Z,2.335833332604832
2017-05-31T23:00:00Z,1.8555555525753233
2017-06-01T00:00:00Z,1.781666662833757
2017-06-01T01:00:00Z,0.7008333375263546
2017-06-01T02:00:00Z,1.0624999993377262
2017-06-01T03:00:00Z,0.7669444472425514
2017-06-01T04:00:00Z,0.7375000039322509
2017-06-01T05:00:00Z,0.7766666689266761
2017-06-01T06:00:00Z,0.5791666711784071
2017-06-01T07:00:00Z,0.7244444457193215
2017-06-01T08:00:00Z,2.6233333323564794
2017-06-01T09:00:00Z,3.257222219142649
2017-06-01T10:00:00Z,2.862777778547671
2017-06-01T11:00:00Z,3.882222219970491
2017-06-01T12:00:00Z,4.082777779466576
2017-06-01T13:00:00Z,3.8991666661368476
2017-06-01T14:00:00Z,4.168055564496252
2017-06-01T15:00:00Z,5.0147222204340824
2017-06-01T16:00:00Z,4.293611112568113
2017-06-01T17:00:00Z,4.268333322140905
2017-06-01T18:00:00Z,3.803888886504703
2017-06-01T19:00:00Z,2.079999995397197
2017-06-01T20:00:00Z,1.7805555494295227
2017-06-01T21:00:00Z,2.30555555290646
2017-06-01T22:00:00Z,1.541666660271585
2017-06-01T23:00:00Z,0.38944444795035654
2017-06-02T00:00:00Z,0.7955555595457554
2017-06-02T01:00:00Z,1.1300000002193782
2017-06-02T02:00:00Z,0.900277779955003
2017-06-02T03:00:00Z,1.3394444414310984
2017-06-02T04:00:00Z,0.9772222253183523
2017-06-02T05:00:00Z,0.5736111148984896
2017-06-02T06:00:00Z,0.8730555611973008
2017-06-02T07:00:00Z,0.8491666708141565
2017-06-02T08:00:00Z,1.2861111131807168
2017-06-02T09:00:00Z,0.7441666693737109
2017-06-02T10:00:00Z,1.0349999992797771
2017-06-02T11:00:00Z,1.331111110871037
2017-06-02T12:00:00Z,3.060277773771021
2017-06-02T13:00:00Z,3.691388875577185
2017-06-02T14:00:00Z,3.804999995562765
2017-06-02T15:00:00Z,3.4238888916042116
2017-06-02T16:00:00Z,3.0305555431379214
2017-06-02T17:00:00Z,2.3377777710556984
2017-06-02T18:00:00Z,1.6724999957614475
2017-06-02T19:00:00Z,0.09388888964636458
2017-06-02T20:00:00Z,1.0938888874732786
2017-06-02T21:00:00Z,3.501111113362842
2017-06-02T22:00:00Z,2.986111107137468
2017-06-02T23:00:00Z,3.214444441596667
2017-06-03T00:00:00Z,3.464166667726305
2017-06-03T01:00:00Z,3.256388888756434
2017-06-03T02:00:00Z,3.4119444486167696
2017-06-03T03:00:00Z,3.226666666732894
2017-06-03T04:00:00Z,2.4149999949667187
2017-06-03T05:00:00Z,2.6777777721484504
2017-06-03T06:00:00Z,3.0422222140762543
2017-06-03T07:00:00Z,3.934722212288115
2017-06-03T08:00:00Z,4.6688888920678036
2017-06-03T09:00:00Z,5.0516666677263045
2017-06-03T10:00:00Z,4.598888870742586
2017-06-03T11:00:00Z,4.2763888892200255
2017-06-03T12:00:00Z,4.438333331545194
2017-06-03T13:00:00Z,4.635277769300672
2017-06-03T14:00:00Z,4.718333328763644
2017-06-03T15:00:00Z,4.617777777049277
2017-06-03T16:00:00Z,5.3638888902134365
2017-06-03T17:00:00Z,5.338888891537985
2017-06-03T18:00:00Z,3.2705555581384234
2017-06-03T19:00:00Z,3.522777777247959
2017-06-03T20:00:00Z,3.0272222220897675
2017-06-03T21:00:00Z,3.037499996026357
2017-06-03T22:00:00Z,2.4005555477407245
2017-06-03T23:00:00Z,2.4827777673800786
2017-06-04T00:00:00Z,2.20472221771876
2017-06-04T01:00:00Z,0.9111111124977469
2017-06-04T02:00:00Z,1.634999999569522
2017-06-04T03:00:00Z,0.7622222238116794
2017-06-04T04:00:00Z,0.7491666675234835
2017-06-04T05:00:00Z,1.4074999991183479
2017-06-04T06:00:00Z,3.0302777687708535
2017-06-04T07:00:00Z,3.8524999966224036
2017-06-04T08:00:00Z,4.035833331611421
2017-06-04T09:00:00Z,4.237222223480543
2017-06-04T10:00:00Z,5.378055553966099
2017-06-04T11:00:00Z,5.946944446033902
2017-06-04T12:00:00Z,6.014722226725684
2017-06-04T13:00:00Z,5.8711111141575705
2017-06-04T14:00:00Z,4.863611104422145
2017-06-04T15:00:00Z,5.469444451729457
2017-06-04T16:00:00Z,6.545833325386047
2017-06-04T17:00:00Z,4.907777778307596
2017-06-04T18:00:00Z,4.5711111115084755
2017-06-04T19:00:00Z,3.984444445702765
2017-06-04T20:00:00Z,3.4191666689183977
2017-06-04T21:00:00Z,3.1547222233480876
2017-06-04T22:00:00Z,3.2897222144736182
2017-06-04T23:00:00Z,3.1191666682561237
2017-06-05T00:00:00Z,3.2783333364460203
2017-06-05T01:00:00Z,3.520277774333954
2017-06-05T02:00:00Z,2.9349999984105426
2017-06-05T03:00:00Z,3.283888888690207
2017-06-05T04:00:00Z,3.2074999971522224
2017-06-05T05:00:00Z,3.8449999925163056
2017-06-05T06:00:00Z,5.714722224738863
2017-06-05T07:00:00Z,6.16833333240615
2017-06-05T08:00:00Z,7.098333352804184
2017-06-05T09:00:00Z,6.63583333823416
2017-06-05T10:00:00Z,7.380555579397414
2017-06-05T11:00:00Z,7.001666688919068
2017-06-05T12:00:00Z,6.85833333267106
2017-06-05T13:00:00Z,8.313888898822997
2017-06-05T14:00:00Z,8.053055571185219
2017-06-05T15:00:00Z,8.677777764532301
2017-06-05T16:00:00Z,7.927222234010697
2017-06-05T17:00:00Z,9.155833335055245
2017-06-05T18:00:00Z,10.476666683620877
2017-06-05T19:00:00Z,8.201944443914625
2017-06-05T20:00:00Z,9.69722221692403
2017-06-05T21:00:00Z,9.3350000222524
2017-06-05T22:00:00Z,8.198333338896434
2017-06-05T23:00:00Z,7.715833342737621
2017-06-06T00:00:00Z,7.888333341810438
2017-06-06T01:00:00Z,5.931111131111781
2017-06-06T02:00:00Z,7.059166641367806
2017-06-06T03:00:00Z,8.555833350287543
2017-06-06T04:00:00Z,10.06027779314253
2017-06-06T05:00:00Z,9.759444439411164
2017-06-06T06:00:00Z,9.71944445239173
2017-06-06T07:00:00Z,10.131111137072246
2017-06-06T08:00:00Z,9.963333336512248
2017-06-06T09:00:00Z,10.515277780426873
2017-06-06T10:00:00Z,10.51611112886005
2017-06-06T11:00:00Z,10.840555528799692
2017-06-06T12:00:00Z,10.85361111693912
2017-06-06T13:00:00Z,9.434722230169509
2017-06-06T14:00:00Z,10.005277795261806
2017-06-06T15:00:00Z,11.172777777247958
2017-06-06T16:00:00Z,11.334444455305736
2017-06-06T17:00:00Z,11.111388874053954
2017-06-06T18:00:00Z,10.301388907432557
2017-06-06T19:00:00Z,9.0458333240615
2017-06-06T20:00:00Z,7.065000013510386
2017-06-06T21:00:00Z,6.193055559529198
2017-06-06T22:00:00Z,6.914722250567542
2017-06-06T23:00:00Z,5.990833329492145
2017-06-07T00:00:00Z,6.391111105018192
2017-06-07T01:00:00Z,6.123611132303874
2017-06-07T02:00:00Z,6.623055570655399
2017-06-07T03:00:00Z,6.308888883060879
2017-06-07T04:00:00Z,6.099166679382324
2017-06-07T05:00:00Z,5.9916666593816545
2017-06-07T06:00:00Z,7.066666685872608
2017-06-07T07:00:00Z,6.970277778969871
2017-06-07T08:00:00Z,7.147222240103615
2017-06-07T09:00:00Z,6.904166669978036
2017-06-07T10:00:00Z,7.8449999882115256
2017-06-07T11:00:00Z,7.046388907565011
2017-06-07T12:00:00Z,6.929722236262427
2017-06-07T13:00:00Z,6.964444433980518
2017-06-07T14:00:00Z,7.163611114025116
2017-06-07T15:00:00Z,7.896388897630904
2017-06-07T16:00:00Z,7.910555575953589
2017-06-07T17:00:00Z,7.310555542839898
2017-06-07T18:00:00Z,6.461388895246718
2017-06-07T19:00:00Z,5.123055548138089
2017-06-07T20:00:00Z,5.377500002251731
2017-06-07T21:00:00Z,6.5747222125530245
2017-06-07T22:00:00Z,6.985555580589506
2017-06-07T23:00:00Z,6.935833352804184
2017-06-08T00:00:00Z,7.224444456232918
2017-06-08T01:00:00Z,6.692222254143821
2017-06-08T02:00:00Z,5.540833333465788
2017-06-08T03:00:00Z,4.72027777367168
2017-06-08T04:00:00Z,5.486111114422481
2017-06-08T05:00:00Z,5.502777785725064
2017-06-08T06:00:00Z,6.1308333357175195
2017-06-08T07:00:00Z,6.3044444368945225
2017-06-08T08:00:00Z,7.053333339426253
2017-06-08T09:00:00Z,7.2297222475210825
2017-06-08T10:00:00Z,6.799722227123048
2017-06-08T11:00:00Z,7.071388901604546
2017-06-08T12:00:00Z,7.665555557939741
2017-06-08T13:00:00Z,7.593888877497779
2017-06-08T14:00:00Z,7.218333348962996
2017-06-08T15:00:00Z,7.783055568403668
2017-06-08T16:00:00Z,6.666944444179535
2017-06-08T17:00:00Z,6.432222231229146
2017-06-08T18:00:00Z,5.008055546548632
2017-06-08T19:00:00Z,4.1449999938408535
2017-06-08T20:00:00Z,3.908888889021344
2017-06-08T21:00:00Z,3.9936111122369766
2017-06-08T22:00:00Z,4.089999996953541
2017-06-08T23:00:00Z,4.384166663222842
2017-06-09T00:00:00Z,3.891944443517261
2017-06-09T01:00:00Z,3.5158333275053235
2017-06-09T02:00:00Z,3.9222222169240317
2017-06-09T03:00:00Z,4.225833328233825
2017-06-09T04:00:00Z,4.818055559529198
2017-06-09T05:00:00Z,5.139444451199638
2017-06-09T06:00:00Z,5.383055554495917
2017-06-09T07:00:00Z,4.934999996754859
2017-06-09T08:00:00Z,4.677499988343981
2017-06-09T09:00:00Z,4.957777785592609
2017-06-09T10:00:00Z,6.1547222190433075
2017-06-09T11:00:00Z,6.513055558337106
2017-06-09T12:00:00Z,6.910000028212865
2017-06-09T13:00:00Z,7.093611109256744
2017-06-09T14:00:00Z,6.675833341148165
2017-06-09T15:00:00Z,5.9188888768355055
2017-06-09T16:00:00Z,5.469166658984291
2017-06-09T17:00:00Z,6.136944441662894
2017-06-09T18:00:00Z,4.488611107402377
2017-06-09T19:00:00Z,4.455555542972353
2017-06-09T20:00:00Z,3.536388890279664
2017-06-09T21:00:00Z,3.652777779433462
2017-06-09T22:00:00Z,2.9361111160781648
2017-06-09T23:00:00Z,3.0691666616333855
2017-06-10T00:00:00Z,2.8836111075348323
2017-06-10T01:00:00Z,2.9972222112947042
2017-06-10T02:00:00Z,3.991388890147209
2017-06-10T03:00:00Z,3.92694444987509
2017-06-10T04:00:00Z,3.8938888834582435
2017-06-10T05:00:00Z,4.743333328763644
2017-06-10T06:00:00Z,6.568333350949818
2017-06-10T07:00:00Z,6.99111110303137
2017-06-10T08:00:00Z,6.654444452789095
2017-06-10T09:00:00Z,6.847777784532971
2017-06-10T10:00:00Z,7.365833322869407
2017-06-10T11:00:00Z,7.868055583371056
2017-06-10T12:00:00Z,7.282777783605788
2017-06-10T13:00:00Z,7.65916666454739
2017-06-10T14:00:00Z,6.945833342605167
2017-06-10T15:00:00Z,5.782499996821086
2017-06-10T16:00:00Z,7.740000003576279
2017-06-10T17:00:00Z,7.205833329094781
2017-06-10T18:00:00Z,6.53750001721912
2017-06-10T19:00:00Z,5.968055554893282
2017-06-10T20:00:00Z,5.766944447490904
2017-06-10T21:00:00Z,5.492222225666046
2017-06-10T22:00:00Z,5.276111112700568
2017-06-10T23:00:00Z,4.6772222128179335
2017-06-11T00:00:00Z,5.391388879219691
2017-06-11T01:00:00Z,5.364166671699948
2017-06-11T02:00:00Z,4.736111109786563
2017-06-11T03:00:00Z,4.613888883590699
2017-06-11T04:00:00Z,4.273611113760206
2017-06-11T05:00:00Z,4.728888885180155
2017-06-11T06:00:00Z,5.265833331478967
2017-06-11T07:00:00Z,5.280555548932817
2017-06-11T08:00:00Z,5.877500001589457
2017-06-11T09:00:00Z,6.734444440735711
2017-06-11T10:00:00Z,7.077222226725684
2017-06-11T11:00:00Z,7.54416670401891
2017-06-11T12:00:00Z,7.14416667090522
2017-06-11T13:00:00Z,8.879166673289404
2017-06-11T14:00:00Z,8.646111120118036
2017-06-11T15:00:00Z,8.134166663222842
2017-06-11T16:00:00Z,8.115555551979277
2017-06-11T17:00:00Z,7.268055554231008
2017-06-11T18:00:00Z,5.971388884385427
2017-06-11T19:00:00Z,6.180555572112401
2017-06-11T20:00:00Z,4.511388882001241
2017-06-11T21:00:00Z,3.952777780426873
2017-06-11T22:00:00Z,3.8011111153496637
2017-06-11T23:00:00Z,3.8158333354526097
2017-06-12T00:00:00Z,3.953611109654109
2017-06-12T01:00:00Z,4.769166672229767
2017-06-12T02:00:00Z,4.726666661103566
2017-06-12T03:00:00Z,4.655277756849925
2017-06-12T04:00:00Z,5.060277770625221
2017-06-12T05:00:00Z,5.229444440205892
2017-06-12T06:00:00Z,5.413055559661653
2017-06-12T07:00:00Z,5.342777778042687
2017-06-12T08:00:00Z,5.523055546813541
2017-06-12T09:00:00Z,5.4597222242090435
2017-06-12T10:00:00Z,5.1419444289472365
2017-06-12T11:00:00Z,5.456944449080361
2017-06-12T12:00:00Z,5.697499992450078
2017-06-12T13:00:00Z,5.5566666609711115
2017-06-12T14:00:00Z,5.742777780029509
2017-06-12T15:00:00Z,5.636944459544288
2017-06-12T16:00:00Z,6.298055559396744
2017-06-12T17:00:00Z,6.031111116541757
2017-06-12T18:00:00Z,5.633055556482739
2017-06-12T19:00:00Z,3.584444441066848
2017-06-12T20:00:00Z,3.317222219374445
2017-06-12T21:00:00Z,2.9602777769168216
2017-06-12T22:00:00Z,2.642777779367235
2017-06-12T23:00:00Z,2.479999992582533
2017-06-13T00:00:00Z,2.2358333243264092
2017-06-13T01:00:00Z,1.8952777720159955
2017-06-13T02:00:00Z,0.6341666698662771
2017-06-13T03:00:00Z,0.6966666682105925
2017-06-13T04:00:00Z,0.5169444502641757
2017-06-13T05:00:00Z,0.3480555590035187
2017-06-13T06:00:00Z,1.0513888880196545
2017-06-13T07:00:00Z,1.8580555502739218
2017-06-13T08:00:00Z,1.648055551097625
2017-06-13T09:00:00Z,1.5394444363398685
2017-06-13T10:00:00Z,2.0388888810243873
2017-06-13T11:00:00Z,2.0347222168412475
2017-06-13T12:00:00Z,1.5705555564620428
2017-06-13T13:00:00Z,1.3719444450197948
2017-06-13T14:00:00Z,1.4030555532831284
2017-06-13T15:00:00Z,1.3594444455785883
2017-06-13T16:00:00Z,1.4674999984188213
2017-06-13T17:00:00Z,1.1461111115084754
2017-06-13T18:00:00Z,1.2738888885411952
2017-06-13T19:00:00Z,1.0825000030712948
2017-06-13T20:00:00Z,2.572222219573127
2017-06-13T21:00:00Z,2.4136111059122616
2017-06-13T22:00:00Z,1.004722224134538
2017-06-13T23:00:00Z,1.1916666665217943
2017-06-14T00:00:00Z,1.2288888895263275
2017-06-14T01:00:00Z,1.0647222222139439
2017-06-14T02:00:00Z,1.122777780310975
2017-06-14T03:00:00Z,1.5986111061440573
2017-06-14T04:00:00Z,1.4936111076010599
2017-06-14T05:00:00Z,1.2663888887398773
2017-06-14T06:00:00Z,1.7022222189439669
2017-06-14T07:00:00Z,2.0036111012929014
2017-06-14T08:00:00Z,2.538333326909277
2017-06-14T09:00:00Z,3.2941666699118084
2017-06-14T10:00:00Z,3.852777769830492
2017-06-14T11:00:00Z,3.9777777747975454
2017-06-14T12:00:00Z,4.6133333356844055
2017-06-14T13:00:00Z,4.333333331677649
2017-06-14T14:00:00Z,4.136111104488373
2017-06-14T15:00:00Z,4.014722214804755
2017-06-14T16:00:00Z,3.878611104024781
2017-06-14T17:00:00Z,3.78138888809416
2017-06-14T18:00:00Z,2.8091666638851165
2017-06-14T19:00:00Z,2.7641666634215247
2017-06-14T20:00:00Z,2.8072222159968483
2017-06-14T21:00:00Z,2.8808333347241084
2017-06-14T22:00:00Z,2.034999989138709
2017-06-14T23:00:00Z,1.4549999978807238
2017-06-15T00:00:00Z,0.7977777807869845
2017-06-15T01:00:00Z,1.0008333333457509
2017-06-15T02:00:00Z,1.0311111106226842
2017-06-15T03:00:00Z,1.1080555591939225
2017-06-15T04:00:00Z,1.8163888863391346
2017-06-15T05:00:00Z,0.7655555580225256
2017-06-15T06:00:00Z,1.9408333281055092
2017-06-15T07:00:00Z,3.2288888818687864
2017-06-15T08:00:00Z,4.158611104223463
2017-06-15T09:00:00Z,5.693888891405529
2017-06-15T10:00:00Z,5.656111128462685
2017-06-15T11:00:00Z,5.740000010861291
2017-06-15T12:00:00Z,6.035833347505993
2017-06-15T13:00:00Z,6.658333330684238
2017-06-15T14:00:00Z,6.506111118528578
2017-06-15T15:00:00Z,6.65250001417266
2017-06-15T16:00:00Z,6.534444455305735
2017-06-15T17:00:00Z,5.953611112303204
2017-06-15T18:00:00Z,5.69694443874889
2017-06-15T19:00:00Z,5.4741666747464075
2017-06-15T20:00:00Z,3.567222219043308
2017-06-15T21:00:00Z,4.657499989536073
2017-06-15T22:00:00Z,4.077222216791577
2017-06-15T23:00:00Z,3.5175000031789145
2017-06-16T00:00:00Z,2.640555554297235
2017-06-16T01:00:00Z,2.991388890478346
2017-06-16T02:00:00Z,3.4986111068063313
2017-06-16T03:00:00Z,3.155000001192093
2017-06-16T04:00:00Z,1.7086111065207257
2017-06-16T05:00:00Z,2.2905555506547293
2017-06-16T06:00:00Z,3.1024999886751177
2017-06-16T07:00:00Z,3.832499999139044
2017-06-16T08:00:00Z,4.3744444343778826
2017-06-16T09:00:00Z,3.8805555482705434
2017-06-16T10:00:00Z,4.484166667527623
2017-06-16T11:00:00Z,4.880555550257365
2017-06-16T12:00:00Z,4.8927777787049616
2017-06-16T13:00:00Z,5.28833334379726
2017-06-16T14:00:00Z,5.528055560588837
2017-06-16T15:00:00Z,5.414722226725685
2017-06-16T16:00:00Z,5.22138889365726
2017-06-16T17:00:00Z,5.228055552641551
2017-06-16T18:00:00Z,4.098055559065607
2017-06-16T19:00:00Z,3.0299999998675453
2017-06-16T20:00:00Z,1.9741666631566153
2017-06-16T21:00:00Z,3.181944443119897
2017-06-16T22:00:00Z,3.319166670242945
2017-06-16T23:00:00Z,2.8238888889551164
2017-06-17T00:00:00Z,2.6880555573229987
2017-06-17T01:00:00Z,2.281944441029595
2017-06-17T02:00:00Z,1.4613888884377149
2017-06-17T03:00:00Z,1.8030555518964926
2017-06-17T04:00:00Z,1.9047222154008017
2017-06-17T05:00:00Z,1.7024999956289928
2017-06-17T06:00:00Z,2.0711110999186833
2017-06-17T07:00:00Z,1.3724999979759256
2017-06-17T08:00:00Z,1.5466666636367639
2017-06-17T09:00:00Z,1.8469444384384486
2017-06-17T10:00:00Z,1.8508333310277925
2017-06-17T11:00:00Z,2.1938888880941603
2017-06-17T12:00:00Z,2.6008333341735934
2017-06-17T13:00:00Z,2.6250000001034803
2017-06-17T14:00:00Z,2.7952777715192902
2017-06-17T15:00:00Z,2.789722217619419
2017-06-17T16:00:00Z,2.61027777923478
2017-06-17T17:00:00Z,3.115833342075348
2017-06-17T18:00:00Z,2.546666664381822
2017-06-17T19:00:00Z,2.0963888860411113
2017-06-17T20:00:00Z,2.732777780956692
2017-06-17T21:00:00Z,2.0072222102019524
2017-06-17T22:00:00Z,0.33472222491270964
2017-06-17T23:00:00Z,0.5780555586020152
2017-06-18T00:00:00Z,0.7513888919932975
2017-06-18T01:00:00Z,0.8447222239027421
2017-06-18T02:00:00Z,0.3766666705409686
2017-06-18T03:00:00Z,0.5263888941870796
2017-06-18T04:00:00Z,0.7236111148777935
2017-06-18T05:00:00Z,0.5363888938186897
2017-06-18T06:00:00Z,0.4577777803978986
2017-06-18T07:00:00Z,0.4455555596699317
2017-06-18T08:00:00Z,1.0861111130565404
2017-06-18T09:00:00Z,1.005000001647406
2017-06-18T10:00:00Z,1.2444444458931685
2017-06-18T11:00:00Z,1.0816666659795575
2017-06-18T12:00:00Z,1.231111113064819
2017-06-18T13:00:00Z,1.1666666679705182
2017-06-18T14:00:00Z,1.606944440346625
2017-06-18T15:00:00Z,0.9166666680533025
2017-06-18T16:00:00Z,1.3727777806835042
2017-06-18T17:00:00Z,2.544999993675285
2017-06-18T18:00:00Z,2.942777780029509
2017-06-18T19:00:00Z,2.7480555617147022
2017-06-18T20:00:00Z,1.3874999976820417
2017-06-18T21:00:00Z,0.28916666925781304
2017-06-18T22:00:00Z,0.971111110639241
2017-06-18T23:00:00Z,1.4680555510852071
2017-06-19T00:00:00Z,1.6699999935097165
2017-06-19T01:00:00Z,1.5466666633884112
2017-06-19T02:00:00Z,1.7197222168246904
2017-06-19T03:00:00Z,1.8999999930461249
2017-06-19T04:00:00Z,1.2486111112352876
2017-06-19T05:00:00Z,1.2186111115747027
2017-06-19T06:00:00Z,1.5994444376892514
2017-06-19T07:00:00Z,1.6169444374326203
2017-06-19T08:00:00Z,1.6038888837935197
2017-06-19T09:00:00Z,1.9030555544628038
2017-06-19T10:00:00Z,1.9911111030520665
2017-06-19T11:00:00Z,1.9855555572029617
2017-06-19T12:00:00Z,1.9325000072932905
2017-06-19T13:00:00Z,1.7894444425486855
2017-06-19T14:00:00Z,1.2888888893855943
2017-06-19T15:00:00Z,1.8772222234764033
2017-06-19T16:00:00Z,2.9888888872332044
2017-06-19T17:00:00Z,3.1316666613022486
2017-06-19T18:00:00Z,2.45277777645323
2017-06-19T19:00:00Z,2.1230555458201303
2017-06-19T20:00:00Z,0.7441666666418314
2017-06-19T21:00:00Z,1.882499989370505
2017-06-19T22:00:00Z,0.670555559028354
2017-06-19T23:00:00Z,0.8575000033196476
2017-06-20T00:00:00Z,1.7316666644480494
2017-06-20T01:00:00Z,1.0644444458393587
2017-06-20T02:00:00Z,0.8233333344467813
2017-06-20T03:00:00Z,0.36777777990533245
2017-06-20T04:00:00Z,0.5677777789533138
2017-06-20T05:00:00Z,0.7711111144059234
2017-06-20T06:00:00Z,1.2641666657187873
2017-06-20T07:00:00Z,1.4258333283580011
2017-06-20T08:00:00Z,1.2386111130317052
2017-06-20T09:00:00Z,2.634444448724389
2017-06-20T10:00:00Z,3.5594444397423004
2017-06-20T11:00:00Z,3.3050000075664787
2017-06-20T12:00:00Z,2.6508333320625956
2017-06-20T13:00:00Z,2.03194444278876
2017-06-20T14:00:00Z,2.0441666706775625
2017-06-20T15:00:00Z,2.325277773456441
2017-06-20T16:00:00Z,2.2294444450901616
2017-06-20T17:00:00Z,2.317499996142255
2017-06-20T18:00:00Z,2.6963888900147546
2017-06-20T19:00:00Z,1.8091666594147682
2017-06-20T20:00:00Z,0.9991666693240404
2017-06-20T21:00:00Z,1.4611111058336166
2017-06-20T22:00:00Z,2.631388885113928
2017-06-20T23:00:00Z,3.260555546813541
2017-06-21T00:00:00Z,2.850555552707778
2017-06-21T01:00:00Z,2.5033333311478296
2017-06-21T02:00:00Z,2.8897222224209043
2017-06-21T03:00:00Z,2.997777775261137
2017-06-21T04:00:00Z,3.3302777773804135
2017-06-21T05:00:00Z,3.6794444408681657
2017-06-21T06:00:00Z,3.9013888955116274
2017-06-21T07:00:00Z,3.7527777781089147
2017-06-21T08:00:00Z,2.7997222188446256
2017-06-21T09:00:00Z,2.475833330468999
2017-06-21T10:00:00Z,2.4863888796832825
2017-06-21T11:00:00Z,2.4327777739200327
2017-06-21T12:00:00Z,3.690833327174187
2017-06-21T13:00:00Z,4.3325000001324545
2017-06-21T14:00:00Z,4.581111116541757
2017-06-21T15:00:00Z,4.418888891074393
2017-06-21T16:00:00Z,3.8450000001324547
2017-06-21T17:00:00Z,3.938888887564341
2017-06-21T18:00:00Z,3.7202777789698707
2017-06-21T19:00:00Z,3.653611116276847
2017-06-21T20:00:00Z,3.810555562708113
2017-06-21T21:00:00Z,3.00888889696863
2017-06-21T22:00:00Z,3.4688889000150893
2017-06-21T23:00:00Z,3.1227777719497682
2017-06-22T00:00:00Z,2.978333338101705
2017-06-22T01:00:00Z,3.1361111104488373
2017-06-22T02:00:00Z,3.9066666689183975
2017-06-22T03:00:00Z,3.5294444418615765
2017-06-22T04:00:00Z,3.61166666911708
2017-06-22T05:00:00Z,3.356944445437855
2017-06-22T06:00:00Z,3.3416666623618867
2017-06-22T07:00:00Z,4.810555557409923
2017-06-22T08:00:00Z,4.855277768770853
2017-06-22T09:00:00Z,6.524999999337727
2017-06-22T10:00:00Z,6.5308333310816025
2017-06-22T11:00:00Z,5.932222219308217
2017-06-22T12:00:00Z,6.333611118131214
2017-06-22T13:00:00Z,5.997222239441342
2017-06-22T14:00:00Z,6.821388898293177
2017-06-22T15:00:00Z,6.307500000132455
2017-06-22T16:00:00Z,6.029444448815452
2017-06-22T17:00:00Z,4.791111108991835
2017-06-22T18:00:00Z,4.450555540455712
2017-06-22T19:00:00Z,3.7036111166079837
2017-06-22T20:00:00Z,3.2205555462174944
2017-06-22T21:00:00Z,3.4097222288449607
2017-06-22T22:00:00Z,3.1891666677263046
2017-06-22T23:00:00Z,3.0363888853126104
2017-06-23T00:00:00Z,2.6027777718173133
2017-06-23T01:00:00Z,3.532499999470181
2017-06-23T02:00:00Z,4.069999996158812
2017-06-23T03:00:00Z,3.67222222354677
2017-06-23T04:00:00Z,4.108888885709974
2017-06-23T05:00:00Z,3.6299999949004915
2017-06-23T06:00:00Z,5.328888871934679
2017-06-23T07:00:00Z,5.972777785857518
2017-06-23T08:00:00Z,7.064722210831112
2017-06-23T09:00:00Z,6.6975000070201025
2017-06-23T10:00:00Z,6.351944441927804
2017-06-23T11:00:00Z,6.457499997483359
2017-06-23T12:00:00Z,7.065833343399896
2017-06-23T13:00:00Z,5.74888888531261
2017-06-23T14:00:00Z,5.824444443649716
2017-06-23T15:00:00Z,5.958888889021344
2017-06-23T16:00:00Z,5.965555557277468
2017-06-23T17:00:00Z,6.124722227785322
2017-06-23T18:00:00Z,5.9041666739516785
2017-06-23T19:00:00Z,6.225000001324547
2017-06-23T20:00:00Z,5.319999998145633
2017-06-23T21:00:00Z,4.918611118528578
2017-06-23T22:00:00Z,5.264444444576899
2017-06-23T23:00:00Z,4.423055552111732
2017-06-24T00:00:00Z,5.20999999973509
2017-06-24T01:00:00Z,4.787500005960465
2017-06-24T02:00:00Z,4.749999986754523
2017-06-24T03:00:00Z,5.293055552244186
2017-06-24T04:00:00Z,4.77277777393659
2017-06-24T05:00:00Z,4.5741666648123
2017-06-24T06:00:00Z,4.732777771022585
2017-06-24T07:00:00Z,4.850277766916487
2017-06-24T08:00:00Z,4.979444446166356
2017-06-24T09:00:00Z,4.967222217056486
2017-06-24T10:00:00Z,5.277222216129303
2017-06-24T11:00:00Z,5.016666659381655
2017-06-24T12:00:00Z,5.18472221493721
2017-06-24T13:00:00Z,5.6375
2017-06-24T14:00:00Z,5.176111111376021
2017-06-24T15:00:00Z,5.847777771949768
2017-06-24T16:00:00Z,5.801944443252352
2017-06-24T17:00:00Z,5.134166674481498
2017-06-24T18:00:00Z,3.4822222229507234
2017-06-24T19:00:00Z,3.2158333255185023
2017-06-24T20:00:00Z,2.722222218910853
2017-06-24T21:00:00Z,2.9136111083957883
2017-06-24T22:00:00Z,3.5794444421927136
2017-06-24T23:00:00Z,3.928888890478346
2017-06-25T00:00:00Z,4.061388885974884
2017-06-25T01:00:00Z,3.564999998278088
2017-06-25T02:00:00Z,3.1805555469459956
2017-06-25T03:00:00Z,3.1180555512507757
2017-06-25T04:00:00Z,3.2630555580059686
2017-06-25T05:00:00Z,2.918611109919018
2017-06-25T06:00:00Z,3.778055555621783
2017-06-25T07:00:00Z,4.0905555556217825
2017-06-25T08:00:00Z,5.378611113627752
2017-06-25T09:00:00Z,6.448055576615864
2017-06-25T10:00:00Z,6.792222225003773
2017-06-25T11:00:00Z,6.6030555685361225
2017-06-25T12:00:00Z,6.757222216659122
2017-06-25T13:00:00Z,6.348333339558708
2017-06-25T14:00:00Z,6.481111117204031
2017-06-25T15:00:00Z,6.395277781618966
2017-06-25T16:00:00Z,6.156111121839947
2017-06-25T17:00:00Z,5.672222218910853
2017-06-25T18:00:00Z,4.893611115879483
2017-06-25T19:00:00Z,3.669722220632765
2017-06-25T20:00:00Z,2.7869444410006206
2017-06-25T21:00:00Z,1.9772222210963568
2017-06-25T22:00:00Z,2.0219444390800265
2017-06-25T23:00:00Z,1.730833332737287
2017-06-26T00:00:00Z,2.2241666624943415
2017-06-26T01:00:00Z,1.5636111050844193
2017-06-26T02:00:00Z,1.1394444442664584
2017-06-26T03:00:00Z,1.1702777766105201
2017-06-26T04:00:00Z,1.3291666659630008
2017-06-26T05:00:00Z,1.1113888882100582
2017-06-26T06:00:00Z,1.4333333327538438
2017-06-26T07:00:00Z,2.913333338664638
2017-06-26T08:00:00Z,2.914444433980518
2017-06-26T09:00:00Z,2.5111111074065167
2017-06-26T10:00:00Z,1.9480555540985531
2017-06-26T11:00:00Z,2.1136111073195933
2017-06-26T12:00:00Z,1.641666664245228
2017-06-26T13:00:00Z,1.8349999992383852
2017-06-26T14:00:00Z,1.4916666653421191
2017-06-26T15:00:00Z,1.3561111108089487
2017-06-26T16:00:00Z,2.415833325187365
2017-06-26T17:00:00Z,2.461111110614406
2017-06-26T18:00:00Z,3.4861111101177005
2017-06-26T19:00:00Z,2.360555550787184
2017-06-26T20:00:00Z,2.1552777737379074
2017-06-26T21:00:00Z,1.390833332017064
2017-06-26T22:00:00Z,0.9516666690508525
2017-06-26T23:00:00Z,1.1741666675027873
2017-06-27T00:00:00Z,1.4275000013824966
2017-06-27T01:00:00Z,1.4688888856934177
2017-06-27T02:00:00Z,1.3666666655904718
2017-06-27T03:00:00Z,1.5888888870676359
2017-06-27T04:00:00Z,2.063888878789213
2017-06-27T05:00:00Z,1.7463888838059372
2017-06-27T06:00:00Z,1.6111111140085592
2017-06-27T07:00:00Z,1.7344444420602587
2017-06-27T08:00:00Z,2.33777777519491
2017-06-27T09:00:00Z,2.14027777430084
2017-06-27T10:00:00Z,1.6544444402265879
2017-06-27T11:00:00Z,1.527222218302389
2017-06-27T12:00:00Z,1.2925000009437402
2017-06-27T13:00:00Z,0.6333333365619183
2017-06-27T14:00:00Z,1.610555551159713
2017-06-27T15:00:00Z,0.8569444465761383
2017-06-27T16:00:00Z,0.5783333358665307
2017-06-27T17:00:00Z,1.0230555574306184
2017-06-27T18:00:00Z,0.68500000393639
2017-06-27T19:00:00Z,0.10722222392343812
2017-06-27T20:00:00Z,0.5136111147080858
2017-06-27T21:00:00Z,1.696666661484374
2017-06-27T22:00:00Z,1.9069444418781334
2017-06-27T23:00:00Z,1.7747222184307045
2017-06-28T00:00:00Z,1.3300000005298191
2017-06-28T01:00:00Z,1.4122222209970157
2017-06-28T02:00:00Z,1.8924999988741344
2017-06-28T03:00:00Z,2.4880555477407245
2017-06-28T04:00:00Z,2.361111103494962
2017-06-28T05:00:00Z,1.9527777739697032
2017-06-28T06:00:00Z,2.5297222197055818
2017-06-28T07:00:00Z,3.0999999983443156
2017-06-28T08:00:00Z,3.2191666616333854
2017-06-28T09:00:00Z,3.0941666626267965
2017-06-28T10:00:00Z,3.7805555552244186
2017-06-28T11:00:00Z,3.3949999978144962
2017-06-28T12:00:00Z,3.169999994006422
2017-06-28T13:00:00Z,3.4997222234805423
2017-06-28T14:00:00Z,4.126666664746073
2017-06-28T15:00:00Z,4.4727777792347805
2017-06-28T16:00:00Z,4.376666663421525
2017-06-28T17:00:00Z,3.7272222210963566
2017-06-28T18:00:00Z,3.869722225268682
2017-06-28T19:00:00Z,3.373055558072196
2017-06-28T20:00:00Z,2.9294444464974934
2017-06-28T21:00:00Z,2.365277768505944
2017-06-28T22:00:00Z,1.4774999989403619
2017-06-28T23:00:00Z,1.778611110109422
2017-06-29T00:00:00Z,1.15138888851636
2017-06-29T01:00:00Z,0.968888891239961
2017-06-29T02:00:00Z,1.2608333357092407
2017-06-29T03:00:00Z,0.9180555587013562
2017-06-29T04:00:00Z,1.3216666660375065
2017-06-29T05:00:00Z,1.5263888873159885
2017-06-29T06:00:00Z,1.9697222159968482
2017-06-29T07:00:00Z,1.9852777702940836
2017-06-29T08:00:00Z,1.8999999948673778
2017-06-29T09:00:00Z,2.631388887928592
2017-06-29T10:00:00Z,2.561944436199135
2017-06-29T11:00:00Z,3.1091666675276226
2017-06-29T12:00:00Z,2.5772222191095353
2017-06-29T13:00:00Z,2.7266666660706202
2017-06-29T14:00:00Z,2.379444438881344
2017-06-29T15:00:00Z,1.6216666620638636
2017-06-29T16:00:00Z,1.5949999963243802
2017-06-29T17:00:00Z,1.3475000025497543
2017-06-29T18:00:00Z,1.219166666517655
2017-06-29T19:00:00Z,1.1469444448749224
2017-06-29T20:00:00Z,0.4922222262662318
2017-06-29T21:00:00Z,0.3427777825958199
2017-06-29T22:00:00Z,0.8052777818921539
2017-06-29T23:00:00Z,1.1005555571781265
2017-06-30T00:00:00Z,1.031944443616602
2017-06-30T01:00:00Z,1.053333333796925
2017-06-30T02:00:00Z,1.1838888863722483
2017-06-30T03:00:00Z,1.3080555541647805
2017-06-30T04:00:00Z,1.386111109620995
2017-06-30T05:00:00Z,1.3249999970197677
2017-06-30T06:00:00Z,1.7002777746982045
2017-06-30T07:00:00Z,2.3211111115084755
2017-06-30T08:00:00Z,2.028333328271078
2017-06-30T09:00:00Z,1.7424999949418836
2017-06-30T10:00:00Z,1.7569444414228201
2017-06-30T11:00:00Z,1.772777774805824
2017-06-30T12:00:00Z,1.6974999968583384
2017-06-30T13:00:00Z,2.361111106723547
2017-06-30T14:00:00Z,2.7897222208687
2017-06-30T15:00:00Z,3.1672222127517062
2017-06-30T16:00:00Z,3.356388884451654
2017-06-30T17:00:00Z,3.9616666581895617
2017-06-30T18:00:00Z,3.9611110975344976
2017-06-30T19:00:00Z,3.9199999984767704
2017-06-30T20:00:00Z,3.0341666589180627
2017-06-30T21:00:00Z,3.136388881670104
2017-06-30T22:00:00Z,2.797500000728501
2017-06-30T23:00:00Z,3.3844444384177526
2017-07-01T00:00:00Z,3.359722219573127
2017-07-01T01:00:00Z,4.266388885180155
2017-07-01T02:00:00Z,3.7855555557542377
2017-07-01T03:00:00Z,3.7736111127667957
2017-07-01T04:00:00Z,2.96722222202354
2017-07-01T05:00:00Z,3.372777772943179
2017-07-01T06:00:00Z,3.3891666614347034
2017-07-01T07:00:00Z,3.5455555535025067
2017-07-01T08:00:00Z,3.7505555583371057
2017-07-01T09:00:00Z,4.021944441397985
2017-07-01T10:00:00Z,4.38138889239894
2017-07-01T11:00:00Z,3.957222223944134
2017-07-01T12:00:00Z,4.414166662428114
2017-07-01T13:00:00Z,3.757222215996848
2017-07-01T14:00:00Z,3.4741666674613954
2017-07-01T15:00:00Z,5.289444437291887
2017-07-01T16:00:00Z,6.230833343664805
2017-07-01T17:00:00Z,5.596388895644082
2017-07-01T18:00:00Z,5.609444450007545
2017-07-01T19:00:00Z,5.32527777089013
2017-07-01T20:00:00Z,4.489166671368811
2017-07-01T21:00:00Z,3.8530555506547293
2017-07-01T22:00:00Z,3.940833334790336
2017-07-01T23:00:00Z,3.299166665143437
2017-07-02T00:00:00Z,3.2563888801468743
2017-07-02T01:00:00Z,2.8069444394773906
2017-07-02T02:00:00Z,2.744722219970491
2017-07-02T03:00:00Z,2.6194444338480634
2017-07-02T04:00:00Z,2.769166668918398
2017-07-02T05:00:00Z,3.9713888976309035
2017-07-02T06:00:00Z,4.550555547740724
2017-07-02T07:00:00Z,4.544722223281861
2017-07-02T08:00:00Z,3.4200000007947287
2017-07-02T09:00:00Z,3.264166661620968
2017-07-02T10:00:00Z,3.075555553701189
2017-07-02T11:00:00Z,3.355000001192093
2017-07-02T12:00:00Z,3.3905555525173745
2017-07-02T13:00:00Z,3.221111111342907
2017-07-02T14:00:00Z,3.158055550687843
2017-07-02T15:00:00Z,2.871666671335697
2017-07-02T16:00:00Z,2.6891666617658405
2017-07-02T17:00:00Z,2.9938888875974548
2017-07-02T18:00:00Z,3.206666668256124
2017-07-02T19:00:00Z,3.364444444576899
2017-07-02T20:00:00Z,2.9958333336644705
2017-07-02T21:00:00Z,2.3974999950991736
2017-07-02T22:00:00Z,1.76999999475148
2017-07-02T23:00:00Z,1.2263888846461972
2017-07-03T00:00:00Z,1.6561111097534498
2017-07-03T01:00:00Z,2.382777773009406
2017-07-03T02:00:00Z,2.2636111011107762
2017-07-03T03:00:00Z,1.9244444373581144
2017-07-03T04:00:00Z,2.2880555553568733
2017-07-03T05:00:00Z,2.5288888876636824
2017-07-03T06:00:00Z,2.8313888837893804
2017-07-03T07:00:00Z,3.535277771618631
2017-07-03T08:00:00Z,4.127499996291267
2017-07-03T09:00:00Z,4.864722224738863
2017-07-03T10:00:00Z,4.731388875179821
2017-07-03T11:00:00Z,4.338055552045504
2017-07-03T12:00:00Z,4.584166668521034
2017-07-03T13:00:00Z,4.634722210632431
2017-07-03T14:00:00Z,5.4827777630752985
2017-07-03T15:00:00Z,5.353888885842429
2017-07-03T16:00:00Z,5.8280555579397415
2017-07-03T17:00:00Z,5.036944446298811
2017-07-03T18:00:00Z,4.563611109389199
2017-07-03T19:00:00Z,3.3450000011258654
2017-07-03T20:00:00Z,2.502500000430478
2017-07-03T21:00:00Z,2.2930555456214483
2017-07-03T22:00:00Z,2.4247222208314474
2017-07-03T23:00:00Z,2.690277780426873
2017-07-04T00:00:00Z,2.2444444328546522
2017-07-04T01:00:00Z,2.39138889114062
2017-07-04T02:00:00Z,1.8338888810740577
2017-07-04T03:00:00Z,1.3597222240434752
2017-07-04T04:00:00Z,1.2275000052319633
2017-07-04T05:00:00Z,1.0425000050415596
2017-07-04T06:00:00Z,1.327222223745452
2017-07-04T07:00:00Z,1.9394444381197293
2017-07-04T08:00:00Z,2.533611109521654
2017-07-04T09:00:00Z,2.4194444404708015
2017-07-04T10:00:00Z,3.073333331942558
2017-07-04T11:00:00Z,3.3588888807429207
2017-07-04T12:00:00Z,3.2272222220897673
2017-07-04T13:00:00Z,3.102499995132287
2017-07-04T14:00:00Z,2.896944444295433
2017-07-04T15:00:00Z,2.753055556284057
2017-07-04T16:00:00Z,3.2005555497275457
2017-07-04T17:00:00Z,3.058611109190517
2017-07-04T18:00:00Z,2.9488888806766935
2017-07-04T19:00:00Z,2.6872222148709826
2017-07-04T20:00:00Z,2.5930555469459957
2017-07-04T21:00:00Z,2.206944438152843
2017-07-04T22:00:00Z,2.233611105548011
2017-07-04T23:00:00Z,1.90972221063243
2017-07-05T00:00:00Z,0.9038888925893439
2017-07-05T01:00:00Z,0.9330555583453841
2017-07-05T02:00:00Z,0.876666670706537
2017-07-05T03:00:00Z,0.7516666687818037
2017-07-05T04:00:00Z,0.5558333344757557
2017-07-05T05:00:00Z,0.9769444468948576
2017-07-05T06:00:00Z,0.9427777795534995
2017-07-05T07:00:00Z,2.3883333262470035
2017-07-05T08:00:00Z,2.413611104008224
2017-07-05T09:00:00Z,2.1183333344964517
2017-07-05T10:00:00Z,1.801944444825252
2017-07-05T11:00:00Z,1.8275000002028214
2017-07-05T12:00:00Z,1.649444438268741
2017-07-05T13:00:00Z,1.9544444437863098
2017-07-05T14:00:00Z,1.4677777792223625
2017-07-05T15:00:00Z,3.097222216696375
2017-07-05T16:00:00Z,3.995277777314186
2017-07-05T17:00:00Z,3.5549999949004913
2017-07-05T18:00:00Z,2.8286111103163827
2017-07-05T19:00:00Z,1.7638888878954782
2017-07-05T20:00:00Z,1.4119444411247968
2017-07-05T21:00:00Z,1.512499997764826
2017-07-05T22:00:00Z,1.457500002698766
2017-07-05T23:00:00Z,0.9763888879161742
2017-07-06T00:00:00Z,1.2966666660375066
2017-07-06T01:00:00Z,0.9741666686824626
2017-07-06T02:00:00Z,1.5133333320418993
2017-07-06T03:00:00Z,1.86833332594898
2017-07-06T04:00:00Z,2.0761111050844194
2017-07-06T05:00:00Z,2.1097222157650526
2017-07-06T06:00:00Z,1.738611107505858
2017-07-06T07:00:00Z,2.3455555535025066
2017-07-06T08:00:00Z,2.007777772926622
2017-07-06T09:00:00Z,1.5005555520455043
2017-07-06T10:00:00Z,1.5216666690384348
2017-07-06T11:00:00Z,1.459166664402518
2017-07-06T12:00:00Z,2.1258333305724793
2017-07-06T13:00:00Z,2.678333333465788
2017-07-06T14:00:00Z,3.5705555588006974
2017-07-06T15:00:00Z,3.9211111118396125
2017-07-06T16:00:00Z,3.8769444445768992
2017-07-06T17:00:00Z,3.9897222177849874
2017-07-06T18:00:00Z,4.61916665898429
2017-07-06T19:00:00Z,3.9497222205003104
2017-07-06T20:00:00Z,3.399722222487132
2017-07-06T21:00:00Z,3.106111115548346
2017-07-06T22:00:00Z,3.3236111058129203
2017-07-06T23:00:00Z,3.11444444126553
2017-07-07T00:00:00Z,2.69361110760106
2017-07-07T01:00:00Z,2.6847222162617577
2017-07-07T02:00:00Z,2.4541666663355297
2017-07-07T03:00:00Z,2.7780555576086043
2017-07-07T04:00:00Z,2.333055550853411
2017-07-07T05:00:00Z,2.117499996887313
2017-07-07T06:00:00Z,2.3174999942382177
2017-07-07T07:00:00Z,2.4952777706914477
2017-07-07T08:00:00Z,2.7736111104488375
2017-07-07T09:00:00Z,2.555833328763644
2017-07-07T10:00:00Z,3.6836111148198447
2017-07-07T11:00:00Z,3.6980555521117315
2017-07-07T12:00:00Z,4.062499997516473
2017-07-07T13:00:00Z,4.306388889087571
2017-07-07T14:00:00Z,4.809722222222222
2017-07-07T15:00:00Z,5.196111110846202
2017-07-07T16:00:00Z,5.211666661500931
2017-07-07T17:00:00Z,6.050833334525426
2017-07-07T18:00:00Z,6.050555557012558
2017-07-07T19:00:00Z,4.426666667064031
2017-07-07T20:00:00Z,3.516111115614573
2017-07-07T21:00:00Z,3.0097222245401807
2017-07-07T22:00:00Z,1.7888888879782623
2017-07-07T23:00:00Z,1.830833327770233
2017-07-08T00:00:00Z,1.1897222198752893
2017-07-08T01:00:00Z,1.316944444200231
2017-07-08T02:00:00Z,1.413333331214057
2017-07-08T03:00:00Z,1.7358333285484049
2017-07-08T04:00:00Z,1.573888885602355
2017-07-08T05:00:00Z,1.7169444410337342
2017-07-08T06:00:00Z,2.25777777367168
2017-07-08T07:00:00Z,3.0758333295583724
2017-07-08T08:00:00Z,2.873888885974884
2017-07-08T09:00:00Z,2.313611106015742
2017-07-08T10:00:00Z,2.269999994337559
2017-07-08T11:00:00Z,1.6527777788746687
2017-07-08T12:00:00Z,1.5958333302082286
2017-07-08T13:00:00Z,1.5313888882390327
2017-07-08T14:00:00Z,2.3911111088469625
2017-07-08T15:00:00Z,2.123888882332378
2017-07-08T16:00:00Z,2.6488888818563687
2017-07-08T17:00:00Z,2.594722216990259
2017-07-08T18:00:00Z,1.6183333257834116
2017-07-08T19:00:00Z,1.5986111066407627
2017-07-08T20:00:00Z,1.289166664580504
2017-07-08T21:00:00Z,1.599166668496198
2017-07-08T22:00:00Z,1.300277777388692
2017-07-08T23:00:00Z,0.677777782206734
2017-07-09T00:00:00Z,0.3147222261875868
2017-07-09T01:00:00Z,0.24055555847783883
2017-07-09T02:00:00Z,0.3275000038039353
2017-07-09T03:00:00Z,1.0080555562550824
2017-07-09T04:00:00Z,1.5538888871255847
2017-07-09T05:00:00Z,0.796111113888522
2017-07-09T06:00:00Z,1.3233333349641827
2017-07-09T07:00:00Z,3.0547222230169506
2017-07-09T08:00:00Z,2.8688888889220028
2017-07-09T09:00:00Z,2.7766666678918734
2017-07-09T10:00:00Z,3.1852777803937595
2017-07-09T11:00:00Z,4.363888883259562
2017-07-09T12:00:00Z,4.490833336446021
2017-07-09T13:00:00Z,3.7397222155498135
2017-07-09T14:00:00Z,3.7605555512838893
2017-07-09T15:00:00Z,4.3274999817212425
2017-07-09T16:00:00Z,4.336666663487752
2017-07-09T17:00:00Z,4.233333323068089
2017-07-09T18:00:00Z,3.499999996688631
2017-07-09T19:00:00Z,2.4955555535025065
2017-07-09T20:00:00Z,2.758333334326744
2017-07-09T21:00:00Z,2.692777779698372
2017-07-09T22:00:00Z,2.6058333340618347
2017-07-09T23:00:00Z,2.5502777718835405
2017-07-10T00:00:00Z,2.746666659580337
2017-07-10T01:00:00Z,2.471388880411784
2017-07-10T02:00:00Z,2.7888888898822994
2017-07-10T03:00:00Z,1.790277775294251
2017-07-10T04:00:00Z,2.3763888855775197
2017-07-10T05:00:00Z,3.3480555540985533
2017-07-10T06:00:00Z,2.8252777755260468
2017-07-10T07:00:00Z,3.832222215996848
2017-07-10T08:00:00Z,3.4655555489990446
2017-07-10T09:00:00Z,4.008611110515065
2017-07-10T10:00:00Z,4.873888890610801
2017-07-10T11:00:00Z,4.385000005695555
2017-07-10T12:00:00Z,4.8327777802944185
2017-07-10T13:00:00Z,5.010833339558707
2017-07-10T14:00:00Z,5.734444436762068
2017-07-10T15:00:00Z,6.468611111243566
2017-07-10T16:00:00Z,6.459166675143772
2017-07-10T17:00:00Z,5.971944448020723
2017-07-10T18:00:00Z,4.986944450272454
2017-07-10T19:00:00Z,4.502777773804135
2017-07-10T20:00:00Z,3.6716666675276226
2017-07-10T21:00:00Z,2.858333323730363
2017-07-10T22:00:00Z,2.2969444384177526
2017-07-10T23:00:00Z,2.7955555511845485
2017-07-11T00:00:00Z,2.231944442457623
2017-07-11T01:00:00Z,1.657222218480375
2017-07-11T02:00:00Z,2.156944441464212
2017-07-11T03:00:00Z,1.9433333310816023
2017-07-11T04:00:00Z,2.190277768837081
2017-07-11T05:00:00Z,1.7199999986423387
2017-07-11T06:00:00Z,2.2980555517805947
2017-07-11T07:00:00Z,3.3677777810229195
2017-07-11T08:00:00Z,4.164444438285297
2017-07-11T09:00:00Z,4.855000005165736
2017-07-11T10:00:00Z,4.496111105216874
2017-07-11T11:00:00Z,4.959999992450078
2017-07-11T12:00:00Z,5.974166662825478
2017-07-11T13:00:00Z,6.261388888955116
2017-07-11T14:00:00Z,5.197777785857519
2017-07-11T15:00:00Z,5.277222222089767
2017-07-11T16:00:00Z,4.037222210235066
2017-07-11T17:00:00Z,3.1008333282338247
2017-07-11T18:00:00Z,3.1974999964237214
2017-07-11T19:00:00Z,3.8349999944368998
2017-07-11T20:00:00Z,3.7672222246726355
2017-07-11T21:00:00Z,4.586666663487752
2017-07-11T22:00:00Z,4.04194444153044
2017-07-11T23:00:00Z,3.1697222196393544
2017-07-12T00:00:00Z,2.4897222177849874
2017-07-12T01:00:00Z,3.2144444468948574
2017-07-12T02:00:00Z,2.4769444353050654
2017-07-12T03:00:00Z,3.0336111115084754
2017-07-12T04:00:00Z,4.16999999847677
2017-07-12T05:00:00Z,4.988055545753903
2017-07-12T06:00:00Z,5.173611103826099
2017-07-12T07:00:00Z,4.989722225401136
2017-07-12T08:00:00Z,4.508888883060879
2017-07-12T09:00:00Z,5.067777784003152
2017-07-12T10:00:00Z,5.67805556456248
2017-07-12T11:00:00Z,4.014166662759251
2017-07-12T12:00:00Z,3.981388885776202
2017-07-12T13:00:00Z,3.4302777770492767
2017-07-12T14:00:00Z,3.7897222187783983
2017-07-12T15:00:00Z,2.9163888894849355
2017-07-12T16:00:00Z,2.185277777206567
2017-07-12T17:00:00Z,2.1066666593154273
2017-07-12T18:00:00Z,0.9150000041557683
2017-07-12T19:00:00Z,0.6352777800626225
2017-07-12T20:00:00Z,1.2502777772852116
2017-07-12T21:00:00Z,1.0961111124811902
2017-07-12T22:00:00Z,1.8177777723305755
2017-07-12T23:00:00Z,1.9849999934848812
2017-07-13T00:00:00Z,2.6783333284987343
2017-07-13T01:00:00Z,2.4088888820674685
2017-07-13T02:00:00Z,1.0758333349393474
2017-07-13T03:00:00Z,0.8861111140085591
2017-07-13T04:00:00Z,0.7072222273382875
2017-07-13T05:00:00Z,1.2522222224829926
2017-07-13T06:00:00Z,1.9063888799813058
2017-07-13T07:00:00Z,2.5711111080315376
2017-07-13T08:00:00Z,2.965277774714761
2017-07-13T09:00:00Z,2.268888890163766
2017-07-13T10:00:00Z,2.680277772847977
2017-07-13T11:00:00Z,2.735833331445853
2017-07-13T12:00:00Z,2.559166667072309
2017-07-13T13:00:00Z,3.87416666617824
2017-07-13T14:00:00Z,3.8386111022697555
2017-07-13T15:00:00Z,3.3774999970363244
2017-07-13T16:00:00Z,3.7375
2017-07-13T17:00:00Z,4.306388885445065
2017-07-13T18:00:00Z,4.711111098527908
2017-07-13T19:00:00Z,4.1213888883590695
2017-07-13T20:00:00Z,3.082222221626176
2017-07-13T21:00:00Z,2.623333328962326
2017-07-13T22:00:00Z,2.8700000001324546
2017-07-13T23:00:00Z,3.0444444431198967
2017-07-14T00:00:00Z,2.7730555577410594
2017-07-14T01:00:00Z,2.906111109256744
2017-07-14T02:00:00Z,2.676388891537984
2017-07-14T03:00:00Z,1.4938888901016778
2017-07-14T04:00:00Z,1.9116666590174038
2017-07-14T05:00:00Z,2.2283333263463443
2017-07-14T06:00:00Z,2.736111108462016
2017-07-14T07:00:00Z,5.587222219175763
2017-07-14T08:00:00Z,6.233055563105477
2017-07-14T09:00:00Z,5.869166669580672
2017-07-14T10:00:00Z,4.903333334790336
2017-07-14T11:00:00Z,4.376388891869121
2017-07-14T12:00:00Z,4.441666665673256
2017-07-14T13:00:00Z,4.408888894319534
2017-07-14T14:00:00Z,4.295277772015996
2017-07-14T15:00:00Z,4.563888888226615
2017-07-14T16:00:00Z,3.8500000043047797
2017-07-14T17:00:00Z,3.2241666667991216
2017-07-14T18:00:00Z,3.1366666595141095
2017-07-14T19:00:00Z,2.4533333233661123
2017-07-14T20:00:00Z,2.5697222193082174
2017-07-14T21:00:00Z,2.42583333088292
2017-07-14T22:00:00Z,1.9244444405866994
2017-07-14T23:00:00Z,1.7019444409343931
2017-07-15T00:00:00Z,2.0058333242105113
2017-07-15T01:00:00Z,2.0686111064420807
2017-07-15T02:00:00Z,1.6422222145729595
2017-07-15T03:00:00Z,2.0724999911255306
2017-07-15T04:00:00Z,1.845833328200711
2017-07-15T05:00:00Z,2.8152777754598195
2017-07-15T06:00:00Z,3.5266666644149356
2017-07-15T07:00:00Z,3.5894444386164346
2017-07-15T08:00:00Z,4.006388891405529
2017-07-15T09:00:00Z,3.8358333349227904
2017-07-15T10:00:00Z,4.423333326313231
2017-07-15T11:00:00Z,4.6375000023179584
2017-07-15T12:00:00Z,4.8388888763056865
2017-07-15T13:00:00Z,4.800833339823617
2017-07-15T14:00:00Z,5.065277778440052
2017-07-15T15:00:00Z,5.4041666613684765
2017-07-15T16:00:00Z,4.8105555454889934
2017-07-15T17:00:00Z,4.621944445371628
2017-07-15T18:00:00Z,4.035000004702145
2017-07-15T19:00:00Z,3.5236111054817836
2017-07-15T20:00:00Z,2.738055553701189
2017-07-15T21:00:00Z,3.1955555511845484
2017-07-15T22:00:00Z,2.545833330021964
2017-07-15T23:00:00Z,2.7197222193082173
2017-07-16T00:00:00Z,3.075277778506279
2017-07-16T01:00:00Z,3.943055545952585
2017-07-16T02:00:00Z,2.9436111089256074
2017-07-16T03:00:00Z,3.443333328763644
2017-07-16T04:00:00Z,3.1988888803455566
2017-07-16T05:00:00Z,2.9930555605226092
2017-07-16T06:00:00Z,2.9783333318101035
2017-07-16T07:00:00Z,3.20305555164814
2017-07-16T08:00:00Z,4.234722224871318
2017-07-16T09:00:00Z,4.1147222220897675
2017-07-16T10:00:00Z,4.339999996953541
2017-07-16T11:00:00Z,4.055277777380414
2017-07-16T12:00:00Z,3.598055542839898
2017-07-16T13:00:00Z,3.545833327041732
2017-07-16T14:00:00Z,3.0716666569312414
2017-07-16T15:00:00Z,3.756944451729457
2017-07-16T16:00:00Z,3.8208333320087857
2017-07-16T17:00:00Z,4.219166665607029
2017-07-16T18:00:00Z,3.8886111083957884
2017-07-16T19:00:00Z,2.4916666600439283
2017-07-16T20:00:00Z,2.311944439986514
2017-07-16T21:00:00Z,0.9411111151178678
2017-07-16T22:00:00Z,1.3561111110779973
2017-07-16T23:00:00Z,1.2775000012583202
2017-07-17T00:00:00Z,3.0408333275053234
2017-07-17T01:00:00Z,3.2455555465486317
2017-07-17T02:00:00Z,1.5747222180167835
2017-07-17T03:00:00Z,1.420277774706483
2017-07-17T04:00:00Z,1.901944440934393
2017-07-17T05:00:00Z,3.3474999960925844
2017-07-17T06:00:00Z,4.462222223811679
2017-07-17T07:00:00Z,4.499999997350905
2017-07-17T08:00:00Z,4.186111113097932
2017-07-17T09:00:00Z,4.2605555554231005
2017-07-17T10:00:00Z,4.0738888946672285
2017-07-17T11:00:00Z,3.675833323846261
2017-07-17T12:00:00Z,3.013888885267079
2017-07-17T13:00:00Z,3.2975000030464594
2017-07-17T14:00:00Z,3.7861111121045217
2017-07-17T15:00:00Z,4.626111108726925
2017-07-17T16:00:00Z,4.458888889021344
2017-07-17T17:00:00Z,3.8199999938408533
2017-07-17T18:00:00Z,2.5094444357686574
2017-07-17T19:00:00Z,1.8491666613353623
2017-07-17T20:00:00Z,1.2519444428798225
2017-07-17T21:00:00Z,1.261666664832996
2017-07-17T22:00:00Z,1.6180555500917964
2017-07-17T23:00:00Z,1.7994444400072098
2017-07-18T00:00:00Z,1.5530555528485113
2017-07-18T01:00:00Z,2.347222215599484
2017-07-18T02:00:00Z,2.3380555513832304
2017-07-18T03:00:00Z,2.2077777706914476
2017-07-18T04:00:00Z,2.490833326511913
2017-07-18T05:00:00Z,2.8102777822150125
2017-07-18T06:00:00Z,3.3666666600439283
2017-07-18T07:00:00Z,3.8847222202354006
2017-07-18T08:00:00Z,4.725277781155374
2017-07-18T09:00:00Z,5.21027777824137
2017-07-18T10:00:00Z,5.4169444421927135
2017-07-18T11:00:00Z,5.012777772876952
2017-07-18T12:00:00Z,4.133333336313566
2017-07-18T13:00:00Z,4.031111107269923
2017-07-18T14:00:00Z,4.508888896306356
2017-07-18T15:00:00Z,4.230833330750466
2017-07-18T16:00:00Z,5.321388893988398
2017-07-18T17:00:00Z,5.649722215864394
2017-07-18T18:00:00Z,4.485555562045839
2017-07-18T19:00:00Z,4.745277778638734
2017-07-18T20:00:00Z,3.629999993907081
2017-07-18T21:00:00Z,3.918611106607649
2017-07-18T22:00:00Z,5.044722219970491
2017-07-18T23:00:00Z,4.780000008477105
2017-07-19T00:00:00Z,3.769999997648928
2017-07-19T01:00:00Z,3.561666673173507
2017-07-19T02:00:00Z,4.068611113561524
2017-07-19T03:00:00Z,2.121944442867405
2017-07-19T04:00:00Z,1.1350000023634896
2017-07-19T05:00:00Z,0.7872222259847654
2017-07-19T06:00:00Z,1.9313888829615382
2017-07-19T07:00:00Z,1.9455555495288637
2017-07-19T08:00:00Z,3.038333334856563
2017-07-19T09:00:00Z,4.388055567940076
2017-07-19T10:00:00Z,5.289166665739483
2017-07-19T11:00:00Z,6.301111126608319
2017-07-19T12:00:00Z,6.6205555624432035
2017-07-19T13:00:00Z,6.267777774731318
2017-07-19T14:00:00Z,6.371944448682997
2017-07-19T15:00:00Z,6.823888905843099
2017-07-19T16:00:00Z,6.295277760426203
2017-07-19T17:00:00Z,5.4725000020530485
2017-07-19T18:00:00Z,3.5994444439808526
2017-07-19T19:00:00Z,3.7058333254522746
2017-07-19T20:00:00Z,2.644722216990259
2017-07-19T21:00:00Z,2.80694443848398
2017-07-19T22:00:00Z,2.6522222220897675
2017-07-19T23:00:00Z,1.6261111089545819
2017-07-20T00:00:00Z,2.101388883756267
2017-07-20T01:00:00Z,3.2797222180498973
2017-07-20T02:00:00Z,3.7572222193082174
2017-07-20T03:00:00Z,3.741388882199923
2017-07-20T04:00:00Z,4.420277783605788
2017-07-20T05:00:00Z,4.7005555537011885
2017-07-20T06:00:00Z,4.292777772082223
2017-07-20T07:00:00Z,4.502222226394547
2017-07-20T08:00:00Z,5.758055551184548
2017-07-20T09:00:00Z,5.728055561251111
2017-07-20T10:00:00Z,6.388611114025116
2017-07-20T11:00:00Z,6.959722225533591
2017-07-20T12:00:00Z,7.098611119058397
2017-07-20T13:00:00Z,6.716944449477726
2017-07-20T14:00:00Z,6.576666667064031
2017-07-20T15:00:00Z,5.572500006357829
2017-07-20T16:00:00Z,5.096388894981808
2017-07-20T17:00:00Z,4.251666662759251
2017-07-20T18:00:00Z,5.650555566946665
2017-07-20T19:00:00Z,4.99222220381101
2017-07-20T20:00:00Z,4.251388880941603
2017-07-20T21:00:00Z,3.934166664878527
2017-07-20T22:00:00Z,3.368888888425297
2017-07-20T23:00:00Z,2.8508333282338247
2017-07-21T00:00:00Z,2.8419444392124813
2017-07-21T01:00:00Z,4.503333325518502
2017-07-21T02:00:00Z,5.191666671964858
2017-07-21T03:00:00Z,5.413611114025116
2017-07-21T04:00:00Z,5.019999994834264
2017-07-21T05:00:00Z,5.736944450934728
2017-07-21T06:00:00Z,6.720833332671059
2017-07-21T07:00:00Z,6.822499999072817
2017-07-21T08:00:00Z,7.751388906770282
2017-07-21T09:00:00Z,8.515555563237932
2017-07-21T10:00:00Z,8.081388916571935
2017-07-21T11:00:00Z,7.201111116011938
2017-07-21T12:00:00Z,7.54111111164093
2017-07-21T13:00:00Z,7.380000017086664
2017-07-21T14:00:00Z,7.433333347903358
2017-07-21T15:00:00Z,6.8841666844156055
2017-07-21T16:00:00Z,4.964166665739484
2017-07-21T17:00:00Z,5.763055555025736
2017-07-21T18:00:00Z,5.356111119190852
2017-07-21T19:00:00Z,6.443055554893282
2017-07-21T20:00:00Z,5.244999986886978
2017-07-21T21:00:00Z,5.253333339426253
2017-07-21T22:00:00Z,3.9088888814051947
2017-07-21T23:00:00Z,2.146666658255789
2017-07-22T00:00:00Z,1.9408333270086182
2017-07-22T01:00:00Z,1.8686111104157237
2017-07-22T02:00:00Z,0.8530555562012725
2017-07-22T03:00:00Z,1.3741666725526254
2017-07-22T04:00:00Z,1.5602777754267056
2017-07-22T05:00:00Z,0.5861111127254036
2017-07-22T06:00:00Z,2.033611104885737
2017-07-22T07:00:00Z,2.6241666648123
2017-07-22T08:00:00Z,3.612499993377262
2017-07-22T09:00:00Z,4.0441666695806715
2017-07-22T10:00:00Z,3.459722219573127
2017-07-22T11:00:00Z,5.520833345254262
2017-07-22T12:00:00Z,4.63361111746894
2017-07-22T13:00:00Z,5.056666672229767
2017-07-22T14:00:00Z,4.074722220665879
2017-07-22T15:00:00Z,4.437499996688631
2017-07-22T16:00:00Z,4.847777781883876
2017-07-22T17:00:00Z,3.3738888872994317
2017-07-22T18:00:00Z,1.7886110998276208
2017-07-22T19:00:00Z,1.782777772595485
2017-07-22T20:00:00Z,1.5841666595803368
2017-07-22T21:00:00Z,1.0158333360734912
2017-07-22T22:00:00Z,1.1511111109207073
2017-07-22T23:00:00Z,0.7519444453012613
2017-07-23T00:00:00Z,0.5419444479255213
2017-07-23T01:00:00Z,0.595277780894604
2017-07-23T02:00:00Z,1.0708333355892035
2017-07-23T03:00:00Z,1.068055556797319
2017-07-23T04:00:00Z,1.611388885643747
2017-07-23T05:00:00Z,1.424722221555809
2017-07-23T06:00:00Z,1.5583333316776486
2017-07-23T07:00:00Z,1.9363888836776217
2017-07-23T08:00:00Z,2.3744444413317574
2017-07-23T09:00:00Z,3.699722222155995
2017-07-23T10:00:00Z,2.8844444422258273
2017-07-23T11:00:00Z,1.9458333293596903
2017-07-23T12:00:00Z,1.9683333350138532
2017-07-23T13:00:00Z,3.5011111127419605
2017-07-23T14:00:00Z,3.4002777685721717
2017-07-23T15:00:00Z,3.4388888931936687
2017-07-23T16:00:00Z,3.3688888867696125
2017-07-23T17:00:00Z,3.1952777753273645
2017-07-23T18:00:00Z,2.8777777751286826
2017-07-23T19:00:00Z,2.3758333279026878
2017-07-23T20:00:00Z,2.1027777668502594
2017-07-23T21:00:00Z,2.5341666675276224
2017-07-23T22:00:00Z,2.407777772678269
2017-07-23T23:00:00Z,2.651944442258941
2017-07-24T00:00:00Z,2.7486111114422482
2017-07-24T01:00:00Z,3.6069444434510336
2017-07-24T02:00:00Z,3.5947222292423247
2017-07-24T03:00:00Z,4.416666673620542
2017-07-24T04:00:00Z,4.033333331677649
2017-07-24T05:00:00Z,3.8922222319576476
2017-07-24T06:00:00Z,4.539722214473619
2017-07-24T07:00:00Z,3.9305555479394063
2017-07-24T08:00:00Z,4.212222226460775
2017-07-24T09:00:00Z,4.324444436033567
2017-07-24T10:00:00Z,5.8966666605737474
2017-07-24T11:00:00Z,5.648888883325789
2017-07-24T12:00:00Z,5.342499999867545
2017-07-24T13:00:00Z,5.171388896306356
2017-07-24T14:00:00Z,5.724166660176383
2017-07-24T15:00:00Z,5.102222225401136
2017-07-24T16:00:00Z,4.810555562045839
2017-07-24T17:00:00Z,4.746944450669819
2017-07-24T18:00:00Z,3.7133333332008784
2017-07-24T19:00:00Z,2.1105555531051423
2017-07-24T20:00:00Z,0.7052777802778615
2017-07-24T21:00:00Z,0.8236111134911577
2017-07-24T22:00:00Z,0.835555554388298
2017-07-24T23:00:00Z,1.0066666684216923
2017-07-25T00:00:00Z,1.2905555600921312
2017-07-25T01:00:00Z,1.0930555590738853
2017-07-25T02:00:00Z,1.2008333317521545
2017-07-25T03:00:00Z,1.5177777748968866
2017-07-25T04:00:00Z,1.5563888840377331
2017-07-25T05:00:00Z,1.1797222196848856
2017-07-25T06:00:00Z,0.6397222264980277
2017-07-25T07:00:00Z,2.2824999907778367
2017-07-25T08:00:00Z,2.2286111101922064
2017-07-25T09:00:00Z,2.0305555504229336
2017-07-25T10:00:00Z,2.074999999379118
2017-07-25T11:00:00Z,2.185555553353495
2017-07-25T12:00:00Z,2.3175000003435544
2017-07-25T13:00:00Z,2.1969444451439712
2017-07-25T14:00:00Z,1.8658333274432355
2017-07-25T15:00:00Z,1.8158333300716347
2017-07-25T16:00:00Z,2.8949999974833593
2017-07-25T17:00:00Z,4.350555568271213
2017-07-25T18:00:00Z,3.6099999994039536
2017-07-25T19:00:00Z,3.8305555492639543
2017-07-25T20:00:00Z,2.9749999980131787
2017-07-25T21:00:00Z,2.711388886306021
2017-07-25T22:00:00Z,2.5113888846503363
2017-07-25T23:00:00Z,2.5430555562178294
2017-07-26T00:00:00Z,2.273333324988683
2017-07-26T01:00:00Z,2.3902777711550396
2017-07-26T02:00:00Z,3.00305555595292
2017-07-26T03:00:00Z,2.917499992582533
2017-07-26T04:00:00Z,3.711944446298811
2017-07-26T05:00:00Z,4.413333335849974
2017-07-26T06:00:00Z,4.659722216261757
2017-07-26T07:00:00Z,4.932777770360311
2017-07-26T08:00:00Z,4.526388884915246
2017-07-26T09:00:00Z,4.1083333363135655
2017-07-26T10:00:00Z,3.373333332935969
2017-07-26T11:00:00Z,5.73527777923478
2017-07-26T12:00:00Z,6.84027778175142
2017-07-26T13:00:00Z,6.627500006887648
2017-07-26T14:00:00Z,7.153888891802894
2017-07-26T15:00:00Z,5.998333342870077
2017-07-26T16:00:00Z,5.972777775923411
2017-07-26T17:00:00Z,6.014166672362221
2017-07-26T18:00:00Z,5.842500001854367
2017-07-26T19:00:00Z,5.257777784930335
2017-07-26T20:00:00Z,4.482499984237883
2017-07-26T21:00:00Z,3.4525000002649096
2017-07-26T22:00:00Z,4.296388888027933
2017-07-26T23:00:00Z,3.541944443517261
2017-07-27T00:00:00Z,2.9405555533038243
2017-07-27T01:00:00Z,3.5380555543634626
2017-07-27T02:00:00Z,3.495555553833644
2017-07-27T03:00:00Z,3.3911111106475196
2017-07-27T04:00:00Z,2.843055554231008
2017-07-27T05:00:00Z,3.436111110779974
2017-07-27T06:00:00Z,3.7305555562178294
2017-07-27T07:00:00Z,4.9899999896685285
2017-07-27T08:00:00Z,3.3877777780095735
2017-07-27T09:00:00Z,5.578611114290026
2017-07-27T10:00:00Z,6.715000014834934
2017-07-27T11:00:00Z,6.374722217851215
2017-07-27T12:00:00Z,6.511944448947906
2017-07-27T13:00:00Z,6.79388889670372
2017-07-27T14:00:00Z,5.231944447755813
2017-07-27T15:00:00Z,4.901666662428114
2017-07-27T16:00:00Z,3.838611118329896
2017-07-27T17:00:00Z,4.893888889418708
2017-07-27T18:00:00Z,6.2719444559680095
2017-07-27T19:00:00Z,5.9369444410006205
2017-07-27T20:00:00Z,4.559722229507234
2017-07-27T21:00:00Z,3.8769444435834886
2017-07-27T22:00:00Z,4.475277788771523
2017-07-27T23:00:00Z,5.052500012848112
2017-07-28T00:00:00Z,5.701388890213437
2017-07-28T01:00:00Z,4.18277776506212
2017-07-28T02:00:00Z,4.178611110316383
2017-07-28T03:00:00Z,5.186944442987442
2017-07-28T04:00:00Z,5.59527778757943
2017-07-28T05:00:00Z,5.513333334525426
2017-07-28T06:00:00Z,4.879722225666046
2017-07-28T07:00:00Z,5.22777776784367
2017-07-28T08:00:00Z,5.94194443821907
2017-07-28T09:00:00Z,6.685277775261137
2017-07-28T10:00:00Z,6.886388888623979
2017-07-28T11:00:00Z,6.646944446033902
2017-07-28T12:00:00Z,7.0225000076823765
2017-07-28T13:00:00Z,6.394444444444445
2017-07-28T14:00:00Z,7.0530555599265625
2017-07-28T15:00:00Z,7.336944458882014
2017-07-28T16:00:00Z,8.22277780506346
2017-07-28T17:00:00Z,8.276111132568783
2017-07-28T18:00:00Z,7.848888903194004
2017-07-28T19:00:00Z,7.817777780691783
2017-07-28T20:00:00Z,7.736666668785943
2017-07-28T21:00:00Z,7.626388903458913
2017-07-28T22:00:00Z,7.196944439411164
2017-07-28T23:00:00Z,6.019444455703099
2017-07-29T00:00:00Z,4.800833321279949
2017-07-29T01:00:00Z,4.0180555469459955
2017-07-29T02:00:00Z,4.639444442258941
2017-07-29T03:00:00Z,2.9086111032300526
2017-07-29T04:00:00Z,2.9797222160630756
2017-07-29T05:00:00Z,3.6861111137602065
2017-07-29T06:00:00Z,4.560555554098553
2017-07-29T07:00:00Z,5.3644444419278035
2017-07-29T08:00:00Z,5.186666661500931
2017-07-29T09:00:00Z,4.611666667461395
2017-07-29T10:00:00Z,3.9141666680574416
2017-07-29T11:00:00Z,3.883611109852791
2017-07-29T12:00:00Z,3.863055553038915
2017-07-29T13:00:00Z,2.0936111081805495
2017-07-29T14:00:00Z,1.0247222222801713
2017-07-29T15:00:00Z,2.363611103594303
2017-07-29T16:00:00Z,1.6174999986257819
2017-07-29T17:00:00Z,1.8161111098196772
2017-07-29T18:00:00Z,1.2561111110779974
2017-07-29T19:00:00Z,0.6311111149274641
2017-07-29T20:00:00Z,0.9869444439394607
2017-07-29T21:00:00Z,1.9686111032962799
2017-07-29T22:00:00Z,3.7658333324723774
2017-07-29T23:00:00Z,3.7244444519281386
2017-07-30T00:00:00Z,3.9438888827959695
2017-07-30T01:00:00Z,3.284166657262378
2017-07-30T02:00:00Z,3.5927777780426875
2017-07-30T03:00:00Z,2.9158333318101035
2017-07-30T04:00:00Z,3.0238888839880627
2017-07-30T05:00:00Z,2.3538888874981136
2017-07-30T06:00:00Z,3.0922222177187604
2017-07-30T07:00:00Z,4.013055539793438
2017-07-30T08:00:00Z,5.123055572311084
2017-07-30T09:00:00Z,5.400277774201499
2017-07-30T10:00:00Z,5.932222213347753
2017-07-30T11:00:00Z,6.0830555511845485
2017-07-30T12:00:00Z,5.462499995364083
2017-07-30T13:00:00Z,7.54361110329628
2017-07-30T14:00:00Z,7.792500016424391
2017-07-30T15:00:00Z,7.828055553303825
2017-07-30T16:00:00Z,7.4994444410006205
2017-07-30T17:00:00Z,6.748888891935349
2017-07-30T18:00:00Z,5.8647222128179335
2017-07-30T19:00:00Z,5.617500007152557
2017-07-30T20:00:00Z,4.443888889418708
2017-07-30T21:00:00Z,4.097777781221602
2017-07-30T22:00:00Z,4.0886111087269255
2017-07-30T23:00:00Z,4.5044444527890946
2017-07-31T00:00:00Z,3.215277781420284
2017-07-31T01:00:00Z,3.007499992185169
2017-07-31T02:00:00Z,3.477222219109535
2017-07-31T03:00:00Z,3.1902777840693792
2017-07-31T04:00:00Z,1.9313888844516542
2017-07-31T05:00:00Z,2.2413888823654915
2017-07-31T06:00:00Z,3.6630555543634626
2017-07-31T07:00:00Z,4.029166666666667
2017-07-31T08:00:00Z,5.02222221063243
2017-07-31T09:00:00Z,4.608611114819845
2017-07-31T10:00:00Z,5.023055551780595
2017-07-31T11:00:00Z,6.324444442325168
2017-07-31T12:00:00Z,6.971666665871938
2017-07-31T13:00:00Z,6.290833340088526
2017-07-31T14:00:00Z,6.282777785592609
2017-07-31T15:00:00Z,6.138333319293128
2017-07-31T16:00:00Z,5.5369444674915735
2017-07-31T17:00:00Z,5.668611112568113
2017-07-31T18:00:00Z,3.946666657593515
2017-07-31T19:00:00Z,2.415555548667908
2017-07-31T20:00:00Z,2.779166654083464
2017-07-31T21:00:00Z,3.162499995032946
2017-07-31T22:00:00Z,2.9577777789698705
2017-07-31T23:00:00Z,2.6616666667991216
2017-08-01T00:00:00Z,1.2877777813002467
2017-08-01T01:00:00Z,1.9461111118396124
2017-08-01T02:00:00Z,1.6066666586531533
2017-08-01T03:00:00Z,1.1602777788829473
2017-08-01T04:00:00Z,1.2419444495605099
2017-08-01T05:00:00Z,1.9252777728769515
2017-08-01T06:00:00Z,2.877777781420284
2017-08-01T07:00:00Z,3.665277765194575
2017-08-01T08:00:00Z,4.261388885974884
2017-08-01T09:00:00Z,2.774722221493721
2017-08-01T10:00:00Z,4.762777772214678
2017-08-01T11:00:00Z,4.694444446431266
2017-08-01T12:00:00Z,5.30666666759385
2017-08-01T13:00:00Z,6.189166681634055
2017-08-01T14:00:00Z,6.686111116409302
2017-08-01T15:00:00Z,7.04333334962527
2017-08-01T16:00:00Z,6.13527777393659
2017-08-01T17:00:00Z,5.822499984502793
2017-08-01T18:00:00Z,4.773333324326409
2017-08-01T19:00:00Z,2.8675000061591467
2017-08-01T20:00:00Z,2.813611110713747
2017-08-01T21:00:00Z,2.7280555529726875
2017-08-01T22:00:00Z,3.658055546879768
2017-08-01T23:00:00Z,3.2372222267919115
2017-08-02T00:00:00Z,2.9419444474909042
2017-08-02T01:00:00Z,2.696666665871938
2017-08-02T02:00:00Z,3.2941666659381657
2017-08-02T03:00:00Z,3.601388885246383
2017-08-02T04:00:00Z,4.193611099653774
2017-08-02T05:00:00Z,4.511944437689252
2017-08-02T06:00:00Z,4.800833321279949
2017-08-02T07:00:00Z,5.930277776055866
2017-08-02T08:00:00Z,6.812222238381704
2017-08-02T09:00:00Z,7.0258333219422235
2017-08-02T10:00:00Z,6.8722222202354
2017-08-02T11:00:00Z,6.9261111285951404
2017-08-02T12:00:00Z,7.085277797116174
2017-08-02T13:00:00Z,7.829444456100464
2017-08-02T14:00:00Z,7.795833327372869
2017-08-02T15:00:00Z,7.808611102898916
2017-08-02T16:00:00Z,7.805555550257365
2017-08-02T17:00:00Z,7.560833339558707
2017-08-02T18:00:00Z,8.476666659779019
2017-08-02T19:00:00Z,8.652499997615815
2017-08-02T20:00:00Z,8.948611111773385
2017-08-02T21:00:00Z,7.270833337306977
2017-08-02T22:00:00Z,7.367777756849924
2017-08-02T23:00:00Z,6.635000013642841
2017-08-03T00:00:00Z,5.14499998556243
2017-08-03T01:00:00Z,4.953888878557417
2017-08-03T02:00:00Z,5.497777776585685
2017-08-03T03:00:00Z,6.87194444934527
2017-08-03T04:00:00Z,6.469166679514779
2017-08-03T05:00:00Z,7.478888885180155
2017-08-03T06:00:00Z,7.512777783473333
2017-08-03T07:00:00Z,7.576666658454471
2017-08-03T08:00:00Z,7.283333345254262
2017-08-03T09:00:00Z,7.4058333251211375
2017-08-03T10:00:00Z,8.778611131509145
2017-08-03T11:00:00Z,8.78166665898429
2017-08-03T12:00:00Z,8.85166667699814
2017-08-03T13:00:00Z,9.465555572509766
2017-08-03T14:00:00Z,8.348888863457574
2017-08-03T15:00:00Z,8.488888907432557
2017-08-03T16:00:00Z,7.612222225136227
2017-08-03T17:00:00Z,7.510277778572506
2017-08-03T18:00:00Z,6.9919444428549875
2017-08-03T19:00:00Z,6.319166672229767
2017-08-03T20:00:00Z,5.495000005430645
2017-08-03T21:00:00Z,5.463888895511627
2017-08-03T22:00:00Z,4.562777772876951
2017-08-03T23:00:00Z,4.900833329227235
2017-08-04T00:00:00Z,4.664722213480208
2017-08-04T01:00:00Z,4.4155555499924555
2017-08-04T02:00:00Z,4.971111114819845
2017-08-04T03:00:00Z,3.9591666685210334
2017-08-04T04:00:00Z,3.5391666614347033
2017-08-04T05:00:00Z,4.44638888835907
2017-08-04T06:00:00Z,4.152777783738243
2017-08-04T07:00:00Z,5.393333342340258
2017-08-04T08:00:00Z,5.400000003973643
2017-08-04T09:00:00Z,5.664166673686769
2017-08-04T10:00:00Z,5.149722216526667
2017-08-04T11:00:00Z,5.918611106607649
2017-08-04T12:00:00Z,5.50583333240615
2017-08-04T13:00:00Z,5.306944436166021
2017-08-04T14:00:00Z,5.156666652361552
2017-08-04T15:00:00Z,4.490000007218785
2017-08-04T16:00:00Z,3.4027777837382422
2017-08-04T17:00:00Z,4.653055559595426
2017-08-04T18:00:00Z,3.9094444539811875
2017-08-04T19:00:00Z,2.516666660375065
2017-08-04T20:00:00Z,2.433888888027933
2017-08-04T21:00:00Z,2.3602777709563574
2017-08-04T22:00:00Z,1.9111111084620158
2017-08-04T23:00:00Z,2.5805555542310077
2017-08-05T00:00:00Z,1.914444433649381
2017-08-05T01:00:00Z,1.6272222157981662
2017-08-05T02:00:00Z,1.8124999903970294
2017-08-05T03:00:00Z,1.1138888891993297
2017-08-05T04:00:00Z,1.4824999972350068
2017-08-05T05:00:00Z,1.7616666598452462
2017-08-05T06:00:00Z,2.457222220963902
2017-08-05T07:00:00Z,3.615000002914005
2017-08-05T08:00:00Z,4.084999998741679
2017-08-05T09:00:00Z,4.484999997085995
2017-08-05T10:00:00Z,4.424722212221887
2017-08-05T11:00:00Z,2.4480555534983677
2017-08-05T12:00:00Z,1.674166667026778
2017-08-05T13:00:00Z,5.379166673620542
2017-08-05T14:00:00Z,5.57833334406217
2017-08-05T15:00:00Z,4.985833331611421
2017-08-05T16:00:00Z,4.999722218513488
2017-08-05T17:00:00Z,4.659722207652198
2017-08-05T18:00:00Z,4.045000002450413
2017-08-05T19:00:00Z,3.121666665209664
2017-08-05T20:00:00Z,3.053333333796925
2017-08-05T21:00:00Z,2.326388885246383
2017-08-05T22:00:00Z,1.7911111045214865
2017-08-05T23:00:00Z,1.9444444368282954
2017-08-06T00:00:00Z,1.7383333211143812
2017-08-06T01:00:00Z,0.954166667846342
2017-08-06T02:00:00Z,1.576388887067636
2017-08-06T03:00:00Z,0.9677777788912256
2017-08-06T04:00:00Z,0.34222222465193936
2017-08-06T05:00:00Z,0.18888889209677776
2017-08-06T06:00:00Z,1.7783333284987344
2017-08-06T07:00:00Z,2.543055552575323
2017-08-06T08:00:00Z,3.131944441464212
2017-08-06T09:00:00Z,4.400277780824237
2017-08-06T10:00:00Z,5.346111106872558
2017-08-06T11:00:00Z,5.3305555562178295
2017-08-06T12:00:00Z,5.001666668388578
2017-08-06T13:00:00Z,4.578611111972067
2017-08-06T14:00:00Z,5.788611110713747
2017-08-06T15:00:00Z,5.568888883458244
2017-08-06T16:00:00Z,5.028055562575658
2017-08-06T17:00:00Z,5.375000007947286
2017-08-06T18:00:00Z,5.083055553833644
2017-08-06T19:00:00Z,3.9766666647460727
2017-08-06T20:00:00Z,3.450833338499069
2017-08-06T21:00:00Z,4.127777775790956
2017-08-06T22:00:00Z,3.7705555445618097
2017-08-06T23:00:00Z,3.2297222240103616
2017-08-07T00:00:00Z,3.86944443848398
2017-08-07T01:00:00Z,4.004166669315762
2017-08-07T02:00:00Z,3.855555557542377
2017-08-07T03:00:00Z,3.97527778479788
2017-08-07T04:00:00Z,2.731111106938786
2017-08-07T05:00:00Z,2.8861111044883727
2017-08-07T06:00:00Z,4.001388875974549
2017-08-07T07:00:00Z,4.807222227255504
2017-08-07T08:00:00Z,4.6541666759385
2017-08-07T09:00:00Z,4.154166657063696
2017-08-07T10:00:00Z,3.439722229043643
2017-08-07T11:00:00Z,3.748611108130879
2017-08-07T12:00:00Z,3.602777777446641
2017-08-07T13:00:00Z,3.249166661169794
2017-08-07T14:00:00Z,2.9099999994039534
2017-08-07T15:00:00Z,3.654999992582533
2017-08-07T16:00:00Z,3.4272222263945475
2017-08-07T17:00:00Z,2.7899999992714988
2017-08-07T18:00:00Z,1.4341666655408012
2017-08-07T19:00:00Z,1.3494444456779295
2017-08-07T20:00:00Z,0.38333333633426164
2017-08-07T21:00:00Z,0.7830555599803726
2017-08-07T22:00:00Z,0.8416666706610058
2017-08-07T23:00:00Z,0.9541666693985462
2017-08-08T00:00:00Z,1.4930555567145347
2017-08-08T01:00:00Z,1.539444444576899
2017-08-08T02:00:00Z,1.0430555552658107
2017-08-08T03:00:00Z,0.6622222242876887
2017-08-08T04:00:00Z,0.7891666687818037
2017-08-08T05:00:00Z,1.9391666601101558
2017-08-08T06:00:00Z,1.91249999569522
2017-08-08T07:00:00Z,2.3741666596796778
2017-08-08T08:00:00Z,2.1574999928474425
2017-08-08T09:00:00Z,2.626388888226615
2017-08-08T10:00:00Z,2.953333333134651
2017-08-08T11:00:00Z,2.729166667163372
2017-08-08T12:00:00Z,2.477777770161629
2017-08-08T13:00:00Z,2.5633333305517834
2017-08-08T14:00:00Z,2.104444439543618
2017-08-08T15:00:00Z,1.8869444381031726
2017-08-08T16:00:00Z,1.9286111058460342
2017-08-08T17:00:00Z,1.372499995968408
2017-08-08T18:00:00Z,1.4838888832264476
2017-08-08T19:00:00Z,1.1327777793837919
2017-08-08T20:00:00Z,1.9163888851801554
2017-08-08T21:00:00Z,0.9211111140954825
2017-08-08T22:00:00Z,1.3202777824468084
2017-08-08T23:00:00Z,1.5063888882597287
2017-08-09T00:00:00Z,1.5286111051837603
2017-08-09T01:00:00Z,2.1052777724133596
2017-08-09T02:00:00Z,2.288611105746693
2017-08-09T03:00:00Z,2.2011111072368093
2017-08-09T04:00:00Z,2.1083333262138897
2017-08-09T05:00:00Z,2.5083333330021964
2017-08-09T06:00:00Z,3.0483333309491476
2017-08-09T07:00:00Z,3.884444445371628
2017-08-09T08:00:00Z,3.64111110733615
2017-08-09T09:00:00Z,3.661944439013799
2017-08-09T10:00:00Z,3.7166666603750653
2017-08-09T11:00:00Z,4.2399999959601296
2017-08-09T12:00:00Z,4.473611115747028
2017-08-09T13:00:00Z,5.403888889153799
2017-08-09T14:00:00Z,4.95777778228124
2017-08-09T15:00:00Z,4.068055551250776
2017-08-09T16:00:00Z,3.606666666766008
2017-08-09T17:00:00Z,3.106111115217209
2017-08-09T18:00:00Z,3.878611104687055
2017-08-09T19:00:00Z,4.666666665342119
2017-08-09T20:00:00Z,3.3491666624943415
2017-08-09T21:00:00Z,2.188611100779639
2017-08-09T22:00:00Z,3.720833335320155
2017-08-09T23:00:00Z,3.2436111119058397
2017-08-10T00:00:00Z,3.759999993443489
2017-08-10T01:00:00Z,4.130555551581913
2017-08-10T02:00:00Z,3.742222228977415
2017-08-10T03:00:00Z,2.8127777698967193
2017-08-10T04:00:00Z,3.0827777753273646
2017-08-10T05:00:00Z,2.935833326809936
2017-08-10T06:00:00Z,4.098055546482404
2017-08-10T07:00:00Z,4.3944444427887595
2017-08-10T08:00:00Z,5.311944447954496
2017-08-10T09:00:00Z,5.368055555555555
2017-08-10T10:00:00Z,5.351944455173281
2017-08-10T11:00:00Z,5.444444461332427
2017-08-10T12:00:00Z,4.243888891736666
2017-08-10T13:00:00Z,4.267222223348088
2017-08-10T14:00:00Z,4.176111108395788
2017-08-10T15:00:00Z,3.8644444406032563
2017-08-10T16:00:00Z,3.661666673752997
2017-08-10T17:00:00Z,2.973888885974884
2017-08-10T18:00:00Z,2.1983333248231145
2017-08-10T19:00:00Z,0.8216666676104069
2017-08-10T20:00:00Z,1.5883333265160522
2017-08-10T21:00:00Z,2.212222217520078
2017-08-10T22:00:00Z,2.097777765658167
2017-08-10T23:00:00Z,2.3624999986754522
2017-08-11T00:00:00Z,2.3722222169240315
2017-08-11T01:00:00Z,1.5052777772976293
2017-08-11T02:00:00Z,1.9105555514494579
2017-08-11T03:00:00Z,2.2616666661368474
2017-08-11T04:00:00Z,1.5808333329028554
2017-08-11T05:00:00Z,1.781666664613618
2017-08-11T06:00:00Z,1.9644444414310984
2017-08-11T07:00:00Z,2.945833330684238
2017-08-11T08:00:00Z,3.292222222685814
2017-08-11T09:00:00Z,3.760277768307262
2017-08-11T10:00:00Z,4.597499996423721
2017-08-11T11:00:00Z,4.552222212486797
2017-08-11T12:00:00Z,4.568333328763644
2017-08-11T13:00:00Z,4.729722228315142
2017-08-11T14:00:00Z,4.299166664150026
2017-08-11T15:00:00Z,5.118611108594471
2017-08-11T16:00:00Z,5.560833330286874
2017-08-11T17:00:00Z,5.843888890080982
2017-08-11T18:00:00Z,4.823888888623979
2017-08-11T19:00:00Z,4.924444438351525
2017-08-11T20:00:00Z,5.553611107667288
2017-08-11T21:00:00Z,5.191388899087906
2017-08-11T22:00:00Z,4.268333340353436
2017-08-11T23:00:00Z,4.01388887696796
2017-08-12T00:00:00Z,3.4363888839880627
2017-08-12T01:00:00Z,3.9694444404708014
2017-08-12T02:00:00Z,3.8102777739365896
2017-08-12T03:00:00Z,3.2841666715012656
2017-08-12T04:00:00Z,2.7852777739365897
2017-08-12T05:00:00Z,3.468055558866925
2017-08-12T06:00:00Z,4.071388895644082
2017-08-12T07:00:00Z,4.823333339558707
2017-08-12T08:00:00Z,5.468888892067803
2017-08-12T09:00:00Z,5.743055563502842
2017-08-12T10:00:00Z,6.901388898822996
2017-08-12T11:00:00Z,6.010000007682376
2017-08-12T12:00:00Z,5.888888886239793
2017-08-12T13:00:00Z,6.009722228844961
2017-08-12T14:00:00Z,4.688611123959223
2017-08-12T15:00:00Z,4.922500009338061
2017-08-12T16:00:00Z,4.865555544694264
2017-08-12T17:00:00Z,4.682222228580051
2017-08-12T18:00:00Z,4.496388893657261
2017-08-12T19:00:00Z,3.1449999974833593
2017-08-12T20:00:00Z,2.2927777647972105
2017-08-12T21:00:00Z,1.9688888784911898
2017-08-12T22:00:00Z,2.1174999905957117
2017-08-12T23:00:00Z,2.391388879550828
2017-08-13T00:00:00Z,1.741666663231121
2017-08-13T01:00:00Z,1.5111111092898581
2017-08-13T02:00:00Z,1.929722214738528
2017-08-13T03:00:00Z,1.0202777793010076
2017-08-13T04:00:00Z,1.0055555563006136
2017-08-13T05:00:00Z,0.46194444660925205
2017-08-13T06:00:00Z,0.5219444493659668
2017-08-13T07:00:00Z,1.8069444347586896
2017-08-13T08:00:00Z,2.1602777698387703
2017-08-13T09:00:00Z,1.7430555580390825
2017-08-13T10:00:00Z,1.5550000045448542
2017-08-13T11:00:00Z,1.7972222196145191
2017-08-13T12:00:00Z,2.4299999934310716
2017-08-13T13:00:00Z,2.144444437821706
2017-08-13T14:00:00Z,2.276111105788085
2017-08-13T15:00:00Z,2.780555548932817
2017-08-13T16:00:00Z,3.5391666607724295
2017-08-13T17:00:00Z,2.9875000019868216
2017-08-13T18:00:00Z,2.657499990860621
2017-08-13T19:00:00Z,2.5261110994550915
2017-08-13T20:00:00Z,2.764444446563721
2017-08-13T21:00:00Z,2.331111106607649
2017-08-13T22:00:00Z,1.6724999937746259
2017-08-13T23:00:00Z,0.7833333347613612
2017-08-14T00:00:00Z,1.8741666621632047
2017-08-14T01:00:00Z,0.9397222245525982
2017-08-14T02:00:00Z,0.9172222215061386
2017-08-14T03:00:00Z,1.829999987077382
2017-08-14T04:00:00Z,1.2016666680160495
2017-08-14T05:00:00Z,0.6475000023841858
2017-08-14T06:00:00Z,0.7486111143396961
2017-08-14T07:00:00Z,0.6205555587179131
2017-08-14T08:00:00Z,1.9027777744043204
2017-08-14T09:00:00Z,2.982222220963902
2017-08-14T10:00:00Z,3.159166672329108
2017-08-14T11:00:00Z,3.99444443848398
2017-08-14T12:00:00Z,4.514166669050852
2017-08-14T13:00:00Z,4.607499999470181
2017-08-14T14:00:00Z,4.546388894981808
2017-08-14T15:00:00Z,3.8566666699118084
2017-08-14T16:00:00Z,2.8130555492308407
2017-08-14T17:00:00Z,2.266388883193334
2017-08-14T18:00:00Z,1.5097222208976746
2017-08-14T19:00:00Z,1.761388885229826
2017-08-14T20:00:00Z,1.4911111110614406
2017-08-14T21:00:00Z,0.7047222265766726
2017-08-14T22:00:00Z,0.6519444464395444
2017-08-14T23:00:00Z,0.8591666699904534
2017-08-15T00:00:00Z,1.141666667515205
2017-08-15T01:00:00Z,0.7488888932598962
2017-08-15T02:00:00Z,1.113055553370052
2017-08-15T03:00:00Z,0.6438888928335574
2017-08-15T04:00:00Z,0.9363888941084345
2017-08-15T05:00:00Z,1.1577777770658335
2017-08-15T06:00:00Z,1.0766666702098318
2017-08-15T07:00:00Z,2.3924999995984964
2017-08-15T08:00:00Z,3.387777774863773
2017-08-15T09:00:00Z,3.2088888860411116
2017-08-15T10:00:00Z,2.9919444439932703
2017-08-15T11:00:00Z,3.662500005298191
2017-08-15T12:00:00Z,4.115277769830492
2017-08-15T13:00:00Z,4.585555545488993
2017-08-15T14:00:00Z,5.1463889082272845
2017-08-15T15:00:00Z,4.977777787049612
2017-08-15T16:00:00Z,4.415277779102325
2017-08-15T17:00:00Z,4.257777778969871
2017-08-15T18:00:00Z,2.7499999933772616
2017-08-15T19:00:00Z,2.0966666580902205
2017-08-15T20:00:00Z,2.1149999956289927
2017-08-15T21:00:00Z,1.6727777750955688
2017-08-15T22:00:00Z,1.4924999955627654
2017-08-15T23:00:00Z,1.0972222232777211
2017-08-16T00:00:00Z,0.6050000042344134
2017-08-16T01:00:00Z,0.5941666709880035
2017-08-16T02:00:00Z,0.43194444827321504
2017-08-16T03:00:00Z,0.8058333382424381
2017-08-16T04:00:00Z,0.7505555592270361
2017-08-16T05:00:00Z,1.0461111113222108
2017-08-16T06:00:00Z,0.6802777809608314
2017-08-16T07:00:00Z,0.5288888936241468
2017-08-16T08:00:00Z,0.6100000038329098
2017-08-16T09:00:00Z,3.3511111065745354
2017-08-16T10:00:00Z,4.0947222295734615
2017-08-16T11:00:00Z,4.808333327041732
2017-08-16T12:00:00Z,5.363333332538605
2017-08-16T13:00:00Z,5.738333339161343
2017-08-16T14:00:00Z,5.33666666911708
2017-08-16T15:00:00Z,5.94027779897054
2017-08-16T16:00:00Z,6.135833342207802
2017-08-16T17:00:00Z,5.391666656732559
2017-08-16T18:00:00Z,3.9527777618832056
2017-08-16T19:00:00Z,3.227222219109535
2017-08-16T20:00:00Z,3.318055548932817
2017-08-16T21:00:00Z,4.153333337770568
2017-08-16T22:00:00Z,3.746944444378217
2017-08-16T23:00:00Z,5.472222227520413
2017-08-17T00:00:00Z,5.954444445504082
2017-08-17T01:00:00Z,5.128055553966099
2017-08-17T02:00:00Z,5.154999991920259
2017-08-17T03:00:00Z,5.353055554628372
2017-08-17T04:00:00Z,5.075000005960464
2017-08-17T05:00:00Z,4.764999991655349
2017-08-17T06:00:00Z,5.235000005695555
2017-08-17T07:00:00Z,4.00861110024982
2017-08-17T08:00:00Z,5.090277773141861
2017-08-17T09:00:00Z,5.329444441530439
2017-08-17T10:00:00Z,5.549166668785943
2017-08-17T11:00:00Z,5.590833343399895
2017-08-17T12:00:00Z,6.551944440603256
2017-08-17T13:00:00Z,6.958611129389869
2017-08-17T14:00:00Z,5.462500001324548
2017-08-17T15:00:00Z,6.408611120118035
2017-08-17T16:00:00Z,7.238055551052094
2017-08-17T17:00:00Z,6.663055580192142
2017-08-17T18:00:00Z,6.801388898160723
2017-08-17T19:00:00Z,5.99444444709354
2017-08-17T20:00:00Z,5.788055560323927
2017-08-17T21:00:00Z,5.359166669183307
2017-08-17T22:00:00Z,4.626666657129923
2017-08-17T23:00:00Z,5.481111107269923
2017-08-18T00:00:00Z,3.88138889670372
2017-08-18T01:00:00Z,4.273055554098553
2017-08-18T02:00:00Z,3.7761111090580624
2017-08-18T03:00:00Z,3.803888887498114
2017-08-18T04:00:00Z,4.769722218645944
2017-08-18T05:00:00Z,4.6177777747313185
2017-08-18T06:00:00Z,4.141111110316382
2017-08-18T07:00:00Z,4.490833336777158
2017-08-18T08:00:00Z,4.623055556085375
2017-08-18T09:00:00Z,5.8958333505524525
2017-08-18T10:00:00Z,5.145833333333333
2017-08-18T11:00:00Z,6.196388912200928
2017-08-18T12:00:00Z,6.940000009536743
2017-08-18T13:00:00Z,5.661666666799121
2017-08-18T14:00:00Z,4.290000005231963
2017-08-18T15:00:00Z,5.064444438285298
2017-08-18T16:00:00Z,6.11305557820532
2017-08-18T17:00:00Z,6.007499998807907
2017-08-18T18:00:00Z,6.217499999867545
2017-08-18T19:00:00Z,4.474722217851215
2017-08-18T20:00:00Z,6.134166669845581
2017-08-18T21:00:00Z,6.157777763075298
2017-08-18T22:00:00Z,6.456111117866304
2017-08-18T23:00:00Z,6.5233333362473385
2017-08-19T00:00:00Z,5.490000000264909
2017-08-19T01:00:00Z,4.898611116409302
2017-08-19T02:00:00Z,4.160277774598863
2017-08-19T03:00:00Z,4.249722219838036
2017-08-19T04:00:00Z,4.627499990993076
2017-08-19T05:00:00Z,4.308333338631524
2017-08-19T06:00:00Z,4.2941666728920405
2017-08-19T07:00:00Z,4.766388881868786
2017-08-19T08:00:00Z,5.790833332141241
2017-08-19T09:00:00Z,5.5316666722297665
2017-08-19T10:00:00Z,6.1961111300521425
2017-08-19T11:00:00Z,7.438055553701189
2017-08-19T12:00:00Z,7.093055560191472
2017-08-19T13:00:00Z,8.077222232686148
2017-08-19T14:00:00Z,8.052777796321445
2017-08-19T15:00:00Z,7.82250000834465
2017-08-19T16:00:00Z,7.003333332803514
2017-08-19T17:00:00Z,6.236111123694314
2017-08-19T18:00:00Z,5.641388873921501
2017-08-19T19:00:00Z,3.932499999139044
2017-08-19T20:00:00Z,2.6122222161955304
2017-08-19T21:00:00Z,2.609166662229432
2017-08-19T22:00:00Z,2.63472221924199
2017-08-19T23:00:00Z,2.7041666669978035
2017-08-20T00:00:00Z,1.865833327960637
2017-08-20T01:00:00Z,2.3986111064751943
2017-08-20T02:00:00Z,2.0352777769168218
2017-08-20T03:00:00Z,2.0141666561365126
2017-08-20T04:00:00Z,1.8538888798819648
2017-08-20T05:00:00Z,1.6858333273066415
2017-08-20T06:00:00Z,1.872777773791717
2017-08-20T07:00:00Z,1.9505555454227659
2017-08-20T08:00:00Z,2.4994444459676743
2017-08-20T09:00:00Z,3.6800000015232297
2017-08-20T10:00:00Z,3.858333329690827
2017-08-20T11:00:00Z,4.22222221493721
2017-08-20T12:00:00Z,4.413611106740104
2017-08-20T13:00:00Z,3.6786111136277517
2017-08-20T14:00:00Z,4.061388895246718
2017-08-20T15:00:00Z,5.179722224341498
2017-08-20T16:00:00Z,2.5469444394111633
2017-08-20T17:00:00Z,2.7274999992714988
2017-08-20T18:00:00Z,2.703888887166977
2017-08-20T19:00:00Z,2.6166666611201235
2017-08-20T20:00:00Z,2.082222218459679
2017-08-20T21:00:00Z,3.485555550787184
2017-08-20T22:00:00Z,3.0597222190764217
2017-08-20T23:00:00Z,2.9263888862397938
2017-08-21T00:00:00Z,2.3641666643942396
2017-08-21T01:00:00Z,0.46305555895798733
2017-08-21T02:00:00Z,0.6725000054885943
2017-08-21T03:00:00Z,0.6294444478634331
2017-08-21T04:00:00Z,0.47555555986861386
2017-08-21T05:00:00Z,0.3875000037252903
2017-08-21T06:00:00Z,0.3755555588958992
2017-08-21T07:00:00Z,0.6425000039860607
2017-08-21T08:00:00Z,1.0547222240724496
2017-08-21T09:00:00Z,0.8483333332050178
2017-08-21T10:00:00Z,0.9502777801619635
2017-08-21T11:00:00Z,1.4338888841784663
2017-08-21T12:00:00Z,1.471666664733655
2017-08-21T13:00:00Z,1.3863888915835156
2017-08-21T14:00:00Z,1.0966666678794557
2017-08-21T15:00:00Z,1.756388886107339
2017-08-21T16:00:00Z,0.8530555582915743
2017-08-21T17:00:00Z,1.1683333373318117
2017-08-21T18:00:00Z,0.5894444488816791
2017-08-21T19:00:00Z,1.4341666648785274
2017-08-21T20:00:00Z,2.032777774830659
2017-08-21T21:00:00Z,1.7397222164604398
2017-08-21T22:00:00Z,1.3583333344095283
2017-08-21T23:00:00Z,1.5608333298729526
2017-08-22T00:00:00Z,2.0080555566483076
2017-08-22T01:00:00Z,1.5002777733736568
2017-08-22T02:00:00Z,2.072499993443489
2017-08-22T03:00:00Z,1.9172222195400133
2017-08-22T04:00:00Z,2.5055555522441866
2017-08-22T05:00:00Z,1.8716666711701286
2017-08-22T06:00:00Z,2.1044444400403233
2017-08-22T07:00:00Z,2.0058333290947807
2017-08-22T08:00:00Z,2.1777777769499354
2017-08-22T09:00:00Z,3.2099999954303104
2017-08-22T10:00:00Z,2.6794444332520166
2017-08-22T11:00:00Z,3.3869444376892512
2017-08-22T12:00:00Z,3.5555555507540704
2017-08-22T13:00:00Z,2.895277774002817
2017-08-22T14:00:00Z,3.076111114025116
2017-08-22T15:00:00Z,3.6472222139437993
2017-08-22T16:00:00Z,3.6808333314127393
2017-08-22T17:00:00Z,4.015277770823903
2017-08-22T18:00:00Z,3.4077777819501027
2017-08-22T19:00:00Z,2.8977777727776104
2017-08-22T20:00:00Z,2.183055550356706
2017-08-22T21:00:00Z,1.5377777754432624
2017-08-22T22:00:00Z,1.4738888902175757
2017-08-22T23:00:00Z,2.0349999921189412
2017-08-23T00:00:00Z,1.3508333314003216
2017-08-23T01:00:00Z,1.1130555536597968
2017-08-23T02:00:00Z,1.1458333359203405
2017-08-23T03:00:00Z,1.303888889753984
2017-08-23T04:00:00Z,0.9513888924072186
2017-08-23T05:00:00Z,0.5947222252065937
2017-08-23T06:00:00Z,0.7225000036466452
2017-08-23T07:00:00Z,2.4097222142749364
2017-08-23T08:00:00Z,3.9044444392124813
2017-08-23T09:00:00Z,4.209722222222222
2017-08-23T10:00:00Z,4.899999994701809
2017-08-23T11:00:00Z,4.934166661898295
2017-08-23T12:00:00Z,5.153611118925943
2017-08-23T13:00:00Z,5.4622222257985005
2017-08-23T14:00:00Z,4.862777763936255
2017-08-23T15:00:00Z,4.174166667461395
2017-08-23T16:00:00Z,3.837499996688631
2017-08-23T17:00:00Z,3.428055557939741
2017-08-23T18:00:00Z,2.818611102965143
2017-08-23T19:00:00Z,2.065833324856228
2017-08-23T20:00:00Z,1.868055545952585
2017-08-23T21:00:00Z,1.28138888799068
2017-08-23T22:00:00Z,2.313055553038915
2017-08-23T23:00:00Z,1.9099999997143944
2017-08-24T00:00:00Z,1.4577777730921904
2017-08-24T01:00:00Z,1.6794444430205557
2017-08-24T02:00:00Z,0.9952777831711703
2017-08-24T03:00:00Z,0.6830555587800012
2017-08-24T04:00:00Z,1.0188888902879423
2017-08-24T05:00:00Z,1.680833332012925
2017-08-24T06:00:00Z,2.131388889915413
2017-08-24T07:00:00Z,2.625833327571551
2017-08-24T08:00:00Z,2.6338888893524808
2017-08-24T09:00:00Z,3.1508333383335008
2017-08-24T10:00:00Z,3.977222224407726
2017-08-24T11:00:00Z,4.597222222884496
2017-08-24T12:00:00Z,4.215555556284057
2017-08-24T13:00:00Z,2.7766666644149356
2017-08-24T14:00:00Z,2.543611107932197
2017-08-24T15:00:00Z,3.2163888785574173
2017-08-24T16:00:00Z,3.426944441927804
2017-08-24T17:00:00Z,3.19249999291367
2017-08-24T18:00:00Z,3.127499998278088
2017-08-24T19:00:00Z,2.9313888861073387
2017-08-24T20:00:00Z,2.2563888831271064
2017-08-24T21:00:00Z,2.023611106806331
2017-08-24T22:00:00Z,1.1516666672295994
2017-08-24T23:00:00Z,1.3897222220069831
2017-08-25T00:00:00Z,0.7936111127129859
2017-08-25T01:00:00Z,0.5875000020489096
2017-08-25T02:00:00Z,0.6838888896215293
2017-08-25T03:00:00Z,0.41194444805797603
2017-08-25T04:00:00Z,0.6397222250699997
2017-08-25T05:00:00Z,0.6636111166328191
2017-08-25T06:00:00Z,0.6433333353035979
2017-08-25T07:00:00Z,0.43944444813662104
2017-08-25T08:00:00Z,1.1755555525422097
2017-08-25T09:00:00Z,1.2549999984602134
2017-08-25T10:00:00Z,1.4574999986423387
2017-08-25T11:00:00Z,1.4561111081805493
2017-08-25T12:00:00Z,1.2838888882969817
2017-08-25T13:00:00Z,1.5949999965106447
2017-08-25T14:00:00Z,2.188611105663909
2017-08-25T15:00:00Z,2.317499995459285
2017-08-25T16:00:00Z,2.750833328399393
2017-08-25T17:00:00Z,2.5758333262470035
2017-08-25T18:00:00Z,2.6791666669978036
2017-08-25T19:00:00Z,2.58611110481951
2017-08-25T20:00:00Z,1.3997222216799856
2017-08-25T21:00:00Z,1.1511111125349998
2017-08-25T22:00:00Z,0.4408333350179924
2017-08-25T23:00:00Z,0.3069444480248623
2017-08-26T00:00:00Z,0.2841666698041889
2017-08-26T01:00:00Z,0.3861111140292552
2017-08-26T02:00:00Z,0.1416666687776645
2017-08-26T03:00:00Z,0.4397222259806262
2017-08-26T04:00:00Z,0.11833333517942164
2017-08-26T05:00:00Z,0.028611111537449888
2017-08-26T06:00:00Z,0.08388889007684257
2017-08-26T07:00:00Z,0.40722222493754495
2017-08-26T08:00:00Z,0.803888892630736
2017-08-26T09:00:00Z,1.2847222204837534
2017-08-26T10:00:00Z,2.1294444429377717
2017-08-26T11:00:00Z,1.716944445297122
2017-08-26T12:00:00Z,2.1022222202478185
2017-08-26T13:00:00Z,2.162777778009574
2017-08-26T14:00:00Z,2.6680555486016804
2017-08-26T15:00:00Z,2.1724999942299394
2017-08-26T16:00:00Z,2.2602777679761252
2017-08-26T17:00:00Z,2.216388882199923
2017-08-26T18:00:00Z,1.494722219473786
2017-08-26T19:00:00Z,0.8327777818052305
2017-08-26T20:00:00Z,0.5933333354277743
2017-08-26T21:00:00Z,0.8258333366364241
2017-08-26T22:00:00Z,0.7458333383624752
2017-08-26T23:00:00Z,0.635277782028748
2017-08-27T00:00:00Z,0.6700000044165386
2017-08-27T01:00:00Z,0.3830555594422751
2017-08-27T02:00:00Z,0.6605555595830083
2017-08-27T03:00:00Z,0.39277778151962495
2017-08-27T04:00:00Z,1.2188888885908657
2017-08-27T05:00:00Z,1.2036111091574033
2017-08-27T06:00:00Z,1.4594444440470802
2017-08-27T07:00:00Z,2.9297222173876234
2017-08-27T08:00:00Z,3.4313888963725834
2017-08-27T09:00:00Z,2.3863888874029118
2017-08-27T10:00:00Z,2.1824999960346356
2017-08-27T11:00:00Z,2.1969444391835067
2017-08-27T12:00:00Z,2.4349999972515635
2017-08-27T13:00:00Z,2.626111107567946
2017-08-27T14:00:00Z,1.8438888892738357
2017-08-27T15:00:00Z,2.106388882133696
2017-08-27T16:00:00Z,1.588333329723941
2017-08-27T17:00:00Z,1.5558333326131106
2017-08-27T18:00:00Z,1.4919444382190705
2017-08-27T19:00:00Z,1.9255555510520934
2017-08-27T20:00:00Z,2.595833335320155
2017-08-27T21:00:00Z,1.3591666634711954
2017-08-27T22:00:00Z,1.2508333332836628
2017-08-27T23:00:00Z,0.8647222239731087
2017-08-28T00:00:00Z,1.080555559715463
2017-08-28T01:00:00Z,1.30388889114062
2017-08-28T02:00:00Z,0.907500002015796
2017-08-28T03:00:00Z,1.2388888893855943
2017-08-28T04:00:00Z,1.3013888883921836
2017-08-28T05:00:00Z,1.4077777781420284
2017-08-28T06:00:00Z,1.2902777761220932
2017-08-28T07:00:00Z,0.6408333371289903
2017-08-28T08:00:00Z,0.6230555595209201
2017-08-28T09:00:00Z,1.679722223430872
2017-08-28T10:00:00Z,2.6744444456365373
2017-08-28T11:00:00Z,2.603055559202201
2017-08-28T12:00:00Z,2.2063888878665034
2017-08-28T13:00:00Z,1.6677777776701583
2017-08-28T14:00:00Z,1.9099999968790347
2017-08-28T15:00:00Z,2.013611105332772
2017-08-28T16:00:00Z,2.7166666658388245
2017-08-28T17:00:00Z,3.4366666664679846
2017-08-28T18:00:00Z,3.378611111309793
2017-08-28T19:00:00Z,2.6563888864384757
2017-08-28T20:00:00Z,1.361111105647352
2017-08-28T21:00:00Z,1.0427777848516901
2017-08-28T22:00:00Z,1.15861111169474
2017-08-28T23:00:00Z,2.0677777712543803
2017-08-29T00:00:00Z,2.0966666569312413
2017-08-29T01:00:00Z,1.3383333306345675
2017-08-29T02:00:00Z,1.01555556036118
2017-08-29T03:00:00Z,1.2025000025207797
2017-08-29T04:00:00Z,1.269444444278876
2017-08-29T05:00:00Z,2.013888886115617
2017-08-29T06:00:00Z,0.44888889110750624
2017-08-29T07:00:00Z,0.8838888877381881
2017-08-29T08:00:00Z,2.538611109430591
2017-08-29T09:00:00Z,1.7522222196683288
2017-08-29T10:00:00Z,2.1186111092567446
2017-08-29T11:00:00Z,2.260555554781523
2017-08-29T12:00:00Z,2.4883333371952174
2017-08-29T13:00:00Z,3.3697222156657114
2017-08-29T14:00:00Z,3.310555551449458
2017-08-29T15:00:00Z,3.724722217851215
2017-08-29T16:00:00Z,3.9816666652758914
2017-08-29T17:00:00Z,3.218333325121138
2017-08-29T18:00:00Z,3.469444446431266
2017-08-29T19:00:00Z,3.6300000058280095
2017-08-29T20:00:00Z,3.5969444453716277
2017-08-29T21:00:00Z,3.472499994768037
2017-08-29T22:00:00Z,3.534444432126151
2017-08-29T23:00:00Z,4.233055554495918
2017-08-30T00:00:00Z,4.36999999748336
2017-08-30T01:00:00Z,3.802499997946951
2017-08-30T02:00:00Z,3.2291666636864345
2017-08-30T03:00:00Z,3.45916666454739
2017-08-30T04:00:00Z,3.7924999952316285
2017-08-30T05:00:00Z,3.5863888843191996
2017-08-30T06:00:00Z,3.291944439543618
2017-08-30T07:00:00Z,3.220000002119276
2017-08-30T08:00:00Z,4.4636111150185265
2017-08-30T09:00:00Z,3.638333322604497
2017-08-30T10:00:00Z,4.088333330551783
2017-08-30T11:00:00Z,3.7900000009271833
2017-08-30T12:00:00Z,2.9113888882928425
2017-08-30T13:00:00Z,2.980000000860956
2017-08-30T14:00:00Z,2.9424999985429974
2017-08-30T15:00:00Z,2.5347222252024544
2017-08-30T16:00:00Z,2.21638888683584
2017-08-30T17:00:00Z,1.724722213546435
2017-08-30T18:00:00Z,1.605555555369291
2017-08-30T19:00:00Z,1.5516666625936826
2017-08-30T20:00:00Z,2.3963888787560994
2017-08-30T21:00:00Z,2.752222224076589
2017-08-30T22:00:00Z,2.615277778440052
2017-08-30T23:00:00Z,2.2572222265932296
2017-08-31T00:00:00Z,1.7991666603419516
2017-08-31T01:00:00Z,1.2686111097120576
2017-08-31T02:00:00Z,1.0500000005380974
2017-08-31T03:00:00Z,0.8733333328531848
2017-08-31T04:00:00Z,0.5644444481573171
2017-08-31T05:00:00Z,1.5647222192751036
2017-08-31T06:00:00Z,0.8691666668901841
2017-08-31T07:00:00Z,0.4369444481821524
2017-08-31T08:00:00Z,1.632499999511573
2017-08-31T09:00:00Z,2.0247222168991965
2017-08-31T10:00:00Z,2.831944440388017
2017-08-31T11:00:00Z,2.6111111098693476
2017-08-31T12:00:00Z,1.8041666645142767
2017-08-31T13:00:00Z,4.307500001125866
2017-08-31T14:00:00Z,4.781388889087571
2017-08-31T15:00:00Z,4.634722222222222
2017-08-31T16:00:00Z,3.4758333232667713
2017-08-31T17:00:00Z,2.8349999947680367
2017-08-31T18:00:00Z,2.115555547674497
2017-08-31T19:00:00Z,2.014166658785608
2017-08-31T20:00:00Z,1.7597222136126625
2017-08-31T21:00:00Z,1.3341666630572744
2017-08-31T22:00:00Z,1.0416666704747413
2017-08-31T23:00:00Z,0.9708333355892036
2017-09-01T00:00:00Z,0.6944444495770666
2017-09-01T01:00:00Z,0.7130555573023027
2017-09-01T02:00:00Z,1.0950000019537078
2017-09-01T03:00:00Z,0.51361111694326
2017-09-01T04:00:00Z,0.7972222254921992
2017-09-01T05:00:00Z,0.6575000040440095
2017-09-01T06:00:00Z,0.5369444488444262
2017-09-01T07:00:00Z,1.1216666676724951
2017-09-01T08:00:00Z,2.7949999974833593
2017-09-01T09:00:00Z,3.4958333293596904
2017-09-01T10:00:00Z,4.005555557542377
2017-09-01T11:00:00Z,3.215555549619926
2017-09-01T12:00:00Z,2.851388883093993
2017-09-01T13:00:00Z,3.620277772347132
2017-09-01T14:00:00Z,3.6341666748126347
2017-09-01T15:00:00Z,3.3430555545621448
2017-09-01T16:00:00Z,3.460277776254548
2017-09-01T17:00:00Z,3.418333333068424
2017-09-01T18:00:00Z,2.9788888851801554
2017-09-01T19:00:00Z,1.7852777739365895
2017-09-01T20:00:00Z,1.2130555564951566
2017-09-01T21:00:00Z,1.4480555521117315
2017-09-01T22:00:00Z,1.8044444441795349
2017-09-01T23:00:00Z,1.2611111101177004
2017-09-02T00:00:00Z,2.068333331578308
2017-09-02T01:00:00Z,1.9005555541978942
2017-09-02T02:00:00Z,1.2624999991100696
2017-09-02T03:00:00Z,1.280833331743876
2017-09-02T04:00:00Z,1.421111109190517
2017-09-02T05:00:00Z,1.683055551515685
2017-09-02T06:00:00Z,1.1586111139713062
2017-09-02T07:00:00Z,1.6174999935759438
2017-09-02T08:00:00Z,1.769999992661178
2017-09-02T09:00:00Z,2.252499996208482
2017-09-02T10:00:00Z,2.080833327749537
2017-09-02T11:00:00Z,1.5777777749217219
2017-09-02T12:00:00Z,1.6536111092194914
2017-09-02T13:00:00Z,2.140833335597482
2017-09-02T14:00:00Z,2.07638888578448
2017-09-02T15:00:00Z,2.3644444438939294
2017-09-02T16:00:00Z,2.59027778369685
2017-09-02T17:00:00Z,3.32388888531261
2017-09-02T18:00:00Z,3.3338888843854266
2017-09-02T19:00:00Z,3.220277777645323
2017-09-02T20:00:00Z,2.808055553833644
2017-09-02T21:00:00Z,2.039722212486797
2017-09-02T22:00:00Z,2.4938888788223266
2017-09-02T23:00:00Z,2.61583332684305
2017-09-03T00:00:00Z,2.34499999417199
2017-09-03T01:00:00Z,2.430277771751086
2017-09-03T02:00:00Z,2.3986111051506467
2017-09-03T03:00:00Z,2.820833341611756
2017-09-03T04:00:00Z,2.448888888789548
2017-09-03T05:00:00Z,2.453888879550828
2017-09-03T06:00:00Z,3.010000001059638
2017-09-03T07:00:00Z,4.193333333730697
2017-09-03T08:00:00Z,3.2927777767181396
2017-09-03T09:00:00Z,4.299166664481163
2017-09-03T10:00:00Z,4.790277782413694
2017-09-03T11:00:00Z,5.4058333251211375
2017-09-03T12:00:00Z,5.106111112568113
2017-09-03T13:00:00Z,5.484444455636872
2017-09-03T14:00:00Z,5.2111111197206705
2017-09-03T15:00:00Z,4.835833332935969
2017-09-03T16:00:00Z,5.312222218513488
2017-09-03T17:00:00Z,5.662222210566203
2017-09-03T18:00:00Z,4.966944433583153
2017-09-03T19:00:00Z,5.123055553436279
2017-09-03T20:00:00Z,4.737777774863773
2017-09-03T21:00:00Z,4.032222221957313
2017-09-03T22:00:00Z,3.3716666609048844
2017-09-03T23:00:00Z,3.391111104687055
2017-09-04T00:00:00Z,2.9558333254522746
2017-09-04T01:00:00Z,2.6999999973509046
2017-09-04T02:00:00Z,2.6391666654083465
2017-09-04T03:00:00Z,3.0913888841867445
2017-09-04T04:00:00Z,2.722777773274316
2017-09-04T05:00:00Z,2.3630555513832303
2017-09-04T06:00:00Z,2.656944446762403
2017-09-04T07:00:00Z,2.9502777738703623
2017-09-04T08:00:00Z,3.0247222218248577
2017-09-04T09:00:00Z,2.8980555521117317
2017-09-04T10:00:00Z,3.6347222225533593
2017-09-04T11:00:00Z,3.659999996754858
2017-09-04T12:00:00Z,3.3238888882928426
2017-09-04T13:00:00Z,4.41538462025174
2017-09-04T14:00:00Z,4.754722213745117
2017-09-04T15:00:00Z,5.5105555646949345
2017-09-04T16:00:00Z,5.401666662096977
2017-09-04T17:00:00Z,5.301666675011317
2017-09-04T18:00:00Z,4.998055543502172
2017-09-04T19:00:00Z,4.643611099322637
2017-09-04T20:00:00Z,4.259444446033902
2017-09-04T21:00:00Z,4.669722221957313
2017-09-04T22:00:00Z,4.0177777634726635
2017-09-04T23:00:00Z,3.970833328035143
2017-09-05T00:00:00Z,4.387499995364083
2017-09-05T01:00:00Z,3.2722222331497406
2017-09-05T02:00:00Z,4.391111114290026
2017-09-05T03:00:00Z,4.978055555290646
2017-09-05T04:00:00Z,4.749166668123669
2017-09-05T05:00:00Z,4.668888881471422
2017-09-05T06:00:00Z,4.790000003576279
2017-09-05T07:00:00Z,5.239722235335244
2017-09-05T08:00:00Z,5.594999994834264
2017-09-05T09:00:00Z,5.831111119190852
2017-09-05T10:00:00Z,5.410277787182066
2017-09-05T11:00:00Z,6.519166679514779
2017-09-05T12:00:00Z,5.972777771949768
2017-09-05T13:00:00Z,5.770555556482739
2017-09-05T14:00:00Z,6.1186111218399475
2017-09-05T15:00:00Z,4.401388897498449
2017-09-05T16:00:00Z,3.0613888886239793
2017-09-05T17:00:00Z,3.470555547542042
2017-09-05T18:00:00Z,4.16694444682863
2017-09-05T19:00:00Z,5.8655555506547294
2017-09-05T20:00:00Z,3.7091666626433533
2017-09-05T21:00:00Z,2.388888883921835
2017-09-05T22:00:00Z,1.9519444440388016
2017-09-05T23:00:00Z,3.46222221520212
2017-09-06T00:00:00Z,3.033888879087236
2017-09-06T01:00:00Z,3.6836111075348326
2017-09-06T02:00:00Z,4.015833338763978
2017-09-06T03:00:00Z,4.39472222328186
2017-09-06T04:00:00Z,4.561111107799742
2017-09-06T05:00:00Z,3.707499998807907
2017-09-06T06:00:00Z,3.7269444478882683
2017-09-06T07:00:00Z,5.296388883060879
2017-09-06T08:00:00Z,5.045277774996228
2017-09-06T09:00:00Z,5.508055551846822
2017-09-06T10:00:00Z,5.462777778837416
2017-09-06T11:00:00Z,6.172777791817983
2017-09-06T12:00:00Z,5.828055563900206
2017-09-06T13:00:00Z,5.756388896041447
2017-09-06T14:00:00Z,6.36666667064031
2017-09-06T15:00:00Z,5.888333327240414
2017-09-06T16:00:00Z,5.399722219838036
2017-09-06T17:00:00Z,4.293888880146874
2017-09-06T18:00:00Z,4.265833329492145
2017-09-06T19:00:00Z,2.642499999867545
2017-09-06T20:00:00Z,2.362222215698825
2017-09-06T21:00:00Z,1.7105555506216155
2017-09-06T22:00:00Z,2.0877777700622877
2017-09-06T23:00:00Z,1.6141666602757243
2017-09-07T00:00:00Z,1.6872222206244867
2017-09-07T01:00:00Z,1.201388890813622
2017-09-07T02:00:00Z,1.8380555504312117
2017-09-07T03:00:00Z,1.731944436993864
2017-09-07T04:00:00Z,1.4872222221352989
2017-09-07T05:00:00Z,0.884444446178774
2017-09-07T06:00:00Z,1.7649999961256981
2017-09-07T07:00:00Z,2.6613888861404527
2017-09-07T08:00:00Z,3.8363888869682947
2017-09-07T09:00:00Z,5.555277793937259
2017-09-07T10:00:00Z,4.038055560655064
2017-09-07T11:00:00Z,3.6622222231494055
2017-09-07T12:00:00Z,4.430833333068424
2017-09-07T13:00:00Z,5.573611118396124
2017-09-07T14:00:00Z,6.02861112025049
2017-09-07T15:00:00Z,6.179722232951058
2017-09-07T16:00:00Z,6.589722228712506
2017-09-07T17:00:00Z,5.9694444557030995
2017-09-07T18:00:00Z,5.935555550787184
2017-09-07T19:00:00Z,5.9447222159968485
2017-09-07T20:00:00Z,5.0150000002649096
2017-09-07T21:00:00Z,6.414722222089767
2017-09-07T22:00:00Z,6.2947222212950384
2017-09-07T23:00:00Z,4.690277778440052
2017-09-08T00:00:00Z,6.138611116674212
2017-09-08T01:00:00Z,5.728888890478346
2017-09-08T02:00:00Z,6.564444451861911
2017-09-08T03:00:00Z,5.7911111136277515
2017-09-08T04:00:00Z,4.70416666203075
2017-09-08T05:00:00Z,4.723055558072196
2017-09-08T06:00:00Z,4.976388880941603
2017-09-08T07:00:00Z,5.383333327372869
2017-09-08T08:00:00Z,5.482222227917777
2017-09-08T09:00:00Z,5.689166662428114
2017-09-08T10:00:00Z,5.455000004503462
2017-09-08T11:00:00Z,5.341944436232249
2017-09-08T12:00:00Z,5.497499990463257
2017-09-08T13:00:00Z,6.18833334379726
2017-09-08T14:00:00Z,6.943888882133696
2017-09-08T15:00:00Z,5.416944444841809
2017-09-08T16:00:00Z,4.95333332353168
2017-09-08T17:00:00Z,3.8124999986754524
2017-09-08T18:00:00Z,2.696944444378217
2017-09-08T19:00:00Z,2.658888891339302
2017-09-08T20:00:00Z,2.5019444386164347
2017-09-08T21:00:00Z,2.1536111046870547
2017-09-08T22:00:00Z,2.6233333276377784
2017-09-08T23:00:00Z,2.123888881670104
2017-09-09T00:00:00Z,2.482499995165401
2017-09-09T01:00:00Z,1.683611106293069
2017-09-09T02:00:00Z,1.934444444709354
2017-09-09T03:00:00Z,2.410277773274316
2017-09-09T04:00:00Z,2.2797222127517065
2017-09-09T05:00:00Z,2.7825000011258654
2017-09-09T06:00:00Z,3.14083333114783
2017-09-09T07:00:00Z,4.1702777723471325
2017-09-09T08:00:00Z,4.845277771353722
2017-09-09T09:00:00Z,5.758888886372248
2017-09-09T10:00:00Z,6.293611113230387
2017-09-09T11:00:00Z,6.473888880676693
2017-09-09T12:00:00Z,6.097500001059638
2017-09-09T13:00:00Z,4.742777763141526
2017-09-09T14:00:00Z,4.432222222950723
2017-09-09T15:00:00Z,4.973333323664136
2017-09-09T16:00:00Z,3.6377777732080885
2017-09-09T17:00:00Z,2.4625000016556844
2017-09-09T18:00:00Z,2.9105555574099222
2017-09-09T19:00:00Z,2.598611108130879
2017-09-09T20:00:00Z,2.2097222093078823
2017-09-09T21:00:00Z,2.210833322670725
2017-09-09T22:00:00Z,2.2474999984105426
2017-09-09T23:00:00Z,1.7980555534362792
2017-09-10T00:00:00Z,2.0666666593816547
2017-09-10T01:00:00Z,1.757499996241596
2017-09-10T02:00:00Z,1.5016666639389262
2017-09-10T03:00:00Z,1.8849999904632568
2017-09-10T04:00:00Z,1.7005555503898198
2017-09-10T05:00:00Z,1.736388880511125
2017-09-10T06:00:00Z,0.8475000025704503
2017-09-10T07:00:00Z,3.4319444477558134
2017-09-10T08:00:00Z,4.353888884517882
2017-09-10T09:00:00Z,4.888055553038915
2017-09-10T10:00:00Z,6.1036111136277515
2017-09-10T11:00:00Z,8.228888905710644
2017-09-10T12:00:00Z,8.55972225136227
2017-09-10T13:00:00Z,8.89638889895545
2017-09-10T14:00:00Z,10.096111137337155
2017-09-10T15:00:00Z,9.234999990463256
2017-09-10T16:00:00Z,8.502500009536742
2017-09-10T17:00:00Z,7.978055584430694
2017-09-10T18:00:00Z,6.928888889153798
2017-09-10T19:00:00Z,6.999722227785322
2017-09-10T20:00:00Z,6.124722218513488
2017-09-10T21:00:00Z,6.205000012450748
2017-09-10T22:00:00Z,5.622499999735091
2017-09-10T23:00:00Z,5.909444446696176
2017-09-11T00:00:00Z,5.925000010596381
2017-09-11T01:00:00Z,6.66916666229566
2017-09-11T02:00:00Z,6.428055558602015
2017-09-11T03:00:00Z,6.699999997350905
2017-09-11T04:00:00Z,7.224722237057156
2017-09-11T05:00:00Z,6.991944450802273
2017-09-11T06:00:00Z,7.58694443570243
2017-09-11T07:00:00Z,7.619722236527337
2017-09-11T08:00:00Z,7.003055553966099
2017-09-11T09:00:00Z,5.705277765459485
2017-09-11T10:00:00Z,7.690277778440052
2017-09-11T11:00:00Z,9.20472221771876
2017-09-11T12:00:00Z,8.772222230169508
2017-09-11T13:00:00Z,8.187222218513488
2017-09-11T14:00:00Z,8.684166679117414
2017-09-11T15:00:00Z,8.35583334101571
2017-09-11T16:00:00Z,7.8938889033264585
2017-09-11T17:00:00Z,6.887222219838036
2017-09-11T18:00:00Z,5.945833327372869
2017-09-11T19:00:00Z,5.1544444355699754
2017-09-11T20:00:00Z,4.816666666004393
2017-09-11T21:00:00Z,4.261944422456954
2017-09-11T22:00:00Z,3.9491666634877522
2017-09-11T23:00:00Z,4.1741666661368475
2017-09-12T00:00:00Z,3.639722224738863
2017-09-12T01:00:00Z,3.9622222191757626
2017-09-12T02:00:00Z,3.7577777769830494
2017-09-12T03:00:00Z,3.9011111047532823
2017-09-12T04:00:00Z,4.626388895511627
2017-09-12T05:00:00Z,3.9408333281675976
2017-09-12T06:00:00Z,3.4388888829284245
2017-09-12T07:00:00Z,4.7169444385502075
2017-09-12T08:00:00Z,5.43055556052261
2017-09-12T09:00:00Z,5.616111113627752
2017-09-12T10:00:00Z,5.391666668653488
2017-09-12T11:00:00Z,5.738611100117366
2017-09-12T12:00:00Z,6.436666680706872
2017-09-12T13:00:00Z,5.855833321809769
2017-09-12T14:00:00Z,7.302500007549922
2017-09-12T15:00:00Z,7.433611112833023
2017-09-12T16:00:00Z,8.021111121442583
2017-09-12T17:00:00Z,6.970833334657881
2017-09-12T18:00:00Z,7.6047222289774155
2017-09-12T19:00:00Z,8.629722233613332
2017-09-12T20:00:00Z,10.477499980396695
2017-09-12T21:00:00Z,9.886111120382944
2017-09-12T22:00:00Z,8.249444448947907
2017-09-12T23:00:00Z,9.86888888809416
2017-09-13T00:00:00Z,10.726388886239793
2017-09-13T01:00:00Z,11.775277784135607
2017-09-13T02:00:00Z,12.39861111111111
2017-09-13T03:00:00Z,9.993333317173851
2017-09-13T04:00:00Z,8.184722227520412
2017-09-13T05:00:00Z,7.003611131509145
2017-09-13T06:00:00Z,4.683611122767131
2017-09-13T07:00:00Z,5.770555557145013
2017-09-13T08:00:00Z,7.329166695144441
2017-09-13T09:00:00Z,8.033888881736331
2017-09-13T10:00:00Z,8.802222222752041
2017-09-13T11:00:00Z,9.393333356910281
2017-09-13T12:00:00Z,9.019444455040826
2017-09-13T13:00:00Z,9.331666648387909
2017-09-13T14:00:00Z,7.456388893392351
2017-09-13T15:00:00Z,7.421944461928474
2017-09-13T16:00:00Z,7.092777782016331
2017-09-13T17:00:00Z,5.4458333339956075
2017-09-13T18:00:00Z,3.5591666632228427
2017-09-13T19:00:00Z,3.042777775724729
2017-09-13T20:00:00Z,3.6011111040910087
2017-09-13T21:00:00Z,3.8497222191757627
2017-09-13T22:00:00Z,4.078611098395454
2017-09-13T23:00:00Z,3.8341666685210334
2017-09-14T00:00:00Z,3.762777778175142
2017-09-14T01:00:00Z,4.41222221520212
2017-09-14T02:00:00Z,3.110833330286874
2017-09-14T03:00:00Z,3.4936111125681135
2017-09-14T04:00:00Z,2.8947222226195866
2017-09-14T05:00:00Z,2.7038888881603875
2017-09-14T06:00:00Z,3.8669444408681657
2017-09-14T07:00:00Z,4.252500007549922
2017-09-14T08:00:00Z,5.645555563105477
2017-09-14T09:00:00Z,6.33555557264222
2017-09-14T10:00:00Z,6.445000006755193
2017-09-14T11:00:00Z,6.301111117336485
2017-09-14T12:00:00Z,6.491944439543618
2017-09-14T13:00:00Z,6.040555563237932
2017-09-14T14:00:00Z,5.941111114621163
2017-09-14T15:00:00Z,2.9983333326048323
2017-09-14T16:00:00Z,3.160833333267106
2017-09-14T17:00:00Z,2.579999997549587
2017-09-14T18:00:00Z,3.0022222144736186
2017-09-14T19:00:00Z,3.1775000015894572
2017-09-14T20:00:00Z,2.52194444404708
2017-09-14T21:00:00Z,2.259999997748269
2017-09-14T22:00:00Z,2.361666661169794
2017-09-14T23:00:00Z,2.218333327439096
2017-09-15T00:00:00Z,1.7422222139106855
2017-09-15T01:00:00Z,1.584166664381822
2017-09-15T02:00:00Z,1.924722213546435
2017-09-15T03:00:00Z,2.0608333273066415
2017-09-15T04:00:00Z,2.047499985496203
2017-09-15T05:00:00Z,1.9947222150034374
2017-09-15T06:00:00Z,1.1341666671343975
2017-09-15T07:00:00Z,1.06305555773692
2017-09-15T08:00:00Z,1.9552777758902973
2017-09-15T09:00:00Z,2.873888881670104
2017-09-15T10:00:00Z,3.041944442689419
2017-09-15T11:00:00Z,3.0266666650772094
2017-09-15T12:00:00Z,3.846111106044716
2017-09-15T13:00:00Z,2.8649999959601296
2017-09-15T14:00:00Z,3.0811111020545163
2017-09-15T15:00:00Z,3.076388886405362
2017-09-15T16:00:00Z,2.520277772512701
2017-09-15T17:00:00Z,2.1366666661368474
2017-09-15T18:00:00Z,0.8530555584778389
2017-09-15T19:00:00Z,0.7380555602411429
2017-09-15T20:00:00Z,1.5461111065414217
2017-09-15T21:00:00Z,1.723333324988683
2017-09-15T22:00:00Z,1.088888890379005
2017-09-15T23:00:00Z,1.0255555581715372
2017-09-16T00:00:00Z,1.1427777787049611
2017-09-16T01:00:00Z,1.400277776353889
2017-09-16T02:00:00Z,1.39527777797646
2017-09-16T03:00:00Z,1.2483333352539274
2017-09-16T04:00:00Z,1.6802777727444966
2017-09-16T05:00:00Z,1.7333333278695742
2017-09-16T06:00:00Z,1.0791666672047642
2017-09-16T07:00:00Z,1.4324999996357495
2017-09-16T08:00:00Z,1.9038888847662343
2017-09-16T09:00:00Z,2.7694444411330754
2017-09-16T10:00:00Z,2.8161111020379597
2017-09-16T11:00:00Z,3.7797222210301293
2017-09-16T12:00:00Z,2.8533333220415646
2017-09-16T13:00:00Z,1.8772222235798837
2017-09-16T14:00:00Z,0.8358333376132779
2017-09-16T15:00:00Z,0.9500000010348029
2017-09-16T16:00:00Z,1.5497222215765052
2017-09-16T17:00:00Z,1.466111110150814
2017-09-16T18:00:00Z,1.6455555527160566
2017-09-16T19:00:00Z,3.342777776221434
2017-09-16T20:00:00Z,1.4105555574099222
2017-09-16T21:00:00Z,0.8661111156145732
2017-09-16T22:00:00Z,1.4477777764201165
2017-09-16T23:00:00Z,1.933611101905505
2017-09-17T00:00:00Z,1.2744444472094376
2017-09-17T01:00:00Z,1.370555557227797
2017-09-17T02:00:00Z,2.2269444419278037
2017-09-17T03:00:00Z,1.774166664398379
2017-09-17T04:00:00Z,1.324166662245989
2017-09-17T05:00:00Z,1.8630555487341351
2017-09-17T06:00:00Z,1.9652777733074294
2017-09-17T07:00:00Z,2.1983333276377786
2017-09-17T08:00:00Z,2.7586111062102847
2017-09-17T09:00:00Z,2.2986111058129204
2017-09-17T10:00:00Z,2.748333326313231
2017-09-17T11:00:00Z,2.9555555515819125
2017-09-17T12:00:00Z,2.8599999997350904
2017-09-17T13:00:00Z,3.1963888896836177
2017-09-17T14:00:00Z,2.7469444362653626
2017-09-17T15:00:00Z,3.1430555534031654
2017-09-17T16:00:00Z,2.5149999948011503
2017-09-17T17:00:00Z,2.5227777732743157
2017-09-17T18:00:00Z,2.1244444370269777
2017-09-17T19:00:00Z,1.9794444365633859
2017-09-17T20:00:00Z,1.8124999907281665
2017-09-17T21:00:00Z,2.1827777728438376
2017-09-17T22:00:00Z,1.8802777704265383
2017-09-17T23:00:00Z,1.4027777771155039
2017-09-18T00:00:00Z,1.543055552078618
2017-09-18T01:00:00Z,1.4016666619314089
2017-09-18T02:00:00Z,1.6408333291610082
2017-09-18T03:00:00Z,1.7236111061440573
2017-09-18T04:00:00Z,1.057777776548432
2017-09-18T05:00:00Z,1.6227777757578425
2017-09-18T06:00:00Z,1.4522222222553358
2017-09-18T07:00:00Z,2.3244444406694837
2017-09-18T08:00:00Z,3.993611114554935
2017-09-18T09:00:00Z,3.418888892067803
2017-09-18T10:00:00Z,2.8680555522441864
2017-09-18T11:00:00Z,3.290555546349949
2017-09-18T12:00:00Z,3.1599999911255305
2017-09-18T13:00:00Z,3.3030555518137086
2017-09-18T14:00:00Z,3.5913888941208523
2017-09-18T15:00:00Z,2.785277775592274
2017-09-18T16:00:00Z,2.3380555424425338
2017-09-18T17:00:00Z,3.228055560237004
2017-09-18T18:00:00Z,2.138333330220646
2017-09-18T19:00:00Z,1.4061111083254219
2017-09-18T20:00:00Z,0.9336111139713063
2017-09-18T21:00:00Z,0.6494444498792291
2017-09-18T22:00:00Z,1.2005555553361773
2017-09-18T23:00:00Z,0.4366666690135996
2017-09-19T00:00:00Z,0.8336111141161786
2017-09-19T01:00:00Z,0.5150000034521024
2017-09-19T02:00:00Z,1.1283333336313566
2017-09-19T03:00:00Z,1.4749999976820416
2017-09-19T04:00:00Z,1.4588888852960533
2017-09-19T05:00:00Z,1.004166667453117
2017-09-19T06:00:00Z,0.6572222272555034
2017-09-19T07:00:00Z,1.271388891028861
2017-09-19T08:00:00Z,1.13305555542724
2017-09-19T09:00:00Z,1.1202777773969703
2017-09-19T10:00:00Z,1.6944444433682495
2017-09-19T11:00:00Z,1.7666666724822588
2017-09-19T12:00:00Z,1.9266666625936826
2017-09-19T13:00:00Z,3.261111114588049
2017-09-19T14:00:00Z,2.9838888900975387
2017-09-19T15:00:00Z,2.866111107170582
2017-09-19T16:00:00Z,1.587499996730023
2017-09-19T17:00:00Z,2.005555553568734
2017-09-19T18:00:00Z,2.7163888861735663
2017-09-19T19:00:00Z,2.9536111086606978
2017-09-19T20:00:00Z,2.2611111054817834
2017-09-19T21:00:00Z,1.282222224275271
2017-09-19T22:00:00Z,0.475833336988257
2017-09-19T23:00:00Z,0.5505555580059688
2017-09-20T00:00:00Z,1.003333335990707
2017-09-20T01:00:00Z,1.1586111125846703
2017-09-20T02:00:00Z,0.9552777789326178
2017-09-20T03:00:00Z,1.4147222224622964
2017-09-20T04:00:00Z,0.6658333368392454
2017-09-20T05:00:00Z,0.8444444484594795
2017-09-20T06:00:00Z,0.49027777947485446
2017-09-20T07:00:00Z,0.5763888918898172
2017-09-20T08:00:00Z,2.8733333276377784
2017-09-20T09:00:00Z,3.7372222105662027
2017-09-20T10:00:00Z,4.602499996291266
2017-09-20T11:00:00Z,4.5277777751286825
2017-09-20T12:00:00Z,4.973888888623979
2017-09-20T13:00:00Z,6.075833338499069
2017-09-20T14:00:00Z,5.909722225533591
2017-09-20T15:00:00Z,5.6544444481531775
2017-09-20T16:00:00Z,5.236666651566823
2017-09-20T17:00:00Z,4.7774999949667185
2017-09-20T18:00:00Z,4.27250000834465
2017-09-20T19:00:00Z,4.473055542177624
2017-09-20T20:00:00Z,4.38027777340677
2017-09-20T21:00:00Z,3.963611105415556
2017-09-20T22:00:00Z,4.095833327372869
2017-09-20T23:00:00Z,4.946111100912094
2017-09-21T00:00:00Z,4.068333336379793
2017-09-21T01:00:00Z,3.252777775625388
2017-09-21T02:00:00Z,3.270277774333954
2017-09-21T03:00:00Z,2.3633333307173516
2017-09-21T04:00:00Z,3.640277788374159
2017-09-21T05:00:00Z,3.5394444356362027
2017-09-21T06:00:00Z,4.413333332538604
2017-09-21T07:00:00Z,4.119444448418087
2017-09-21T08:00:00Z,5.530555558204651
2017-09-21T09:00:00Z,5.658888889683618
2017-09-21T10:00:00Z,5.282222214010027
2017-09-21T11:00:00Z,5.7080555578072865
2017-09-21T12:00:00Z,6.07055556178093
2017-09-21T13:00:00Z,4.845833335320155
2017-09-21T14:00:00Z,3.7369444453054004
2017-09-21T15:00:00Z,3.88222221798367
2017-09-21T16:00:00Z,4.4224999964237215
2017-09-21T17:00:00Z,3.906666667262713
2017-09-21T18:00:00Z,3.4599999944368998
2017-09-21T19:00:00Z,2.4097222165928947
2017-09-21T20:00:00Z,2.3005555470784507
2017-09-21T21:00:00Z,2.5441666649447545
2017-09-21T22:00:00Z,2.303611105680466
2017-09-21T23:00:00Z,1.6647222151358922
2017-09-22T00:00:00Z,1.038333337712619
2017-09-22T01:00:00Z,1.0755555589993795
2017-09-22T02:00:00Z,0.5413888919063741
2017-09-22T03:00:00Z,0.49472222516520153
2017-09-22T04:00:00Z,0.9319444477558136
2017-09-22T05:00:00Z,1.2541666680739985
2017-09-22T06:00:00Z,1.711388883822494
2017-09-22T07:00:00Z,0.8897222226899532
2017-09-22T08:00:00Z,0.7752777794996898
2017-09-22T09:00:00Z,2.1536111109372644
2017-09-22T10:00:00Z,4.97222223215633
2017-09-22T11:00:00Z,5.307777774996228
2017-09-22T12:00:00Z,5.403888883193334
2017-09-22T13:00:00Z,5.448888884650336
2017-09-22T14:00:00Z,6.146388896306356
2017-09-22T15:00:00Z,5.2936111152172085
2017-09-22T16:00:00Z,4.791666676931911
2017-09-22T17:00:00Z,4.195000001457003
2017-09-22T18:00:00Z,2.9711111088593802
2017-09-22T19:00:00Z,3.100555556019147
2017-09-22T20:00:00Z,3.7363888925976223
2017-09-22T21:00:00Z,4.1633333351877
2017-09-22T22:00:00Z,3.676388891537984
2017-09-22T23:00:00Z,4.411944456232918
2017-09-23T00:00:00Z,4.067777766784032
2017-09-23T01:00:00Z,3.1852777769168217
2017-09-23T02:00:00Z,3.224444447954496
2017-09-23T03:00:00Z,2.6324999981456334
2017-09-23T04:00:00Z,2.6658333321412404
2017-09-23T05:00:00Z,2.5602777775790955
2017-09-23T06:00:00Z,2.7022222184472615
2017-09-23T07:00:00Z,2.894444446100129
2017-09-23T08:00:00Z,4.2494444453054
2017-09-23T09:00:00Z,4.561388885974884
2017-09-23T10:00:00Z,5.856944453716278
2017-09-23T11:00:00Z,5.663055553038915
2017-09-23T12:00:00Z,5.147777782877286
2017-09-23T13:00:00Z,5.2891666822963295
2017-09-23T14:00:00Z,5.253611112965478
2017-09-23T15:00:00Z,4.926111102104187
2017-09-23T16:00:00Z,3.8899999903308022
2017-09-23T17:00:00Z,2.9636111032631662
2017-09-23T18:00:00Z,2.3213888820674686
2017-09-23T19:00:00Z,2.0102777736054525
2017-09-23T20:00:00Z,1.1766666661534044
2017-09-23T21:00:00Z,1.4472222208976746
2017-09-23T22:00:00Z,2.4391666617658405
2017-09-23T23:00:00Z,2.515833331644535
2017-09-24T00:00:00Z,1.9419444429377715
2017-09-24T01:00:00Z,1.5758333320625955
2017-09-24T02:00:00Z,2.266666662361887
2017-09-24T03:00:00Z,2.446111105548011
2017-09-24T04:00:00Z,2.1763888819350137
2017-09-24T05:00:00Z,2.3088888850477005
2017-09-24T06:00:00Z,2.458611113495297
2017-09-24T07:00:00Z,2.13277777367168
2017-09-24T08:00:00Z,3.9955555465486317
2017-09-24T09:00:00Z,4.413055550058683
2017-09-24T10:00:00Z,4.977222216129303
2017-09-24T11:00:00Z,4.8574999981456335
2017-09-24T12:00:00Z,5.622222224871318
2017-09-24T13:00:00Z,5.154166662361887
2017-09-24T14:00:00Z,4.499999998013179
2017-09-24T15:00:00Z,4.389999990993076
2017-09-24T16:00:00Z,3.097500002053049
2017-09-24T17:00:00Z,3.3077777799632813
2017-09-24T18:00:00Z,1.9986111048195097
2017-09-24T19:00:00Z,1.1263888913310236
2017-09-24T20:00:00Z,1.630833331329955
2017-09-24T21:00:00Z,1.512222219672468
2017-09-24T22:00:00Z,0.8780555557459593
2017-09-24T23:00:00Z,1.7280555509858662
2017-09-25T00:00:00Z,1.3322222169281708
2017-09-25T01:00:00Z,0.8372222253638837
2017-09-25T02:00:00Z,2.303333328829871
2017-09-25T03:00:00Z,1.979166663520866
2017-09-25T04:00:00Z,1.995555551515685
2017-09-25T05:00:00Z,2.253888880709807
2017-09-25T06:00:00Z,2.2583333257171843
2017-09-25T07:00:00Z,2.6944444434510335
2017-09-25T08:00:00Z,2.474722217188941
2017-09-25T09:00:00Z,2.1238888826635147
2017-09-25T10:00:00Z,1.4999999968541993
2017-09-25T11:00:00Z,1.3058333289913004
2017-09-25T12:00:00Z,0.9386111121624708
2017-09-25T13:00:00Z,0.9211111099769672
2017-09-25T14:00:00Z,1.0386111104860902
2017-09-25T15:00:00Z,1.0658333332795236
2017-09-25T16:00:00Z,1.1297222213405702
2017-09-25T17:00:00Z,0.8538888907473948
2017-09-25T18:00:00Z,0.4619444495273961
2017-09-25T19:00:00Z,0.8816666701394651
2017-09-25T20:00:00Z,1.073611113180717
2017-09-25T21:00:00Z,1.978055552393198
2017-09-25T22:00:00Z,1.8258333247568872
2017-09-25T23:00:00Z,1.1733333347572221
2017-09-26T00:00:00Z,1.522499998907248
2017-09-26T01:00:00Z,1.2927777760558659
2017-09-26T02:00:00Z,0.8208333361893893
2017-09-26T03:00:00Z,1.4919444469941987
2017-09-26T04:00:00Z,2.0852777732743157
2017-09-26T05:00:00Z,1.8205555425749884
2017-09-26T06:00:00Z,1.6422222188777393
2017-09-26T07:00:00Z,1.5772222203512987
2017-09-26T08:00:00Z,2.7552777767181396
2017-09-26T09:00:00Z,2.637222219672468
2017-09-26T10:00:00Z,2.8594444417291216
2017-09-26T11:00:00Z,3.1033333314789666
2017-09-26T12:00:00Z,2.3486111112766794
2017-09-26T13:00:00Z,1.5663888853664198
2017-09-26T14:00:00Z,1.8930555577079455
2017-09-26T15:00:00Z,1.7241666555404662
2017-09-26T16:00:00Z,1.6102777729431788
2017-09-26T17:00:00Z,2.035833320683903
2017-09-26T18:00:00Z,2.2583333286974163
2017-09-26T19:00:00Z,1.1436111111607816
2017-09-26T20:00:00Z,1.6808333314127393
2017-09-26T21:00:00Z,0.6330555605391661
2017-09-26T22:00:00Z,1.1647222195648486
2017-09-26T23:00:00Z,1.3899999961256981
2017-09-27T00:00:00Z,1.6611111058129204
2017-09-27T01:00:00Z,1.6241666621632047
2017-09-27T02:00:00Z,1.4102777783241538
2017-09-27T03:00:00Z,1.7249999956124358
2017-09-27T04:00:00Z,2.4399999943044453
2017-09-27T05:00:00Z,2.041666666832235
2017-09-27T06:00:00Z,2.155555550257365
2017-09-27T07:00:00Z,2.398888882663515
2017-09-27T08:00:00Z,3.449444438020388
2017-09-27T09:00:00Z,3.8158333318101034
2017-09-27T10:00:00Z,3.6380555546945996
2017-09-27T11:00:00Z,4.4891666611035665
2017-09-27T12:00:00Z,4.757777783936924
2017-09-27T13:00:00Z,4.81111111773385
2017-09-27T14:00:00Z,4.412222222487132
2017-09-27T15:00:00Z,4.667222214407391
2017-09-27T16:00:00Z,3.9938888864384756
2017-09-27T17:00:00Z,4.094444437159432
2017-09-27T18:00:00Z,5.294166676865684
2017-09-27T19:00:00Z,3.848888889286253
2017-09-27T20:00:00Z,4.029166673620542
2017-09-27T21:00:00Z,4.785833329955737
2017-09-27T22:00:00Z,4.9597222212288115
2017-09-27T23:00:00Z,4.752222223414315
2017-09-28T00:00:00Z,4.641944450802273
2017-09-28T01:00:00Z,3.896111097600725
2017-09-28T02:00:00Z,3.4486111127667956
2017-09-28T03:00:00Z,3.1872222238116796
2017-09-28T04:00:00Z,2.154444435569975
2017-09-28T05:00:00Z,2.3766666574610604
2017-09-28T06:00:00Z,2.152777766519123
2017-09-28T07:00:00Z,2.4055555472771326
2017-09-28T08:00:00Z,3.527777776122093
2017-09-28T09:00:00Z,4.146111106872558
2017-09-28T10:00:00Z,3.673055553436279
2017-09-28T11:00:00Z,3.7819444424576227
2017-09-28T12:00:00Z,3.9849999990728167
2017-09-28T13:00:00Z,3.48444445265664
2017-09-28T14:00:00Z,3.8369444453054005
2017-09-28T15:00:00Z,4.01444444557031
2017-09-28T16:00:00Z,5.029722225666046
2017-09-28T17:00:00Z,3.4738888813389672
2017-09-28T18:00:00Z,2.5266666670640308
2017-09-28T19:00:00Z,2.112222217520078
2017-09-28T20:00:00Z,3.2963888890213435
2017-09-28T21:00:00Z,4.472222223215633
2017-09-28T22:00:00Z,4.668333328432507
2017-09-28T23:00:00Z,4.372500005695555
2017-09-29T00:00:00Z,6.4819444557031
2017-09-29T01:00:00Z,6.720555556482739
2017-09-29T02:00:00Z,5.079999993244807
2017-09-29T03:00:00Z,3.7916666593816544
2017-09-29T04:00:00Z,3.856944460339016
2017-09-29T05:00:00Z,3.7463888790872364
2017-09-29T06:00:00Z,4.906388888094161
2017-09-29T07:00:00Z,4.845277764399847
2017-09-29T08:00:00Z,3.807222216659122
2017-09-29T09:00:00Z,4.797777777247958
2017-09-29T10:00:00Z,4.758888897630904
2017-09-29T11:00:00Z,3.3205555508534115
2017-09-29T12:00:00Z,4.642777784665426
2017-09-29T13:00:00Z,4.593055559529199
2017-09-29T14:00:00Z,4.2708333253860475
2017-09-29T15:00:00Z,3.4966666645473903
2017-09-29T16:00:00Z,3.544166668256124
2017-09-29T17:00:00Z,2.8941666695806716
2017-09-29T18:00:00Z,3.1647222214274935
2017-09-29T19:00:00Z,2.389166666732894
2017-09-29T20:00:00Z,3.0322222153345746
2017-09-29T21:00:00Z,2.3144444442457623
2017-09-29T22:00:00Z,2.0405555488334763
2017-09-29T23:00:00Z,1.8469444397629964
2017-09-30T00:00:00Z,1.9902777710101671
2017-09-30T01:00:00Z,1.3744444439808527
2017-09-30T02:00:00Z,1.83944443402191
2017-09-30T03:00:00Z,1.9161111088262663
2017-09-30T04:00:00Z,3.161944435371293
2017-09-30T05:00:00Z,3.722222225864728
2017-09-30T06:00:00Z,3.684722219573127
2017-09-30T07:00:00Z,3.385833332273695
2017-09-30T08:00:00Z,4.264166674349043
2017-09-30T09:00:00Z,4.414166665077209
2017-09-30T10:00:00Z,4.526666667064031
2017-09-30T11:00:00Z,5.202222230037053
2017-09-30T12:00:00Z,5.373055558072196
2017-09-30T13:00:00Z,5.723611107137468
2017-09-30T14:00:00Z,5.733333333995607
2017-09-30T15:00:00Z,5.190833342075348
2017-09-30T16:00:00Z,4.073611110448837
2017-09-30T17:00:00Z,3.4611110981967714
2017-09-30T18:00:00Z,3.731388885113928
2017-09-30T19:00:00Z,4.088611111376021
2017-09-30T20:00:00Z,6.321944444709354
2017-09-30T21:00:00Z,7.0711111081971065
2017-09-30T22:00:00Z,6.725277788109249
2017-09-30T23:00:00Z,6.120555554495917
2017-10-01T00:00:00Z,5.981388884782791
2017-10-01T01:00:00Z,4.992499993244807
2017-10-01T02:00:00Z,3.9638888855775196
2017-10-01T03:00:00Z,4.369166666269303
2017-10-01T04:00:00Z,3.650833326247003
2017-10-01T05:00:00Z,4.545000006092919
2017-10-01T06:00:00Z,4.670555551184548
2017-10-01T07:00:00Z,4.028333336777157
2017-10-01T08:00:00Z,4.290277783075968
2017-10-01T09:00:00Z,6.728611120912764
2017-10-01T10:00:00Z,6.645833334657881
2017-10-01T11:00:00Z,6.627777788374159
2017-10-01T12:00:00Z,6.848888879352145
2017-10-01T13:00:00Z,7.047500023576949
2017-10-01T14:00:00Z,6.934166679117415
2017-10-01T15:00:00Z,6.818333347638448
2017-10-01T16:00:00Z,6.044444437821706
2017-10-01T17:00:00Z,5.377499997615814
2017-10-01T18:00:00Z,5.3111111124356585
2017-10-01T19:00:00Z,5.725833329889509
2017-10-01T20:00:00Z,5.694166674216588
2017-10-01T21:00:00Z,5.679166660706202
2017-10-01T22:00:00Z,6.440277781751421
2017-10-01T23:00:00Z,6.441388895776536
2017-10-02T00:00:00Z,5.751666678322686
2017-10-02T01:00:00Z,7.07694443596734
2017-10-02T02:00:00Z,6.3700000113911095
2017-10-02T03:00:00Z,6.268888907962375
2017-10-02T04:00:00Z,5.318055546283722
2017-10-02T05:00:00Z,5.678333324856228
2017-10-02T06:00:00Z,5.075833319293128
2017-10-02T07:00:00Z,5.425555554363463
2017-10-02T08:00:00Z,6.224999998013178
2017-10-02T09:00:00Z,7.848611127005683
2017-10-02T10:00:00Z,7.843888878822327
2017-10-02T11:00:00Z,8.601388914055294
2017-10-02T12:00:00Z,8.136666662163204
2017-10-02T13:00:00Z,7.541666666666667
2017-10-02T14:00:00Z,7.805833340353436
2017-10-02T15:00:00Z,6.463611119985581
2017-10-02T16:00:00Z,6.2977777798970545
2017-10-02T17:00:00Z,5.66666667064031
2017-10-02T18:00:00Z,5.383888880411784
2017-10-02T19:00:00Z,5.260277783870697
2017-10-02T20:00:00Z,3.4033333334657883
2017-10-02T21:00:00Z,2.8352777696318094
2017-10-02T22:00:00Z,3.140555554297235
2017-10-02T23:00:00Z,2.678611104687055
2017-10-03T00:00:00Z,2.7202777706086634
2017-10-03T01:00:00Z,2.2197222205913727
2017-10-03T02:00:00Z,3.1194444414642124
2017-10-03T03:00:00Z,3.201111107071241
2017-10-03T04:00:00Z,2.3469444325193765
2017-10-03T05:00:00Z,1.5299999958939023
2017-10-03T06:00:00Z,3.0386111150185267
2017-10-03T07:00:00Z,3.1786111063427396
2017-10-03T08:00:00Z,4.10027777949969
2017-10-03T09:00:00Z,4.603055548005634
2017-10-03T10:00:00Z,4.526666656136513
2017-10-03T11:00:00Z,4.355277772744497
2017-10-03T12:00:00Z,4.001388886570931
2017-10-03T13:00:00Z,2.6902777761220933
2017-10-03T14:00:00Z,3.053611113296615
2017-10-03T15:00:00Z,3.4483333302868737
2017-10-03T16:00:00Z,2.7402777781089145
2017-10-03T17:00:00Z,2.2002777740359307
2017-10-03T18:00:00Z,2.668611110581292
2017-10-03T19:00:00Z,2.840833334128062
2017-10-03T20:00:00Z,1.7119444406694837
2017-10-03T21:00:00Z,1.481944442126486
2017-10-03T22:00:00Z,1.9686111135615243
2017-10-03T23:00:00Z,1.4224999928639994
2017-10-04T00:00:00Z,1.8294444422754976
2017-10-04T01:00:00Z,1.3177777772769332
2017-10-04T02:00:00Z,1.7780555493301815
2017-10-04T03:00:00Z,2.671666665871938
2017-10-04T04:00:00Z,3.2649999929798974
2017-10-04T05:00:00Z,3.6908333288298714
2017-10-04T06:00:00Z,3.919444446100129
2017-10-04T07:00:00Z,4.733611108197106
2017-10-04T08:00:00Z,4.496388893657261
2017-10-04T09:00:00Z,6.1061111244890425
2017-10-04T10:00:00Z,5.823333331611422
2017-10-04T11:00:00Z,6.414722223414315
2017-10-04T12:00:00Z,6.971944444709354
2017-10-04T13:00:00Z,7.213888900809818
2017-10-04T14:00:00Z,6.592500009801653
2017-10-04T15:00:00Z,6.471944455305735
2017-10-04T16:00:00Z,5.802777801619635
2017-10-04T17:00:00Z,4.7422222203678555
2017-10-04T18:00:00Z,5.299999990728167
2017-10-04T19:00:00Z,4.363333325253593
2017-10-04T20:00:00Z,5.507777785261472
2017-10-04T21:00:00Z,6.1861111124356585
2017-10-04T22:00:00Z,6.637777774201499
2017-10-04T23:00:00Z,8.610000026226043
2017-10-05T00:00:00Z,7.948055557409922
2017-10-05T01:00:00Z,9.549999970859952
2017-10-05T02:00:00Z,7.4144444505373635
2017-10-05T03:00:00Z,7.161111115084754
2017-10-05T04:00:00Z,8.41138891114129
2017-10-05T05:00:00Z,7.714166679647234
2017-10-05T06:00:00Z,7.152500001589457
2017-10-05T07:00:00Z,7.394166682163874
2017-10-05T08:00:00Z,6.7813888980282675
2017-10-05T09:00:00Z,6.613055562973022
2017-10-05T10:00:00Z,7.377222229374779
2017-10-05T11:00:00Z,5.312499990065892
2017-10-05T12:00:00Z,5.085000001059639
2017-10-05T13:00:00Z,5.685277775592274
2017-10-05T14:00:00Z,5.622777783208424
2017-10-05T15:00:00Z,4.716111109654109
2017-10-05T16:00:00Z,3.9255555576748318
2017-10-05T17:00:00Z,2.858611112833023
2017-10-05T18:00:00Z,2.717222218712171
2017-10-05T19:00:00Z,2.614444440934393
2017-10-05T20:00:00Z,2.8083333240614996
2017-10-05T21:00:00Z,2.98305555317137
2017-10-05T22:00:00Z,2.7027777794334624
2017-10-05T23:00:00Z,2.3891666654083465
2017-10-06T00:00:00Z,2.649444441662894
2017-10-06T01:00:00Z,3.2730555560853745
2017-10-06T02:00:00Z,2.2911111023690967
2017-10-06T03:00:00Z,2.787777769896719
2017-10-06T04:00:00Z,2.8733333319425585
2017-10-06T05:00:00Z,2.5977777726120417
2017-10-06T06:00:00Z,2.812222213215298
2017-10-06T07:00:00Z,2.6438888877630236
2017-10-06T08:00:00Z,3.6975000093380612
2017-10-06T09:00:00Z,4.18861111038261
2017-10-06T10:00:00Z,4.534444454643461
2017-10-06T11:00:00Z,3.5838888863722485
2017-10-06T12:00:00Z,3.317222219043308
2017-10-06T13:00:00Z,2.7994444443119897
2017-10-06T14:00:00Z,3.2436111095878815
2017-10-06T15:00:00Z,2.650277774532636
2017-10-06T16:00:00Z,1.8277777747975454
2017-10-06T17:00:00Z,2.1249999943706723
2017-10-06T18:00:00Z,1.9447222123543422
2017-10-06T19:00:00Z,2.36611110303137
2017-10-06T20:00:00Z,2.5830555571450127
2017-10-06T21:00:00Z,2.786666665805711
2017-10-06T22:00:00Z,3.1688888904121186
2017-10-06T23:00:00Z,4.140833338101705
2017-10-07T00:00:00Z,4.320555561118656
2017-10-07T01:00:00Z,4.772222215599484
2017-10-07T02:00:00Z,3.742499997549587
2017-10-07T03:00:00Z,4.024722223480542
2017-10-07T04:00:00Z,5.393055557542377
2017-10-07T05:00:00Z,5.631666678852505
2017-10-07T06:00:00Z,4.982222219308217
2017-10-07T07:00:00Z,4.3949999968210856
2017-10-07T08:00:00Z,6.480277763472663
2017-10-07T09:00:00Z,7.713888903458913
2017-10-07T10:00:00Z,7.330833345651627
2017-10-07T11:00:00Z,7.9033333407508
2017-10-07T12:00:00Z,6.994444435834884
2017-10-07T13:00:00Z,6.0655555665493015
2017-10-07T14:00:00Z,7.004444449477726
2017-10-07T15:00:00Z,6.113333337174522
2017-10-07T16:00:00Z,5.874444431066513
2017-10-07T17:00:00Z,4.422500001059638
2017-10-07T18:00:00Z,2.8794444425238503
2017-10-07T19:00:00Z,1.8644444435834884
2017-10-07T20:00:00Z,2.1227777704596518
2017-10-07T21:00:00Z,2.2269444432523517
2017-10-07T22:00:00Z,2.1244444410006205
2017-10-07T23:00:00Z,2.167777775062455
2017-10-08T00:00:00Z,1.7999999955296517
2017-10-08T01:00:00Z,2.486666665143437
2017-10-08T02:00:00Z,2.317222221692403
2017-10-08T03:00:00Z,1.5397222176194192
2017-10-08T04:00:00Z,0.47638889398011897
2017-10-08T05:00:00Z,1.12388888667855
2017-10-08T06:00:00Z,1.5372222195896836
2017-10-08T07:00:00Z,1.410277775923411
2017-10-08T08:00:00Z,1.5527777715068725
2017-10-08T09:00:00Z,1.730000000860956
2017-10-08T10:00:00Z,1.286944441145493
2017-10-08T11:00:00Z,1.6322222216261757
2017-10-08T12:00:00Z,1.9883333356844055
2017-10-08T13:00:00Z,1.6741666616251072
2017-10-08T14:00:00Z,3.0205555495288636
2017-10-08T15:00:00Z,3.3241666674613954
2017-10-08T16:00:00Z,1.9488888846503363
2017-10-08T17:00:00Z,1.0755555579852727
2017-10-08T18:00:00Z,0.6622222239772478
2017-10-08T19:00:00Z,0.7616666698000497
2017-10-08T20:00:00Z,0.529722224900292
2017-10-08T21:00:00Z,0.8025000025828679
2017-10-08T22:00:00Z,1.0958333352580667
2017-10-08T23:00:00Z,0.7875000022351741
2017-10-09T00:00:00Z,0.859722223215633
2017-10-09T01:00:00Z,0.9127777768092022
2017-10-09T02:00:00Z,0.3583333361479971
2017-10-09T03:00:00Z,0.5586111155028145
2017-10-09T04:00:00Z,0.2738888915628195
2017-10-09T05:00:00Z,0.4283333363632361
2017-10-09T06:00:00Z,1.055277777587374
2017-10-09T07:00:00Z,0.19833333608176973
2017-10-09T08:00:00Z,2.6286111095713243
2017-10-09T09:00:00Z,3.150833323266771
2017-10-09T10:00:00Z,3.2924999988741344
2017-10-09T11:00:00Z,3.3594444445437857
2017-10-09T12:00:00Z,3.108611104885737
2017-10-09T13:00:00Z,4.861388885312611
2017-10-09T14:00:00Z,4.3644444419278035
2017-10-09T15:00:00Z,2.8449999898672105
2017-10-09T16:00:00Z,2.542499996225039
2017-10-09T17:00:00Z,2.6705555465486315
2017-10-09T18:00:00Z,2.750555550058683
2017-10-09T19:00:00Z,2.494999995827675
2017-10-09T20:00:00Z,2.783055564098888
2017-10-09T21:00:00Z,2.827499998609225
2017-10-09T22:00:00Z,2.1127777712212668
2017-10-09T23:00:00Z,1.4336111100390554
2017-10-10T00:00:00Z,1.7072222164521615
2017-10-10T01:00:00Z,3.1077777796321446
2017-10-10T02:00:00Z,4.143333331743876
2017-10-10T03:00:00Z,4.04638888835907
2017-10-10T04:00:00Z,4.510555551449458
2017-10-10T05:00:00Z,4.5905555460188125
2017-10-10T06:00:00Z,4.63333333796925
2017-10-10T07:00:00Z,4.495555547873179
2017-10-10T08:00:00Z,5.075833351744546
2017-10-10T09:00:00Z,5.240555558602015
2017-10-10T10:00:00Z,6.550555549727546
2017-10-10T11:00:00Z,6.247777783208424
2017-10-10T12:00:00Z,6.3605555540985534
2017-10-10T13:00:00Z,5.8008333418104385
2017-10-10T14:00:00Z,7.001111123296949
2017-10-10T15:00:00Z,6.956666668256124
2017-10-10T16:00:00Z,5.417222225003773
2017-10-10T17:00:00Z,5.740555562575659
2017-10-10T18:00:00Z,6.103611112965478
2017-10-10T19:00:00Z,6.035555566681756
2017-10-10T20:00:00Z,5.640277789698707
2017-10-10T21:00:00Z,5.682499999470181
2017-10-10T22:00:00Z,6.715277792347802
2017-10-10T23:00:00Z,6.579722229639689
2017-10-11T00:00:00Z,6.838333355055915
2017-10-11T01:00:00Z,6.461666659514109
2017-10-11T02:00:00Z,6.803055563900206
2017-10-11T03:00:00Z,6.68138889670372
2017-10-11T04:00:00Z,6.3713888910081655
2017-10-11T05:00:00Z,6.035555571317673
2017-10-11T06:00:00Z,5.811666667461395
2017-10-11T07:00:00Z,6.449999997350905
2017-10-11T08:00:00Z,6.804166671302584
2017-10-11T09:00:00Z,7.152499997615815
2017-10-11T10:00:00Z,8.007222232553694
2017-10-11T11:00:00Z,8.589722230699326
2017-10-11T12:00:00Z,8.278055561913384
2017-10-11T13:00:00Z,9.206388892067803
2017-10-11T14:00:00Z,8.736111146873897
2017-10-11T15:00:00Z,7.772222234143151
2017-10-11T16:00:00Z,8.494444466961754
2017-10-11T17:00:00Z,7.192222220367856
2017-10-11T18:00:00Z,6.8163888858424295
2017-10-11T19:00:00Z,6.078333334128062
2017-10-11T20:00:00Z,5.1041666620307495
2017-10-11T21:00:00Z,5.34222221771876
2017-10-11T22:00:00Z,3.9361111084620157
2017-10-11T23:00:00Z,3.9538888772328695
2017-10-12T00:00:00Z,4.475277768903308
2017-10-12T01:00:00Z,4.752499996291267
2017-10-12T02:00:00Z,4.5644444326559706
2017-10-12T03:00:00Z,3.7813888874318864
2017-10-12T04:00:00Z,3.1066666692495346
2017-10-12T05:00:00Z,2.7927777715855173
2017-10-12T06:00:00Z,1.2669444455868668
2017-10-12T07:00:00Z,2.5224999974171323
2017-10-12T08:00:00Z,3.2441666699118086
2017-10-12T09:00:00Z,4.803055551317003
2017-10-12T10:00:00Z,5.254166673289405
2017-10-12T11:00:00Z,5.070555555158191
2017-10-12T12:00:00Z,5.664444435305065
2017-10-12T13:00:00Z,5.938055559661653
2017-10-12T14:00:00Z,5.59194445014
2017-10-12T15:00:00Z,5.094166662957933
2017-10-12T16:00:00Z,4.587500001324548
2017-10-12T17:00:00Z,3.7408333331346513
2017-10-12T18:00:00Z,3.2297222190433077
2017-10-12T19:00:00Z,3.747500002384186
2017-10-12T20:00:00Z,3.4291666652179424
2017-10-12T21:00:00Z,2.3852777786759867
2017-10-12T22:00:00Z,3.2536111033625073
2017-10-12T23:00:00Z,3.8841666695144443
2017-10-13T00:00:00Z,3.7830555554893284
2017-10-13T01:00:00Z,2.6980555597278806
2017-10-13T02:00:00Z,4.049722209572792
2017-10-13T03:00:00Z,4.225833335849974
2017-10-13T04:00:00Z,5.157500006092919
2017-10-13T05:00:00Z,5.280833325783411
2017-10-13T06:00:00Z,5.771111126740774
2017-10-13T07:00:00Z,5.659166675143772
2017-10-13T08:00:00Z,6.13944444656372
2017-10-13T09:00:00Z,6.438333337174521
2017-10-13T10:00:00Z,6.6519444525241855
2017-10-13T11:00:00Z,6.9008333497577246
2017-10-13T12:00:00Z,5.989444449212816
2017-10-13T13:00:00Z,6.063611112700569
2017-10-13T14:00:00Z,6.086666667461396
2017-10-13T15:00:00Z,5.568611107932197
2017-10-13T16:00:00Z,5.043611123164495
2017-10-13T17:00:00Z,6.188888879617055
2017-10-13T18:00:00Z,5.877777793010076
2017-10-13T19:00:00Z,4.9174999998675455
2017-10-13T20:00:00Z,3.950833330220646
2017-10-13T21:00:00Z,4.529722220367855
2017-10-13T22:00:00Z,4.185277781221601
2017-10-13T23:00:00Z,4.751666667726305
2017-10-14T00:00:00Z,4.674444450934728
2017-10-14T01:00:00Z,4.304166669315762
2017-10-14T02:00:00Z,4.221111104885737
2017-10-14T03:00:00Z,3.915833332803514
2017-10-14T04:00:00Z,3.3119444453054006
2017-10-14T05:00:00Z,3.8744444410006205
2017-10-14T06:00:00Z,3.8691666629579333
2017-10-14T07:00:00Z,4.298055555423101
2017-10-14T08:00:00Z,4.5322222265932295
2017-10-14T09:00:00Z,4.505555552244187
2017-10-14T10:00:00Z,4.724444435040156
2017-10-14T11:00:00Z,4.600555551052094
2017-10-14T12:00:00Z,4.176388886570931
2017-10-14T13:00:00Z,3.9800000005298193
2017-10-14T14:00:00Z,3.568888886438476
2017-10-14T15:00:00Z,2.581666664779186
2017-10-14T16:00:00Z,1.3005555581715371
2017-10-14T17:00:00Z,2.3061111089256077
2017-10-14T18:00:00Z,2.68055556151602
2017-10-14T19:00:00Z,2.2780555519792767
2017-10-14T20:00:00Z,1.9358333319425582
2017-10-14T21:00:00Z,2.6030555518137084
2017-10-14T22:00:00Z,2.9458333344923124
2017-10-14T23:00:00Z,2.598333327886131
2017-10-15T00:00:00Z,2.128611105514897
2017-10-15T01:00:00Z,2.5463888860411115
2017-10-15T02:00:00Z,2.324444437916908
2017-10-15T03:00:00Z,2.1383333342356816
2017-10-15T04:00:00Z,1.6261111116657654
2017-10-15T05:00:00Z,2.9677777770492764
2017-10-15T06:00:00Z,3.204999996556176
2017-10-15T07:00:00Z,3.785277771618631
2017-10-15T08:00:00Z,3.5591666638851165
2017-10-15T09:00:00Z,4.238055553038915
2017-10-15T10:00:00Z,5.314722216791576
2017-10-15T11:00:00Z,6.311666659514109
2017-10-15T12:00:00Z,5.442500004503462
2017-10-15T13:00:00Z,5.091111108329561
2017-10-15T14:00:00Z,5.19694443874889
2017-10-15T15:00:00Z,5.290555546018813
2017-10-15T16:00:00Z,2.831666664282481
2017-10-15T17:00:00Z,3.3772222220897676
2017-10-15T18:00:00Z,2.18749999569522
2017-10-15T19:00:00Z,1.8019444391959243
2017-10-15T20:00:00Z,1.733055548204316
2017-10-15T21:00:00Z,1.2330555536680752
2017-10-15T22:00:00Z,1.5319444422092703
2017-10-15T23:00:00Z,4.195833326710595
2017-10-16T00:00:00Z,4.446388883060879
2017-10-16T01:00:00Z,2.682777770029174
2017-10-16T02:00:00Z,2.1052777712543804
2017-10-16T03:00:00Z,3.3663888848490187
2017-10-16T04:00:00Z,1.9699999943375588
2017-10-16T05:00:00Z,3.2466666642162534
2017-10-16T06:00:00Z,3.5766666577921975
2017-10-16T07:00:00Z,3.4813888824648327
2017-10-16T08:00:00Z,6.149444462855657
2017-10-16T09:00:00Z,8.162500023179584
2017-10-16T10:00:00Z,8.413611131244236
2017-10-16T11:00:00Z,9.088055584165785
2017-10-16T12:00:00Z,8.743333352936638
2017-10-16T13:00:00Z,8.864166694217259
2017-10-16T14:00:00Z,8.727499996291266
2017-10-16T15:00:00Z,10.20805554257499
2017-10-16T16:00:00Z,8.873333346843719
2017-10-16T17:00:00Z,8.587777790758345
2017-10-16T18:00:00Z,8.268055559529198
2017-10-16T19:00:00Z,7.624444456895192
2017-10-16T20:00:00Z,6.776111110713747
2017-10-16T21:00:00Z,6.865277791023255
2017-10-16T22:00:00Z,6.61583333545261
2017-10-16T23:00:00Z,6.59416667289204
2017-10-17T00:00:00Z,6.302222231361601
2017-10-17T01:00:00Z,6.643055555555556
2017-10-17T02:00:00Z,4.450000004635917
2017-10-17T03:00:00Z,4.7138888981607225
2017-10-17T04:00:00Z,4.972222224209044
2017-10-17T05:00:00Z,4.224999994701809
2017-10-17T06:00:00Z,3.7561111006471846
2017-10-17T07:00:00Z,2.6299999966389604
2017-10-17T08:00:00Z,3.339166662428114
2017-10-17T09:00:00Z,2.9016666690508526
2017-10-17T10:00:00Z,2.5436111112435658
2017-10-17T11:00:00Z,2.443611109919018
2017-10-17T12:00:00Z,2.2833333262138895
2017-10-17T13:00:00Z,2.0997222107317715
2017-10-17T14:00:00Z,2.266388883193334
2017-10-17T15:00:00Z,1.9752777732080884
2017-10-17T16:00:00Z,1.528333335224953
2017-10-17T17:00:00Z,0.7977777783034576
2017-10-17T18:00:00Z,0.9891666689680683
2017-10-17T19:00:00Z,1.0525000001407332
2017-10-17T20:00:00Z,0.941388889753984
2017-10-17T21:00:00Z,1.56444443979611
2017-10-17T22:00:00Z,2.1861111069718997
2017-10-17T23:00:00Z,3.297222211956978
2017-10-18T00:00:00Z,2.860277780559328
2017-10-18T01:00:00Z,2.69805555658208
2017-10-18T02:00:00Z,2.9883333322074677
2017-10-18T03:00:00Z,3.4094444433848063
2017-10-18T04:00:00Z,3.404166666666667
2017-10-18T05:00:00Z,3.91833333240615
2017-10-18T06:00:00Z,3.823888886968295
2017-10-18T07:00:00Z,3.6119444419940314
2017-10-18T08:00:00Z,3.868055557873514
2017-10-18T09:00:00Z,3.832777781950103
2017-10-18T10:00:00Z,3.95416665772597
2017-10-18T11:00:00Z,3.6111111094554267
2017-10-18T12:00:00Z,3.0980555570787853
2017-10-18T13:00:00Z,2.5422222228513824
2017-10-18T14:00:00Z,1.746944442556964
2017-10-18T15:00:00Z,1.3166666717165045
2017-10-18T16:00:00Z,0.9633333339459367
2017-10-18T17:00:00Z,0.6216666703629825
2017-10-18T18:00:00Z,0.7072222252686818
2017-10-18T19:00:00Z,0.8516666696924302
2017-10-18T20:00:00Z,0.43555555910699895
2017-10-18T21:00:00Z,0.9219444445437855
2017-10-18T22:00:00Z,1.801944437954161
2017-10-18T23:00:00Z,1.1852777796487013
2017-10-19T00:00:00Z,0.6663888891331023
2017-10-19T01:00:00Z,1.2816666655449405
2017-10-19T02:00:00Z,0.7352777822357085
2017-10-19T03:00:00Z,0.7466666692453954
2017-10-19T04:00:00Z,0.904166668632792
2017-10-19T05:00:00Z,0.8502777819211285
2017-10-19T06:00:00Z,1.039444445922143
2017-10-19T07:00:00Z,1.206944445334375
2017-10-19T08:00:00Z,1.6047222216096189
2017-10-19T09:00:00Z,2.0494444380203882
2017-10-19T10:00:00Z,3.631111113064819
2017-10-19T11:00:00Z,4.750277772876951
2017-10-19T12:00:00Z,4.701111107402378
2017-10-19T13:00:00Z,5.796111118131214
2017-10-19T14:00:00Z,5.182222223944134
2017-10-19T15:00:00Z,5.347500012318293
2017-10-19T16:00:00Z,6.078333342737622
2017-10-19T17:00:00Z,6.365555561913384
2017-10-19T18:00:00Z,7.945833342605167
2017-10-19T19:00:00Z,8.664166666401757
2017-10-19T20:00:00Z,8.358333343929715
2017-10-19T21:00:00Z,6.969722223944134
2017-10-19T22:00:00Z,6.400555566946665
2017-10-19T23:00:00Z,7.751111122634676
2017-10-20T00:00:00Z,8.557500035232968
2017-10-20T01:00:00Z,8.87444443570243
2017-10-20T02:00:00Z,9.118611105283101
2017-10-20T03:00:00Z,9.823888868755764
2017-10-20T04:00:00Z,10.550555566946665
2017-10-20T05:00:00Z,9.243611117204031
2017-10-20T06:00:00Z,8.351944466431936
2017-10-20T07:00:00Z,7.953333350022634
2017-10-20T08:00:00Z,9.298611116409301
2017-10-20T09:00:00Z,8.438888907432556
2017-10-20T10:00:00Z,7.599722228447596
2017-10-20T11:00:00Z,7.740000006225374
2017-10-20T12:00:00Z,7.0258333497577246
2017-10-20T13:00:00Z,6.978333326180776
2017-10-20T14:00:00Z,7.845000023312039
2017-10-20T15:00:00Z,5.407222217983669
2017-10-20T16:00:00Z,4.650833319955402
2017-10-20T17:00:00Z,4.67305556734403
2017-10-20T18:00:00Z,5.294444441795349
2017-10-20T19:00:00Z,5.5474999997350904
2017-10-20T20:00:00Z,6.500833317306307
2017-10-20T21:00:00Z,6.914444453186459
2017-10-20T22:00:00Z,6.428611096408632
2017-10-20T23:00:00Z,8.267222230964236
2017-10-21T00:00:00Z,7.788611127270593
2017-10-21T01:00:00Z,7.194166675541136
2017-10-21T02:00:00Z,6.669722221957313
2017-10-21T03:00:00Z,7.489722239971161
2017-10-21T04:00:00Z,7.146666672494677
2017-10-21T05:00:00Z,7.48638889392217
2017-10-21T06:00:00Z,7.662222227785322
2017-10-21T07:00:00Z,8.336111133628421
2017-10-21T08:00:00Z,8.873611101839277
2017-10-21T09:00:00Z,9.716111098395453
2017-10-21T10:00:00Z,10.344444455040826
2017-10-21T11:00:00Z,10.225833328564962
2017-10-21T12:00:00Z,11.932222237851885
2017-10-21T13:00:00Z,11.45194444656372
2017-10-21T14:00:00Z,11.835833336247338
2017-10-21T15:00:00Z,11.221388901604547
2017-10-21T16:00:00Z,10.225555560323928
2017-10-21T17:00:00Z,9.759722222222223
2017-10-21T18:00:00Z,9.368888897365993
2017-10-21T19:00:00Z,8.091111105018191
2017-10-21T20:00:00Z,8.178055557939741
2017-10-21T21:00:00Z,7.416388879881965
2017-10-21T22:00:00Z,7.926111100779639
2017-10-21T23:00:00Z,8.543333327770233
2017-10-22T00:00:00Z,7.768333342340258
2017-10-22T01:00:00Z,7.6733333435323505
2017-10-22T02:00:00Z,6.326388884252972
2017-10-22T03:00:00Z,6.894722229904598
2017-10-22T04:00:00Z,7.234166679117415
2017-10-22T05:00:00Z,6.762500011920929
2017-10-22T06:00:00Z,5.454722208446927
2017-10-22T07:00:00Z,5.040833330816692
2017-10-22T08:00:00Z,7.420833322736952
2017-10-22T09:00:00Z,8.691666654745738
2017-10-22T10:00:00Z,8.737777777512868
2017-10-22T11:00:00Z,8.711388891273074
2017-10-22T12:00:00Z,7.643611115879483
2017-10-22T13:00:00Z,6.555833335717519
2017-10-22T14:00:00Z,7.625277780824238
2017-10-22T15:00:00Z,7.09722221493721
2017-10-22T16:00:00Z,4.0980555491315
2017-10-22T17:00:00Z,3.427222219771809
2017-10-22T18:00:00Z,2.1672222190433077
2017-10-22T19:00:00Z,3.533055559462971
2017-10-22T20:00:00Z,4.210555555423101
2017-10-22T21:00:00Z,4.468055548270543
2017-10-22T22:00:00Z,4.872499998410543
2017-10-22T23:00:00Z,4.611944442987442
2017-10-23T00:00:00Z,3.331944445768992
2017-10-23T01:00:00Z,3.3813888880941603
2017-10-23T02:00:00Z,4.027499990993076
2017-10-23T03:00:00Z,3.4638888825972876
2017-10-23T04:00:00Z,4.854722211758296
2017-10-23T05:00:00Z,4.305833331081602
2017-10-23T06:00:00Z,4.389444447888268
2017-10-23T07:00:00Z,4.3013888869020676
2017-10-23T08:00:00Z,4.561111107137468
2017-10-23T09:00:00Z,4.219444457027647
2017-10-23T10:00:00Z,4.649999999337727
2017-10-23T11:00:00Z,4.426111104753282
2017-10-23T12:00:00Z,4.03333332836628
2017-10-23T13:00:00Z,3.8374999980131785
2017-10-23T14:00:00Z,4.0544444461663565
2017-10-23T15:00:00Z,3.913611110713747
2017-10-23T16:00:00Z,4.123611102501552
2017-10-23T17:00:00Z,4.166111107005014
2017-10-23T18:00:00Z,4.123055552774005
2017-10-23T19:00:00Z,4.404722223016951
2017-10-23T20:00:00Z,4.196388887034522
2017-10-23T21:00:00Z,4.410555552774006
2017-10-23T22:00:00Z,2.734444445702765
2017-10-23T23:00:00Z,2.3377777703934246
2017-10-24T00:00:00Z,2.5819444426231914
2017-10-24T01:00:00Z,3.3505555517143675
2017-10-24T02:00:00Z,3.311666661169794
2017-10-24T03:00:00Z,4.490000004238553
2017-10-24T04:00:00Z,4.40805555317137
2017-10-24T05:00:00Z,4.4480555613835655
2017-10-24T06:00:00Z,6.181666687462065
2017-10-24T07:00:00Z,6.789722228712506
2017-10-24T08:00:00Z,7.660555568006304
2017-10-24T09:00:00Z,7.277777773804135
2017-10-24T10:00:00Z,6.993888890743255
2017-10-24T11:00:00Z,6.019444429212147
2017-10-24T12:00:00Z,6.360833349492815
2017-10-24T13:00:00Z,7.1525000042385525
2017-10-24T14:00:00Z,7.29111112886005
2017-10-24T15:00:00Z,7.28277778757943
2017-10-24T16:00:00Z,6.5522222220897675
2017-10-24T17:00:00Z,6.5763888882266155
2017-10-24T18:00:00Z,7.42944446404775
2017-10-24T19:00:00Z,6.172777778572506
2017-10-24T20:00:00Z,6.758333333333334
2017-10-24T21:00:00Z,5.978888879881965
2017-10-24T22:00:00Z,5.936944444311989
2017-10-24T23:00:00Z,5.940833336114883
2017-10-25T00:00:00Z,5.399722213877572
2017-10-25T01:00:00Z,4.730277784003151
2017-10-25T02:00:00Z,4.166111123892996
2017-10-25T03:00:00Z,5.278888893127442
2017-10-25T04:00:00Z,6.097500009669198
2017-10-25T05:00:00Z,5.222500002384185
2017-10-25T06:00:00Z,4.033888885709975
2017-10-25T07:00:00Z,2.9047222197055818
2017-10-25T08:00:00Z,3.39611110885938
2017-10-25T09:00:00Z,3.7427777734067704
2017-10-25T10:00:00Z,3.5908333278364606
2017-10-25T11:00:00Z,3.456666668587261
2017-10-25T12:00:00Z,3.3866666667991216
2017-10-25T13:00:00Z,2.7888888812727397
2017-10-25T14:00:00Z,2.3474999919533728
2017-10-25T15:00:00Z,1.8541666623618869
2017-10-25T16:00:00Z,1.4777777757909563
2017-10-25T17:00:00Z,2.1799999919202593
2017-10-25T18:00:00Z,2.548611103163825
2017-10-25T19:00:00Z,1.9255555485685667
2017-10-25T20:00:00Z,1.7252777732908726
2017-10-25T21:00:00Z,1.0233333361024657
2017-10-25T22:00:00Z,0.9597222227189276
2017-10-25T23:00:00Z,1.3866666618320678
2017-10-26T00:00:00Z,1.126944443749057
2017-10-26T01:00:00Z,0.7444444483146071
2017-10-26T02:00:00Z,0.5333333367067906
2017-10-26T03:00:00Z,0.15805555751754177
2017-10-26T04:00:00Z,0.9638888934420214
2017-10-26T05:00:00Z,0.2511111137974593
2017-10-26T06:00:00Z,0.6955555582419037
2017-10-26T07:00:00Z,1.1733333327704005
2017-10-26T08:00:00Z,2.028333326470521
2017-10-26T09:00:00Z,2.6847222139437994
2017-10-26T10:00:00Z,3.5463888860411115
2017-10-26T11:00:00Z,3.5508333295583725
2017-10-26T12:00:00Z,3.3627777804931003
2017-10-26T13:00:00Z,3.189166664083799
2017-10-26T14:00:00Z,2.7283333278364603
2017-10-26T15:00:00Z,2.3936111092567445
2017-10-26T16:00:00Z,2.0441666566663317
2017-10-26T17:00:00Z,1.4894444402307272
2017-10-26T18:00:00Z,1.5536111089090505
2017-10-26T19:00:00Z,1.5713888875726196
2017-10-26T20:00:00Z,1.9777777769499354
2017-10-26T21:00:00Z,1.6019444432523515
2017-10-26T22:00:00Z,1.6916666608717708
2017-10-26T23:00:00Z,1.0788888921754227
2017-10-27T00:00:00Z,0.7066666726643841
2017-10-27T01:00:00Z,3.8411111030313703
2017-10-27T02:00:00Z,3.5361111124356586
2017-10-27T03:00:00Z,3.1808333261145485
2017-10-27T04:00:00Z,2.06638888683584
2017-10-27T05:00:00Z,1.738888880941603
2017-10-27T06:00:00Z,1.935555551118321
2017-10-27T07:00:00Z,2.7033333347903357
2017-10-27T08:00:00Z,3.4027777791023253
2017-10-27T09:00:00Z,4.064999989668528
2017-10-27T10:00:00Z,3.137222224473953
2017-10-27T11:00:00Z,2.6036111044387025
2017-10-27T12:00:00Z,1.3494444458641939
2017-10-27T13:00:00Z,0.7897222217586305
2017-10-27T14:00:00Z,1.56416666166236
2017-10-27T15:00:00Z,1.7744444395932886
2017-10-27T16:00:00Z,1.113333335849974
2017-10-27T17:00:00Z,1.068333335303598
2017-10-27T18:00:00Z,1.4166666678256459
2017-10-27T19:00:00Z,1.7527777728107241
2017-10-27T20:00:00Z,1.4944444371594323
2017-10-27T21:00:00Z,1.9174999919202593
2017-10-27T22:00:00Z,1.7450000001324548
2017-10-27T23:00:00Z,1.67027777367168
2017-10-28T00:00:00Z,2.2533333281675976
2017-10-28T01:00:00Z,2.484722218910853
2017-10-28T02:00:00Z,1.6936111111193894
2017-10-28T03:00:00Z,1.4513888873987728
2017-10-28T04:00:00Z,2.176388884252972
2017-10-28T05:00:00Z,2.5791666616996127
2017-10-28T06:00:00Z,2.5561111082633334
2017-10-28T07:00:00Z,2.12888888253106
2017-10-28T08:00:00Z,1.6869444414973258
2017-10-28T09:00:00Z,3.584444443715943
2017-10-28T10:00:00Z,4.985555559396744
2017-10-28T11:00:00Z,5.435000003708733
2017-10-28T12:00:00Z,5.509166664878527
2017-10-28T13:00:00Z,6.321111122767131
2017-10-28T14:00:00Z,6.438333319293128
2017-10-28T15:00:00Z,6.910833336909612
2017-10-28T16:00:00Z,5.786666662825478
2017-10-28T17:00:00Z,5.919999998807907
2017-10-28T18:00:00Z,6.783611112833023
2017-10-28T19:00:00Z,6.6811111251513164
2017-10-28T20:00:00Z,6.2219444612662
2017-10-28T21:00:00Z,6.7877777775128685
2017-10-28T22:00:00Z,7.271388907565011
2017-10-28T23:00:00Z,6.258888891008165
2017-10-29T00:00:00Z,5.129444432258606
2017-10-29T01:00:00Z,4.675277771552404
2017-10-29T02:00:00Z,4.870000007417467
2017-10-29T03:00:00Z,5.879166656070286
2017-10-29T04:00:00Z,5.07749998834398
2017-10-29T05:00:00Z,3.740000002582868
2017-10-29T06:00:00Z,3.5594444374243417
2017-10-29T07:00:00Z,3.2213888976309035
2017-10-29T08:00:00Z,5.533333339624935
2017-10-29T09:00:00Z,6.456666673554315
2017-10-29T10:00:00Z,6.243055574099222
2017-10-29T11:00:00Z,5.824722219838036
2017-10-29T12:00:00Z,5.1266666703754
2017-10-29T13:00:00Z,5.422222227520413
2017-10-29T14:00:00Z,4.971388884385427
2017-10-29T15:00:00Z,3.6180555525753233
2017-10-29T16:00:00Z,1.741666659547223
2017-10-29T17:00:00Z,1.673611107468605
2017-10-29T18:00:00Z,1.6058333271079592
2017-10-29T19:00:00Z,1.8222222142749362
2017-10-29T20:00:00Z,1.9174999922513962
2017-10-29T21:00:00Z,0.8100000027774109
2017-10-29T22:00:00Z,0.8041666698331634
2017-10-29T23:00:00Z,0.8055555569628875
2017-10-30T00:00:00Z,0.5150000021482507
2017-10-30T01:00:00Z,0.5569444463898738
2017-10-30T02:00:00Z,1.1372222221559949
2017-10-30T03:00:00Z,0.7594444443368249
2017-10-30T04:00:00Z,1.200555555936363
2017-10-30T05:00:00Z,0.9511111121624708
2017-10-30T06:00:00Z,0.5838888929535945
2017-10-30T07:00:00Z,1.001666664890945
2017-10-30T08:00:00Z,0.5644444459428389
2017-10-30T09:00:00Z,0.4827777816603581
2017-10-30T10:00:00Z,1.4619444424286485
2017-10-30T11:00:00Z,1.2597222205044494
2017-10-30T12:00:00Z,0.9586111137436496
2017-10-30T13:00:00Z,0.7483333364542988
2017-10-30T14:00:00Z,0.5819444485836559
2017-10-30T15:00:00Z,0.4308333367109299
2017-10-30T16:00:00Z,1.182222222122881
2017-10-30T17:00:00Z,0.9097222240434752
2017-10-30T18:00:00Z,1.1244444424907367
2017-10-30T19:00:00Z,1.2852777754267057
2017-10-30T20:00:00Z,0.6069444492666258
2017-10-30T21:00:00Z,0.7063888904949029
2017-10-30T22:00:00Z,0.7886111145632134
2017-10-30T23:00:00Z,0.7188888895842764
2017-10-31T00:00:00Z,0.8125000025042229
2017-10-31T01:00:00Z,0.630277782264683
2017-10-31T02:00:00Z,0.640833336715069
2017-10-31T03:00:00Z,0.9036111146832506
2017-10-31T04:00:00Z,2.7202777759896386
2017-10-31T05:00:00Z,3.1025000002649095
2017-10-31T06:00:00Z,2.845833333995607
2017-10-31T07:00:00Z,2.4580555477076107
2017-10-31T08:00:00Z,3.5625
2017-10-31T09:00:00Z,3.103888894120852
2017-10-31T10:00:00Z,4.1074999948342645
2017-10-31T11:00:00Z,4.558888889683617
2017-10-31T12:00:00Z,4.41638887723287
2017-10-31T13:00:00Z,4.036111116409302
2017-10-31T14:00:00Z,4.0755555537011885
2017-10-31T15:00:00Z,2.9955555584695603
2017-10-31T16:00:00Z,2.3647222177849874
2017-10-31T17:00:00Z,2.4594444417291217
2017-10-31T18:00:00Z,2.8475000003973645
2017-10-31T19:00:00Z,2.644999991191758
2017-10-31T20:00:00Z,2.337777775526047
2017-10-31T21:00:00Z,2.549999992052714
2017-10-31T22:00:00Z,1.7922222175531917
2017-10-31T23:00:00Z,1.8802777707576752
2017-11-01T00:00:00Z,1.2658333325551616
2017-11-01T01:00:00Z,0.7027777791230215
2017-11-01T02:00:00Z,0.8963888921671443
2017-11-01T03:00:00Z,1.3208333359410365
2017-11-01T04:00:00Z,0.366388891533845
2017-11-01T05:00:00Z,0.3708333348855376
2017-11-01T06:00:00Z,1.0488888912730747
2017-11-01T07:00:00Z,1.0933333358830877
2017-11-01T08:00:00Z,1.168888887597455
2017-11-01T09:00:00Z,0.6291666715716322
2017-11-01T10:00:00Z,1.0766666702512238
2017-11-01T11:00:00Z,2.52333333177699
2017-11-01T12:00:00Z,2.434999998576111
2017-11-01T13:00:00Z,2.6872222244739534
2017-11-01T14:00:00Z,3.195277776900265
2017-11-01T15:00:00Z,1.6744444422423839
2017-11-01T16:00:00Z,1.4599999950991736
2017-11-01T17:00:00Z,1.1269444428798225
2017-11-01T18:00:00Z,1.9519444396098455
2017-11-01T19:00:00Z,1.1708333320915698
2017-11-01T20:00:00Z,0.6152777785435319
2017-11-01T21:00:00Z,0.5091666653338406
2017-11-01T22:00:00Z,0.9730555578238435
2017-11-01T23:00:00Z,0.9469444455992845
2017-11-02T00:00:00Z,0.8277777823723025
2017-11-02T01:00:00Z,0.8477777791312999
2017-11-02T02:00:00Z,0.4516666713274188
2017-11-02T03:00:00Z,0.7044444468079342
2017-11-02T04:00:00Z,0.302777781109843
2017-11-02T05:00:00Z,0.41861111304412285
2017-11-02T06:00:00Z,0.58388889129791
2017-11-02T07:00:00Z,0.3027777812961075
2017-11-02T08:00:00Z,0.4600000041019585
2017-11-02T09:00:00Z,0.4805555599224236
2017-11-02T10:00:00Z,0.8283333362804519
2017-11-02T11:00:00Z,1.262222220790055
2017-11-02T12:00:00Z,1.2119444462574192
2017-11-02T13:00:00Z,1.0669444436828295
2017-11-02T14:00:00Z,0.8188888927507731
2017-11-02T15:00:00Z,1.4308333346413242
2017-11-02T16:00:00Z,1.0386111141492924
2017-11-02T17:00:00Z,1.1547222235136563
2017-11-02T18:00:00Z,0.7836111135573851
2017-11-02T19:00:00Z,0.3141666697545184
2017-11-02T20:00:00Z,0.8519444484056697
2017-11-02T21:00:00Z,0.39777778215292425
2017-11-02T22:00:00Z,0.15805555772450236
2017-11-02T23:00:00Z,0.07750000088579125
2017-11-03T00:00:00Z,0.010277777972320715
2017-11-03T01:00:00Z,0.5438888944064577
2017-11-03T02:00:00Z,0.574722225074139
2017-11-03T03:00:00Z,0.2936111122990648
2017-11-03T04:00:00Z,0.34388889237824416
2017-11-03T05:00:00Z,0.49388889194362695
2017-11-03T06:00:00Z,0.620555559421579
2017-11-03T07:00:00Z,1.0072222215847837
2017-11-03T08:00:00Z,0.908611115357942
2017-11-03T09:00:00Z,1.0694444472384121
2017-11-03T10:00:00Z,0.8744444469196929
2017-11-03T11:00:00Z,1.2777777730176847
2017-11-03T12:00:00Z,1.015000001817114
2017-11-03T13:00:00Z,1.2544444421720173
2017-11-03T14:00:00Z,1.4716666640713811
2017-11-03T15:00:00Z,0.28166666879422136
2017-11-03T16:00:00Z,0.6927777771527569
2017-11-03T17:00:00Z,1.2677777806917827
2017-11-03T18:00:00Z,1.3636111090580623
2017-11-03T19:00:00Z,1.3163888914717568
2017-11-03T20:00:00Z,1.29805555873447
2017-11-03T21:00:00Z,1.4238888864095012
2017-11-03T22:00:00Z,1.9338888816535473
2017-11-03T23:00:00Z,3.7661111027002336
2017-11-04T00:00:00Z,2.5538888851801556
2017-11-04T01:00:00Z,2.619722216327985
2017-11-04T02:00:00Z,2.337777770227856
2017-11-04T03:00:00Z,1.5911111056804657
2017-11-04T04:00:00Z,1.3205555539164278
2017-11-04T05:00:00Z,0.6605555599348413
2017-11-04T06:00:00Z,1.5474999933607048
2017-11-04T07:00:00Z,2.794999994834264
2017-11-04T08:00:00Z,3.230555549595091
2017-11-04T09:00:00Z,4.625833326578141
2017-11-04T10:00:00Z,4.6677777707576755
2017-11-04T11:00:00Z,5.085833332273695
2017-11-04T12:00:00Z,4.513888893855943
2017-11-04T13:00:00Z,4.761388885974884
2017-11-04T14:00:00Z,4.122500001721912
2017-11-04T15:00:00Z,4.5519444419278035
2017-11-04T16:00:00Z,4.181388870875041
2017-11-04T17:00:00Z,3.50361111164093
2017-11-04T18:00:00Z,2.9224999964237215
2017-11-04T19:00:00Z,3.463333328564962
2017-11-04T20:00:00Z,3.2633333298895093
2017-11-04T21:00:00Z,2.7430555484361117
2017-11-04T22:00:00Z,2.9272222303681903
2017-11-04T23:00:00Z,3.356666660308838
2017-11-05T00:00:00Z,3.899166677395503
2017-11-05T01:00:00Z,3.574722221162584
2017-11-05T02:00:00Z,3.0872222195068995
2017-11-05T03:00:00Z,2.344999991191758
2017-11-05T04:00:00Z,3.0863888972335394
2017-11-05T05:00:00Z,2.829166668984625
2017-11-05T06:00:00Z,2.9677777707576753
2017-11-05T07:00:00Z,2.851944440934393
2017-11-05T08:00:00Z,2.496111109521654
2017-11-05T09:00:00Z,4.120833330021965
2017-11-05T10:00:00Z,5.180833335055246
2017-11-05T11:00:00Z,5.548055552774006
2017-11-05T12:00:00Z,5.690833318895764
2017-11-05T13:00:00Z,4.983611107534832
2017-11-05T14:00:00Z,4.6636111153496635
2017-11-05T15:00:00Z,4.359999988476435
2017-11-05T16:00:00Z,2.8055555548932816
2017-11-05T17:00:00Z,2.341666665342119
2017-11-05T18:00:00Z,2.516666662693024
2017-11-05T19:00:00Z,2.6761111080646516
2017-11-05T20:00:00Z,2.349166663487752
2017-11-05T21:00:00Z,2.1750000023179585
2017-11-05T22:00:00Z,2.2738888796832826
2017-11-05T23:00:00Z,2.3202777756585014
2017-11-06T00:00:00Z,1.5611111082964473
2017-11-06T01:00:00Z,1.6677777742346127
2017-11-06T02:00:00Z,1.1483333348193103
2017-11-06T03:00:00Z,0.8444444463484817
2017-11-06T04:00:00Z,0.8755555604687996
2017-11-06T05:00:00Z,0.8191666695185833
2017-11-06T06:00:00Z,0.4438888928749495
2017-11-06T07:00:00Z,1.5602777767512532
2017-11-06T08:00:00Z,0.7902777808200981
2017-11-06T09:00:00Z,0.41388889220025804
2017-11-06T10:00:00Z,0.7311111148446798
2017-11-06T11:00:00Z,1.1633333338217602
2017-11-06T12:00:00Z,3.1738888849814733
2017-11-06T13:00:00Z,3.588611113362842
2017-11-06T14:00:00Z,3.181388882133696
2017-11-06T15:00:00Z,2.946666671170129
2017-11-06T16:00:00Z,3.0691666715674932
2017-11-06T17:00:00Z,3.072222222884496
2017-11-06T18:00:00Z,2.858333330021964
2017-11-06T19:00:00Z,2.461388886306021
2017-11-06T20:00:00Z,2.732777774333954
2017-11-06T21:00:00Z,3.180000000529819
2017-11-06T22:00:00Z,3.6544444501399993
2017-11-06T23:00:00Z,3.72555555038982
2017-11-07T00:00:00Z,4.405833333068424
2017-11-07T01:00:00Z,3.875277766254213
2017-11-07T02:00:00Z,5.060555548138089
2017-11-07T03:00:00Z,3.8038888805442386
2017-11-07T04:00:00Z,4.323888889948527
2017-11-07T05:00:00Z,4.807499992185169
2017-11-07T06:00:00Z,4.281666661633386
2017-11-07T07:00:00Z,4.4655555586020155
2017-11-07T08:00:00Z,4.732222229242325
2017-11-07T09:00:00Z,5.315555540058348
2017-11-07T10:00:00Z,5.68138888809416
2017-11-07T11:00:00Z,5.773055548800363
2017-11-07T12:00:00Z,6.09583333796925
2017-11-07T13:00:00Z,5.4733333276377785
2017-11-07T14:00:00Z,6.152222212817934
2017-11-07T15:00:00Z,4.65277778506279
2017-11-07T16:00:00Z,4.253055556615194
2017-11-07T17:00:00Z,4.401111104091009
2017-11-07T18:00:00Z,4.340833330485556
2017-11-07T19:00:00Z,3.7124999880790712
2017-11-07T20:00:00Z,2.8016666644149355
2017-11-07T21:00:00Z,2.4783333324723773
2017-11-07T22:00:00Z,3.7294444375567966
2017-11-07T23:00:00Z,2.473333326644368
2017-11-08T00:00:00Z,1.8933333314127392
2017-11-08T01:00:00Z,2.2958333247237737
2017-11-08T02:00:00Z,1.8541666616996129
2017-11-08T03:00:00Z,1.6922222192088763
2017-11-08T04:00:00Z,1.4830555516812536
2017-11-08T05:00:00Z,1.4755555523766413
2017-11-08T06:00:00Z,2.023333324491978
2017-11-08T07:00:00Z,1.4758333298895094
2017-11-08T08:00:00Z,1.106944445396463
2017-11-08T09:00:00Z,4.074444436033567
2017-11-08T10:00:00Z,4.86305555038982
2017-11-08T11:00:00Z,5.096944450007545
2017-11-08T12:00:00Z,4.9461111045546
2017-11-08T13:00:00Z,5.427222221427494
2017-11-08T14:00:00Z,5.393611115217209
2017-11-08T15:00:00Z,3.368333339360025
2017-11-08T16:00:00Z,2.783888883392016
2017-11-08T17:00:00Z,1.6569444373250009
2017-11-08T18:00:00Z,1.5599999974171321
2017-11-08T19:00:00Z,0.8977777774342233
2017-11-08T20:00:00Z,1.2599999988658561
2017-11-08T21:00:00Z,1.333888885544406
2017-11-08T22:00:00Z,1.7691666606399747
2017-11-08T23:00:00Z,1.9602777729431788
2017-11-09T00:00:00Z,1.155000000860956
2017-11-09T01:00:00Z,1.2577777774797545
2017-11-09T02:00:00Z,0.26611111522134806
2017-11-09T03:00:00Z,0.7561111151551206
2017-11-09T04:00:00Z,0.5988888912109865
2017-11-09T05:00:00Z,0.3591666693902678
2017-11-09T06:00:00Z,0.7005555595788691
2017-11-09T07:00:00Z,0.6455555590283539
2017-11-09T08:00:00Z,0.37750000278982854
2017-11-09T09:00:00Z,0.7725000029015873
2017-11-09T10:00:00Z,2.074722214208709
2017-11-09T11:00:00Z,2.5958333323399225
2017-11-09T12:00:00Z,2.6819444434510338
2017-11-09T13:00:00Z,1.9805555461181534
2017-11-09T14:00:00Z,2.446944439245595
2017-11-09T15:00:00Z,2.8133333338631523
2017-11-09T16:00:00Z,3.166666660043928
2017-11-09T17:00:00Z,3.289444437954161
2017-11-09T18:00:00Z,2.8766666617658405
2017-11-09T19:00:00Z,2.75111110607783
2017-11-09T20:00:00Z,2.0888888802793293
2017-11-09T21:00:00Z,2.700833322604497
2017-11-09T22:00:00Z,2.7297222246726354
2017-11-09T23:00:00Z,2.697777771949768
2017-11-10T00:00:00Z,3.2125
2017-11-10T01:00:00Z,4.675833315319485
2017-11-10T02:00:00Z,4.2341666678587595
2017-11-10T03:00:00Z,4.538888898160723
2017-11-10T04:00:00Z,5.221111113495297
2017-11-10T05:00:00Z,6.129722219043308
2017-11-10T06:00:00Z,5.096944443384806
2017-11-10T07:00:00Z,5.058611118793488
2017-11-10T08:00:00Z,5.800277781486511
2017-11-10T09:00:00Z,7.106111107932197
2017-11-10T10:00:00Z,6.747222230169508
2017-11-10T11:00:00Z,6.845555553833644
2017-11-10T12:00:00Z,7.1716666585869255
2017-11-10T13:00:00Z,5.662499996026357
2017-11-10T14:00:00Z,5.202222215467029
2017-11-10T15:00:00Z,4.023611106475195
2017-11-10T16:00:00Z,2.986944450603591
2017-11-10T17:00:00Z,3.15777777797646
2017-11-10T18:00:00Z,3.1247222304344175
2017-11-10T19:00:00Z,3.292777779367235
2017-11-10T20:00:00Z,3.456944437821706
2017-11-10T21:00:00Z,4.495555559131835
2017-11-10T22:00:00Z,4.063333327240414
2017-11-10T23:00:00Z,3.67472222050031
2017-11-11T00:00:00Z,3.957222220632765
2017-11-11T01:00:00Z,5.045277778307597
2017-11-11T02:00:00Z,4.914444451861911
2017-11-11T03:00:00Z,5.237777776850594
2017-11-11T04:00:00Z,5.394722221295039
2017-11-11T05:00:00Z,5.017777779367235
2017-11-11T06:00:00Z,5.021944437424342
2017-11-11T07:00:00Z,4.73444444404708
2017-11-11T08:00:00Z,4.323888884650336
2017-11-11T09:00:00Z,4.136111111773385
2017-11-11T10:00:00Z,4.573611122369766
2017-11-11T11:00:00Z,4.140277783075969
2017-11-11T12:00:00Z,3.766111108329561
2017-11-11T13:00:00Z,2.3336111025677786
2017-11-11T14:00:00Z,3.127222214639187
2017-11-11T15:00:00Z,2.2316666613022487
2017-11-11T16:00:00Z,1.9227777706252205
2017-11-11T17:00:00Z,1.3766666673123837
2017-11-11T18:00:00Z,1.1269444475571315
2017-11-11T19:00:00Z,0.5330555582419038
2017-11-11T20:00:00Z,0.7266666685541471
2017-11-11T21:00:00Z,0.5130555601583586
2017-11-11T22:00:00Z,0.2908333350593845
2017-11-11T23:00:00Z,0.7716666691419151
2017-11-12T00:00:00Z,1.0433333335858253
2017-11-12T01:00:00Z,1.559444442556964
2017-11-12T02:00:00Z,1.399999998592668
2017-11-12T03:00:00Z,1.241944445586867
2017-11-12T04:00:00Z,1.7441666608883275
2017-11-12T05:00:00Z,2.636111108130879
2017-11-12T06:00:00Z,3.2180555545621448
2017-11-12T07:00:00Z,3.3775000035762788
2017-11-12T08:00:00Z,3.5355555491314994
2017-11-12T09:00:00Z,5.7749999933772616
2017-11-12T10:00:00Z,6.706111117866304
2017-11-12T11:00:00Z,7.149166676070955
2017-11-12T12:00:00Z,7.597499991787805
2017-11-12T13:00:00Z,7.748333332935969
2017-11-12T14:00:00Z,6.890000010199017
2017-11-12T15:00:00Z,5.7913888739215
2017-11-12T16:00:00Z,3.950555553370052
2017-11-12T17:00:00Z,3.5824999968210856
2017-11-12T18:00:00Z,4.709999999072816
2017-11-12T19:00:00Z,6.164166684945425
2017-11-12T20:00:00Z,4.0105555521117315
2017-11-12T21:00:00Z,3.229999996556176
2017-11-12T22:00:00Z,2.299444439013799
2017-11-12T23:00:00Z,2.8074999986423386
2017-11-13T00:00:00Z,3.142499996887313
2017-11-13T01:00:00Z,1.7963888893938726
2017-11-13T02:00:00Z,2.7644444389475717
2017-11-13T03:00:00Z,3.43166666328907
2017-11-13T04:00:00Z,3.4238888952467175
2017-11-13T05:00:00Z,2.6872222137120034
2017-11-13T06:00:00Z,2.149722218182352
2017-11-13T07:00:00Z,2.64138889114062
2017-11-13T08:00:00Z,2.3663888851801556
2017-11-13T09:00:00Z,2.4736111117733848
2017-11-13T10:00:00Z,2.020555548225012
2017-11-13T11:00:00Z,2.6149999944700135
2017-11-13T12:00:00Z,2.843055552740892
2017-11-13T13:00:00Z,2.7594444440470802
2017-11-13T14:00:00Z,1.9094444344441095
2017-11-13T15:00:00Z,2.3072222183148066
2017-11-13T16:00:00Z,1.9802777755591605
2017-11-13T17:00:00Z,1.626666663421525
2017-11-13T18:00:00Z,1.5788888881603877
2017-11-13T19:00:00Z,1.8319444358348846
2017-11-13T20:00:00Z,1.949999993128909
2017-11-13T21:00:00Z,1.6891666604412927
2017-11-13T22:00:00Z,2.5166666582226753
2017-11-13T23:00:00Z,3.2172222124205696
2017-11-14T00:00:00Z,2.4274999984436567
2017-11-14T01:00:00Z,2.9530555526415507
2017-11-14T02:00:00Z,3.046111113826434
2017-11-14T03:00:00Z,3.182222225268682
2017-11-14T04:00:00Z,3.8827777822812397
2017-11-14T05:00:00Z,4.038055551052094
2017-11-14T06:00:00Z,3.804444436232249
2017-11-14T07:00:00Z,3.8319444325235157
2017-11-14T08:00:00Z,4.0974999990728165
2017-11-14T09:00:00Z,4.8644444478882685
2017-11-14T10:00:00Z,5.284166667858759
2017-11-14T11:00:00Z,4.131388885445065
2017-11-14T12:00:00Z,4.162500001324547
2017-11-14T13:00:00Z,3.8819444358348845
2017-11-14T14:00:00Z,3.660833333598243
2017-11-14T15:00:00Z,3.138055549396409
2017-11-14T16:00:00Z,2.3166666597127916
2017-11-14T17:00:00Z,2.6947222222884495
2017-11-14T18:00:00Z,2.684166674150361
2017-11-14T19:00:00Z,2.923611115415891
2017-11-14T20:00:00Z,2.294166655672921
2017-11-14T21:00:00Z,2.3277777741352716
2017-11-14T22:00:00Z,2.2080555544959175
2017-11-14T23:00:00Z,2.5016666624281143
2017-11-15T00:00:00Z,3.019166660308838
2017-11-15T01:00:00Z,2.140555547674497
2017-11-15T02:00:00Z,1.854444439874755
2017-11-15T03:00:00Z,2.267222215400802
2017-11-15T04:00:00Z,1.6713888845509952
2017-11-15T05:00:00Z,1.123055556933913
2017-11-15T06:00:00Z,0.5933333374145958
2017-11-15T07:00:00Z,1.8022222148047553
2017-11-15T08:00:00Z,1.670833328531848
2017-11-15T09:00:00Z,1.4577777705258794
2017-11-15T10:00:00Z,0.823611114339696
2017-11-15T11:00:00Z,1.3763888855775197
2017-11-15T12:00:00Z,1.3474999973136517
2017-11-15T13:00:00Z,0.6038888926721282
2017-11-15T14:00:00Z,1.2175000022268958
2017-11-15T15:00:00Z,1.8183333265284698
2017-11-15T16:00:00Z,1.4611111085448
2017-11-15T17:00:00Z,0.8027777797025111
2017-11-15T18:00:00Z,0.3700000026780698
2017-11-15T19:00:00Z,0.24611111453009976
2017-11-15T20:00:00Z,1.4313888845344385
2017-11-15T21:00:00Z,2.090277771817313
2017-11-15T22:00:00Z,0.7580555575175418
2017-11-15T23:00:00Z,0.701388892572787
2017-11-16T00:00:00Z,2.1733333236641355
2017-11-16T01:00:00Z,2.141111107998424
2017-11-16T02:00:00Z,2.73166666328907
2017-11-16T03:00:00Z,3.3088888893524806
2017-11-16T04:00:00Z,2.5111111121045218
2017-11-16T05:00:00Z,2.1044444393780495
2017-11-16T06:00:00Z,2.7074999938408535
2017-11-16T07:00:00Z,2.8499999976820414
2017-11-16T08:00:00Z,2.480833333399561
2017-11-16T09:00:00Z,3.4480555514494577
2017-11-16T10:00:00Z,3.8427777707576753
2017-11-16T11:00:00Z,3.467500003841188
2017-11-16T12:00:00Z,3.900833328233825
2017-11-16T13:00:00Z,3.215555554959509
2017-11-16T14:00:00Z,2.9149999952978556
2017-11-16T15:00:00Z,2.66666666203075
2017-11-16T16:00:00Z,2.513333324591319
2017-11-16T17:00:00Z,3.471944441729122
2017-11-16T18:00:00Z,2.6983333286311892
2017-11-16T19:00:00Z,1.1527777729142044
2017-11-16T20:00:00Z,2.9763888918691213
2017-11-16T21:00:00Z,2.626388889220026
2017-11-16T22:00:00Z,2.1569444371594324
2017-11-16T23:00:00Z,2.3574999981456335
2017-11-17T00:00:00Z,1.1547222190433077
2017-11-17T01:00:00Z,1.3927777769664924
2017-11-17T02:00:00Z,0.8569444487492244
2017-11-17T03:00:00Z,0.5194444483559992
2017-11-17T04:00:00Z,0.9347222243953083
2017-11-17T05:00:00Z,0.3561111141203178
2017-11-17T06:00:00Z,0.360833337633974
2017-11-17T07:00:00Z,0.6097222267546587
2017-11-17T08:00:00Z,0.5141666695682539
2017-11-17T09:00:00Z,0.7088888927052418
2017-11-17T10:00:00Z,0.9188888893773158
2017-11-17T11:00:00Z,1.0825000017053552
2017-11-17T12:00:00Z,1.2316666687321332
2017-11-17T13:00:00Z,0.8497222251776192
2017-11-17T14:00:00Z,1.4744444420354235
2017-11-17T15:00:00Z,1.3211111068311665
2017-11-17T16:00:00Z,1.423055553767416
2017-11-17T17:00:00Z,1.4072222214606074
2017-11-17T18:00:00Z,1.3958333326710595
2017-11-17T19:00:00Z,1.6280555493301816
2017-11-17T20:00:00Z,1.6641666611035666
2017-11-17T21:00:00Z,1.5086111086938117
2017-11-17T22:00:00Z,1.4883333287305303
2017-11-17T23:00:00Z,1.6272222169571453
2017-11-18T00:00:00Z,1.313888891041279
2017-11-18T01:00:00Z,1.5869444425735209
2017-11-18T02:00:00Z,1.3908333274018434
2017-11-18T03:00:00Z,1.730555549926228
2017-11-18T04:00:00Z,1.6872222180167833
2017-11-18T05:00:00Z,0.7777777769706316
2017-11-18T06:00:00Z,2.080833333834178
2017-11-18T07:00:00Z,3.525555560323927
2017-11-18T08:00:00Z,4.181388894716899
2017-11-18T09:00:00Z,3.8650000009271834
2017-11-18T10:00:00Z,4.421666674481498
2017-11-18T11:00:00Z,4.031666656997468
2017-11-18T12:00:00Z,4.595000000132455
2017-11-18T13:00:00Z,5.521111106872558
2017-11-18T14:00:00Z,5.852500000927184
2017-11-18T15:00:00Z,5.673333333598243
2017-11-18T16:00:00Z,4.148333324988683
2017-11-18T17:00:00Z,4.16444444126553
2017-11-18T18:00:00Z,3.959166661898295
2017-11-18T19:00:00Z,2.171388889518049
2017-11-18T20:00:00Z,1.0922222247761157
2017-11-18T21:00:00Z,1.3413888876636824
2017-11-18T22:00:00Z,1.0911111114339695
2017-11-18T23:00:00Z,1.680833328432507
2017-11-19T00:00:00Z,1.4469444437159433
2017-11-19T01:00:00Z,1.7605555501249102
2017-11-19T02:00:00Z,2.154444436232249
2017-11-19T03:00:00Z,2.0633333279026878
2017-11-19T04:00:00Z,1.6099999942713314
2017-11-19T05:00:00Z,1.510277772612042
2017-11-19T06:00:00Z,1.468888886190123
2017-11-19T07:00:00Z,1.8447222153345744
2017-11-19T08:00:00Z,1.8594444377554789
2017-11-19T09:00:00Z,1.477222221510278
2017-11-19T10:00:00Z,1.8663888826966286
2017-11-19T11:00:00Z,1.837222215698825
2017-11-19T12:00:00Z,1.5627777785890633
2017-11-19T13:00:00Z,1.9186111053658856
2017-11-19T14:00:00Z,1.5011111112104523
2017-11-19T15:00:00Z,1.3422222203678555
2017-11-19T16:00:00Z,1.6333333300219641
2017-11-19T17:00:00Z,2.060277770956357
2017-11-19T18:00:00Z,1.7388888776302338
2017-11-19T19:00:00Z,1.236666665557358
2017-11-19T20:00:00Z,0.7483333360403777
2017-11-19T21:00:00Z,0.9366666682271494
2017-11-19T22:00:00Z,0.6683333358623915
2017-11-19T23:00:00Z,0.5222222236502502
2017-11-20T00:00:00Z,0.43194444796277415
2017-11-20T01:00:00Z,3.260555555361013
2017-11-20T02:00:00Z,3.057222216327985
2017-11-20T03:00:00Z,2.6141666584544714
2017-11-20T04:00:00Z,4.100555543767081
2017-11-20T05:00:00Z,4.710277775923411
2017-11-20T06:00:00Z,3.9374999887413447
2017-11-20T07:00:00Z,4.668055555555555
2017-11-20T08:00:00Z,3.9452777749962276
2017-11-20T09:00:00Z,5.216111116276847
2017-11-20T10:00:00Z,6.210277776585685
2017-11-20T11:00:00Z,6.141388904386097
2017-11-20T12:00:00Z,5.676111108064651
2017-11-20T13:00:00Z,6.951666682958603
2017-11-20T14:00:00Z,6.86666667064031
2017-11-20T15:00:00Z,6.607222233215968
2017-11-20T16:00:00Z,5.341388894451989
2017-11-20T17:00:00Z,5.029444447490904
2017-11-20T18:00:00Z,4.80027778479788
2017-11-20T19:00:00Z,4.224722219175763
2017-11-20T20:00:00Z,5.47472221520212
2017-11-20T21:00:00Z,5.409444448682997
2017-11-20T22:00:00Z,4.640833325518502
2017-11-20T23:00:00Z,4.319999997483359
2017-11-21T00:00:00Z,3.618333332075013
2017-11-21T01:00:00Z,3.6052777813540566
2017-11-21T02:00:00Z,3.9899999959601296
2017-11-21T03:00:00Z,4.093333331743876
2017-11-21T04:00:00Z,3.3386111093891992
2017-11-21T05:00:00Z,4.472222219573127
2017-11-21T06:00:00Z,4.357777777645323
2017-11-21T07:00:00Z,4.347499992450079
2017-11-21T08:00:00Z,4.222777779897054
2017-11-21T09:00:00Z,4.156666657659742
2017-11-21T10:00:00Z,4.017222218049897
2017-11-21T11:00:00Z,3.8174999975495867
2017-11-21T12:00:00Z,4.331944440801938
2017-11-21T13:00:00Z,6.1369444568951925
2017-11-21T14:00:00Z,6.8716666685210335
2017-11-21T15:00:00Z,7.204444446828631
2017-11-21T16:00:00Z,7.175277784135607
2017-11-21T17:00:00Z,7.625277782811059
2017-11-21T18:00:00Z,7.087222226460775
2017-11-21T19:00:00Z,8.029722216394212
2017-11-21T20:00:00Z,8.445833351877
2017-11-21T21:00:00Z,7.395833341280619
2017-11-21T22:00:00Z,7.935833342870077
2017-11-21T23:00:00Z,7.827500006225374
2017-11-22T00:00:00Z,7.912777786784702
2017-11-22T01:00:00Z,8.241944468021392
2017-11-22T02:00:00Z,8.536388880676693
2017-11-22T03:00:00Z,7.687777777512868
2017-11-22T04:00:00Z,6.451944453186459
2017-11-22T05:00:00Z,7.2108333362473385
2017-11-22T06:00:00Z,8.329166669315763
2017-11-22T07:00:00Z,7.797500007682377
2017-11-22T08:00:00Z,9.36972221268548
2017-11-22T09:00:00Z,10.006388889418709
2017-11-22T10:00:00Z,10.057222215334574
2017-11-22T11:00:00Z,10.388611108726925
2017-11-22T12:00:00Z,10.50722220606274
2017-11-22T13:00:00Z,10.37416667540868
2017-11-22T14:00:00Z,10.177499963177574
2017-11-22T15:00:00Z,10.403888881206512
2017-11-22T16:00:00Z,9.669722225930956
2017-11-22T17:00:00Z,11.309999986489613
2017-11-22T18:00:00Z,11.629722219043307
2017-11-22T19:00:00Z,12.55916664203008
2017-11-22T20:00:00Z,12.156666670905219
2017-11-22T21:00:00Z,12.236666667461396
2017-11-22T22:00:00Z,12.476111091507805
2017-11-22T23:00:00Z,12.893055526415507
2017-11-23T00:00:00Z,11.363333320617675
2017-11-23T01:00:00Z,9.86666668123669
2017-11-23T02:00:00Z,8.36694445874956
2017-11-23T03:00:00Z,5.714166663090388
2017-11-23T04:00:00Z,5.945000009404288
2017-11-23T05:00:00Z,6.24888889922036
2017-11-23T06:00:00Z,8.04166668785943
2017-11-23T07:00:00Z,5.736111110448837
2017-11-23T08:00:00Z,4.541388887166977
2017-11-23T09:00:00Z,5.985277781883876
2017-11-23T10:00:00Z,6.381388880146874
2017-11-23T11:00:00Z,8.82305554681354
2017-11-23T12:00:00Z,9.67111113998625
2017-11-23T13:00:00Z,9.630833335717519
2017-11-23T14:00:00Z,8.028611108991836
2017-11-23T15:00:00Z,6.579166670640309
2017-11-23T16:00:00Z,5.2966666645473905
2017-11-23T17:00:00Z,4.701111118661033
2017-11-23T18:00:00Z,2.5874999903970295
2017-11-23T19:00:00Z,3.0099999960925845
2017-11-23T20:00:00Z,2.1049999985429975
2017-11-23T21:00:00Z,1.3197222215640876
2017-11-23T22:00:00Z,1.7702777735061115
2017-11-23T23:00:00Z,2.3286111096955007
2017-11-24T00:00:00Z,0.9877777780509658
2017-11-24T01:00:00Z,1.469999998807907
2017-11-24T02:00:00Z,1.572499991291099
2017-11-24T03:00:00Z,1.3422222236792247
2017-11-24T04:00:00Z,1.3008333330353101
2017-11-24T05:00:00Z,1.6708333290285535
2017-11-24T06:00:00Z,0.8530555557045671
2017-11-24T07:00:00Z,0.8094444478965468
2017-11-24T08:00:00Z,1.6441666634546386
2017-11-24T09:00:00Z,0.8444444476316373
2017-11-24T10:00:00Z,0.7125000032699771
2017-11-24T11:00:00Z,0.40444444622844455
2017-11-24T12:00:00Z,0.44861111413273547
2017-11-24T13:00:00Z,0.4261111128661368
2017-11-24T14:00:00Z,0.7558333380561736
2017-11-24T15:00:00Z,1.2388888898822996
2017-11-24T16:00:00Z,1.1891666645805041
2017-11-24T17:00:00Z,0.46333333734009
2017-11-24T18:00:00Z,0.9197222246478002
2017-11-24T19:00:00Z,0.5936111147411995
2017-11-24T20:00:00Z,0.46250000248352685
2017-11-24T21:00:00Z,1.0716666644646062
2017-11-24T22:00:00Z,0.8463888905114598
2017-11-24T23:00:00Z,0.6919444472839434
2017-11-25T00:00:00Z,0.6861111122907864
2017-11-25T01:00:00Z,1.2624999969162876
2017-11-25T02:00:00Z,0.9588888913599981
2017-11-25T03:00:00Z,1.3561111086772548
2017-11-25T04:00:00Z,1.8486111051506466
2017-11-25T05:00:00Z,2.4469444394111632
2017-11-25T06:00:00Z,2.2647222220897674
2017-11-25T07:00:00Z,2.7622222208314473
2017-11-25T08:00:00Z,2.398888886306021
2017-11-25T09:00:00Z,3.0644444432523517
2017-11-25T10:00:00Z,3.408055556813876
2017-11-25T11:00:00Z,4.9869444370269775
2017-11-25T12:00:00Z,6.090555548005634
2017-11-25T13:00:00Z,5.67527777949969
2017-11-25T14:00:00Z,5.647500003708734
2017-11-25T15:00:00Z,4.648333325650957
2017-11-25T16:00:00Z,3.361111115084754
2017-11-25T17:00:00Z,3.486111107137468
2017-11-25T18:00:00Z,3.4627777715524037
2017-11-25T19:00:00Z,3.6744444489479067
2017-11-25T20:00:00Z,3.1038888845178816
2017-11-25T21:00:00Z,3.5530555493301814
2017-11-25T22:00:00Z,4.141388895776537
2017-11-25T23:00:00Z,4.770833338631524
2017-11-26T00:00:00Z,4.80916666785876
2017-11-26T01:00:00Z,4.504444448153178
2017-11-26T02:00:00Z,4.648333333598243
2017-11-26T03:00:00Z,4.637499994039535
2017-11-26T04:00:00Z,3.4883333265781404
2017-11-26T05:00:00Z,2.0130555480718613
2017-11-26T06:00:00Z,3.3144444435834886
2017-11-26T07:00:00Z,3.3586111042234634
2017-11-26T08:00:00Z,2.9699999981456333
2017-11-26T09:00:00Z,3.1208333250549103
2017-11-26T10:00:00Z,4.594166662957933
2017-11-26T11:00:00Z,4.960277780559328
2017-11-26T12:00:00Z,5.174999992714988
2017-11-26T13:00:00Z,4.9274999962912664
2017-11-26T14:00:00Z,4.243055551581913
2017-11-26T15:00:00Z,3.979166661368476
2017-11-26T16:00:00Z,3.1566666695806713
2017-11-26T17:00:00Z,4.135833331611422
2017-11-26T18:00:00Z,4.749999992052714
2017-11-26T19:00:00Z,4.603055562575658
2017-11-26T20:00:00Z,4.464722224076589
2017-11-26T21:00:00Z,4.28444443543752
2017-11-26T22:00:00Z,4.921944451994366
2017-11-26T23:00:00Z,6.149722223149405
2017-11-27T00:00:00Z,6.473333340883255
2017-11-27T01:00:00Z,6.782222215334574
2017-11-27T02:00:00Z,7.953333332803514
2017-11-27T03:00:00Z,8.663333339161342
2017-11-27T04:00:00Z,8.008333332008785
2017-11-27T05:00:00Z,8.097222250037722
2017-11-27T06:00:00Z,8.936666696601444
2017-11-27T07:00:00Z,9.060277801089816
2017-11-27T08:00:00Z,7.600833347108629
2017-11-27T09:00:00Z,6.67222222884496
2017-11-27T10:00:00Z,5.942222213082843
2017-11-27T11:00:00Z,5.561388879352146
2017-11-27T12:00:00Z,5.60888887445132
2017-11-27T13:00:00Z,7.070277796851264
2017-11-27T14:00:00Z,5.7119444515970015
2017-11-27T15:00:00Z,5.62583332988951
2017-11-27T16:00:00Z,4.803055548999045
2017-11-27T17:00:00Z,5.060277774598863
2017-11-27T18:00:00Z,5.084722216261758
2017-11-27T19:00:00Z,4.644444431861242
2017-11-27T20:00:00Z,4.222777775923411
2017-11-27T21:00:00Z,3.514166669713126
2017-11-27T22:00:00Z,3.574166668785943
2017-11-27T23:00:00Z,3.879166665342119
2017-11-28T00:00:00Z,4.008888883060879
2017-11-28T01:00:00Z,3.2424999998675452
2017-11-28T02:00:00Z,2.788055550720957
2017-11-28T03:00:00Z,3.4238888866371577
2017-11-28T04:00:00Z,2.0205555526746646
2017-11-28T05:00:00Z,1.2705555531299777
2017-11-28T06:00:00Z,2.6277777787711885
2017-11-28T07:00:00Z,2.289166662096977
2017-11-28T08:00:00Z,3.0483333263132306
2017-11-28T09:00:00Z,3.744722212685479
2017-11-28T10:00:00Z,3.94944444000721
2017-11-28T11:00:00Z,4.295555555158192
2017-11-28T12:00:00Z,5.070277771684858
2017-11-28T13:00:00Z,4.784444446696176
2017-11-28T14:00:00Z,3.962777786453565
2017-11-28T15:00:00Z,3.163888888557752
2017-11-28T16:00:00Z,2.434999997417132
2017-11-28T17:00:00Z,2.4261111077335147
2017-11-28T18:00:00Z,1.9216666566001044
2017-11-28T19:00:00Z,2.3449999974833595
2017-11-28T20:00:00Z,3.51611111594571
2017-11-28T21:00:00Z,2.017500000198682
2017-11-28T22:00:00Z,2.221944437424342
2017-11-28T23:00:00Z,2.340555543369717
2017-11-29T00:00:00Z,3.223888886637158
2017-11-29T01:00:00Z,2.9938888867696125
2017-11-29T02:00:00Z,3.6913888884915247
2017-11-29T03:00:00Z,3.585833328300052
2017-11-29T04:00:00Z,4.2880555517143675
2017-11-29T05:00:00Z,3.521388883392016
2017-11-29T06:00:00Z,4.978611112303204
2017-11-29T07:00:00Z,2.888888888226615
2017-11-29T08:00:00Z,2.2305555494295226
2017-11-29T09:00:00Z,3.546944439286987
2017-11-29T10:00:00Z,5.680000012450748
2017-11-29T11:00:00Z,5.9233333375718855
2017-11-29T12:00:00Z,5.727222231361601
2017-11-29T13:00:00Z,5.250555547740724
2017-11-29T14:00:00Z,5.533333345916536
2017-11-29T15:00:00Z,4.853055553966098
2017-11-29T16:00:00Z,5.169722217321396
2017-11-29T17:00:00Z,4.632222224606408
2017-11-29T18:00:00Z,4.9002777768505945
2017-11-29T19:00:00Z,4.7172222316265104
2017-11-29T20:00:00Z,4.13194443848398
2017-11-29T21:00:00Z,3.173333324657546
2017-11-29T22:00:00Z,3.9608333230018617
2017-11-29T23:00:00Z,2.811666661169794
2017-11-30T00:00:00Z,2.5697222242752713
2017-11-30T01:00:00Z,2.92416666911708
2017-11-30T02:00:00Z,2.424444445967674
2017-11-30T03:00:00Z,2.877777777446641
2017-11-30T04:00:00Z,3.2136111146873896
2017-11-30T05:00:00Z,3.2969444380866157
2017-11-30T06:00:00Z,3.6486111005147297
2017-11-30T07:00:00Z,3.8447222146723004
2017-11-30T08:00:00Z,3.9700000014570023
2017-11-30T09:00:00Z,3.980000001192093
2017-11-30T10:00:00Z,4.267777769433128
2017-11-30T11:00:00Z,6.123888887961706
2017-11-30T12:00:00Z,7.1013888928625315
2017-11-30T13:00:00Z,7.266111120912764
2017-11-30T14:00:00Z,6.15361112025049
2017-11-30T15:00:00Z,6.581388895379172
2017-11-30T16:00:00Z,5.106666656335195
2017-11-30T17:00:00Z,4.864444431331423
2017-11-30T18:00:00Z,4.725833330551783
2017-11-30T19:00:00Z,5.301944437954161
2017-11-30T20:00:00Z,6.338333350419998
2017-11-30T21:00:00Z,6.618888892067803
2017-11-30T22:00:00Z,6.195833334657881
2017-11-30T23:00:00Z,5.2913888878292505
2017-12-01T00:00:00Z,5.745277774996228
2017-12-01T01:00:00Z,4.922222220897675
2017-12-01T02:00:00Z,5.29194444682863
2017-12-01T03:00:00Z,6.666388903061549
2017-12-01T04:00:00Z,6.9599999950991736
2017-12-01T05:00:00Z,5.833611129389869
2017-12-01T06:00:00Z,6.332222237189611
2017-12-01T07:00:00Z,6.621388890345892
2017-12-01T08:00:00Z,6.303333323531681
2017-12-01T09:00:00Z,6.269444448418088
2017-12-01T10:00:00Z,6.999999997350905
2017-12-01T11:00:00Z,5.0658333407508005
2017-12-01T12:00:00Z,4.727500008212195
2017-12-01T13:00:00Z,4.9261111160119375
2017-12-01T14:00:00Z,5.915000018146303
2017-12-01T15:00:00Z,4.109999998410543
2017-12-01T16:00:00Z,3.386111103826099
2017-12-01T17:00:00Z,3.815000002914005
2017-12-01T18:00:00Z,4.535833321677314
2017-12-01T19:00:00Z,3.3838888883590696
2017-12-01T20:00:00Z,1.8222222187452846
2017-12-01T21:00:00Z,1.9386111065745353
2017-12-01T22:00:00Z,2.9758333351877
2017-12-01T23:00:00Z,3.63999999165535
2017-12-02T00:00:00Z,3.434166670507855
2017-12-02T01:00:00Z,2.5158333294921453
2017-12-02T02:00:00Z,2.3438888809747165
2017-12-02T03:00:00Z,2.6974999987416797
2017-12-02T04:00:00Z,2.0638888809416027
2017-12-02T05:00:00Z,1.6561111052003172
2017-12-02T06:00:00Z,1.4833333281179268
2017-12-02T07:00:00Z,1.6049999939070807
2017-12-02T08:00:00Z,1.661666665971279
2017-12-02T09:00:00Z,1.7280555489990446
2017-12-02T10:00:00Z,1.6474999990728167
2017-12-02T11:00:00Z,1.677777774631977
2017-12-02T12:00:00Z,1.7602777737710211
2017-12-02T13:00:00Z,1.9947222163279852
2017-12-02T14:00:00Z,2.3044444342454273
2017-12-02T15:00:00Z,2.2249999966886307
2017-12-02T16:00:00Z,2.105277767777443
2017-12-02T17:00:00Z,2.2961111068725586
2017-12-02T18:00:00Z,2.038888880610466
2017-12-02T19:00:00Z,1.6233333281344837
2017-12-02T20:00:00Z,1.6769444361329078
2017-12-02T21:00:00Z,1.6308333289292123
2017-12-02T22:00:00Z,2.2408333331346513
2017-12-02T23:00:00Z,2.4533333314789667
2017-12-03T00:00:00Z,2.2955555432372625
2017-12-03T01:00:00Z,2.642222222685814
2017-12-03T02:00:00Z,2.244166659977701
2017-12-03T03:00:00Z,2.649722218182352
2017-12-03T04:00:00Z,3.154722221692403
2017-12-03T05:00:00Z,3.156944441795349
2017-12-03T06:00:00Z,1.9783333235316807
2017-12-03T07:00:00Z,2.003333327505324
2017-12-03T08:00:00Z,2.3433333310816025
2017-12-03T09:00:00Z,3.1205555475420423
2017-12-03T10:00:00Z,3.052222220102946
2017-12-03T11:00:00Z,3.9991666595141093
2017-12-03T12:00:00Z,4.138333331876331
2017-12-03T13:00:00Z,3.593888885776202
2017-12-03T14:00:00Z,4.246111100912094
2017-12-03T15:00:00Z,2.9411111063427393
2017-12-03T16:00:00Z,2.368611103627417
2017-12-03T17:00:00Z,1.4716666661202908
2017-12-03T18:00:00Z,1.5972222233812015
2017-12-03T19:00:00Z,1.7216666642162535
2017-12-03T20:00:00Z,1.8141666604412927
2017-12-03T21:00:00Z,1.705277773903476
2017-12-03T22:00:00Z,1.7105555491314994
2017-12-03T23:00:00Z,1.7302777662873268
2017-12-04T00:00:00Z,1.3647222229176097
2017-12-04T01:00:00Z,1.9044444327553114
2017-12-04T02:00:00Z,2.6108333273066413
2017-12-04T03:00:00Z,2.400833327902688
2017-12-04T04:00:00Z,1.921666658586926
2017-12-04T05:00:00Z,1.9813888794846004
2017-12-04T06:00:00Z,1.8511111001173655
2017-12-04T07:00:00Z,2.063055547740724
2017-12-04T08:00:00Z,2.3655555453565387
2017-12-04T09:00:00Z,2.58138888867365
2017-12-04T10:00:00Z,1.187222223666807
2017-12-04T11:00:00Z,2.4986111130979327
2017-12-04T12:00:00Z,2.9663888848490183
2017-12-04T13:00:00Z,3.447777776916822
2017-12-04T14:00:00Z,2.6991666696137853
2017-12-04T15:00:00Z,2.304999995562765
2017-12-04T16:00:00Z,2.1280555470122233
2017-12-04T17:00:00Z,1.8580555483698844
2017-12-04T18:00:00Z,1.3683333340204424
2017-12-04T19:00:00Z,1.4333333270417319
2017-12-04T20:00:00Z,1.6399999962912666
2017-12-04T21:00:00Z,1.6597222114602725
2017-12-04T22:00:00Z,1.9477777694662413
2017-12-04T23:00:00Z,1.653333329492145
2017-12-05T00:00:00Z,1.6305555479394065
2017-12-05T01:00:00Z,1.4555555520786179
2017-12-05T02:00:00Z,1.6024999952978558
2017-12-05T03:00:00Z,1.0761111101342573
2017-12-05T04:00:00Z,1.0499999991721578
2017-12-05T05:00:00Z,1.7102777707080046
2017-12-05T06:00:00Z,2.5049999942382177
2017-12-05T07:00:00Z,1.829166661699613
2017-12-05T08:00:00Z,1.95499999291367
2017-12-05T09:00:00Z,2.15194443696075
2017-12-05T10:00:00Z,3.4880555477407245
2017-12-05T11:00:00Z,3.3983333266443676
2017-12-05T12:00:00Z,3.713888886902067
2017-12-05T13:00:00Z,3.4650000009271835
2017-12-05T14:00:00Z,3.6405555562840566
2017-12-05T15:00:00Z,3.347222218579716
2017-12-05T16:00:00Z,3.8022222167915767
2017-12-05T17:00:00Z,4.186666658189561
2017-12-05T18:00:00Z,4.140833331478967
2017-12-05T19:00:00Z,4.074444439676073
2017-12-05T20:00:00Z,3.320555552509096
2017-12-05T21:00:00Z,3.9547222243414986
2017-12-05T22:00:00Z,4.459444443384807
2017-12-05T23:00:00Z,3.971666657262378
2017-12-06T00:00:00Z,3.196111110515065
2017-12-06T01:00:00Z,3.9566666616333857
2017-12-06T02:00:00Z,3.834722230169508
2017-12-06T03:00:00Z,4.33555555873447
2017-12-06T04:00:00Z,3.78583332101504
2017-12-06T05:00:00Z,3.4791666554080116
2017-12-06T06:00:00Z,2.333611105548011
2017-12-06T07:00:00Z,2.497222218579716
2017-12-06T08:00:00Z,3.0086111168066663
2017-12-06T09:00:00Z,2.599722216526667
2017-12-06T10:00:00Z,4.305000002516641
2017-12-06T11:00:00Z,5.204166668653488
2017-12-06T12:00:00Z,5.411111115747028
2017-12-06T13:00:00Z,4.496111115482118
2017-12-06T14:00:00Z,5.559444440073437
2017-12-06T15:00:00Z,6.547222230831782
2017-12-06T16:00:00Z,6.7983333296246
2017-12-06T17:00:00Z,7.255000017748939
2017-12-06T18:00:00Z,8.184722208976746
2017-12-06T19:00:00Z,8.161944459544287
2017-12-06T20:00:00Z,7.775555549727546
2017-12-06T21:00:00Z,8.529722211096022
2017-12-06T22:00:00Z,9.419999986224704
2017-12-06T23:00:00Z,10.248333320352767
2017-12-07T00:00:00Z,9.699444466167026
2017-12-07T01:00:00Z,9.561666672759586
2017-12-07T02:00:00Z,9.83138888279597
2017-12-07T03:00:00Z,9.63055555290646
2017-12-07T04:00:00Z,10.252777789698706
2017-12-07T05:00:00Z,10.249444451597002
2017-12-07T06:00:00Z,10.577222216129304
2017-12-07T07:00:00Z,9.772777779897053
2017-12-07T08:00:00Z,8.275000023841859
2017-12-07T09:00:00Z,7.094166668256124
2017-12-07T10:00:00Z,6.503611112303204
2017-12-07T11:00:00Z,5.894722239176432
2017-12-07T12:00:00Z,6.431388893392351
2017-12-07T13:00:00Z,6.065277780426873
2017-12-07T14:00:00Z,4.335555551449458
2017-12-07T15:00:00Z,5.083888879087236
2017-12-07T16:00:00Z,4.947499992450078
2017-12-07T17:00:00Z,4.909722220897675
2017-12-07T18:00:00Z,5.322222215599484
2017-12-07T19:00:00Z,4.8163888858424295
2017-12-07T20:00:00Z,4.991666666666666
2017-12-07T21:00:00Z,5.291111103693644
2017-12-07T22:00:00Z,4.39527778228124
2017-12-07T23:00:00Z,4.663055552376641
2017-12-08T00:00:00Z,4.194166666269302
2017-12-08T01:00:00Z,4.910000002384185
2017-12-08T02:00:00Z,6.416666681898965
2017-12-08T03:00:00Z,6.992777791950438
2017-12-08T04:00:00Z,6.565833319558037
2017-12-08T05:00:00Z,6.560833317041397
2017-12-08T06:00:00Z,5.904166674613952
2017-12-08T07:00:00Z,4.8502777682410345
2017-12-08T08:00:00Z,4.505833329425918
2017-12-08T09:00:00Z,4.740277771817313
2017-12-08T10:00:00Z,5.417499998542998
2017-12-08T11:00:00Z,6.267222213082843
2017-12-08T12:00:00Z,7.1066666728920405
2017-12-08T13:00:00Z,7.525277782811059
2017-12-08T14:00:00Z,6.7055555529064605
2017-12-08T15:00:00Z,6.17111111415757
2017-12-08T16:00:00Z,5.21694444682863
2017-12-08T17:00:00Z,4.580833319160673
2017-12-08T18:00:00Z,4.361388884650337
2017-12-08T19:00:00Z,5.118055554231008
2017-12-08T20:00:00Z,5.180833337042067
2017-12-08T21:00:00Z,4.9577777743339535
2017-12-08T22:00:00Z,4.007222212685479
2017-12-08T23:00:00Z,3.4208333326710596
2017-12-09T00:00:00Z,3.898055554098553
2017-12-09T01:00:00Z,4.038055561648475
2017-12-09T02:00:00Z,3.245277774996228
2017-12-09T03:00:00Z,2.4713888857099744
2017-12-09T04:00:00Z,3.109444440073437
2017-12-09T05:00:00Z,2.3874999966886308
2017-12-09T06:00:00Z,2.4224999911255307
2017-12-09T07:00:00Z,2.3511111150185267
2017-12-09T08:00:00Z,2.5177777750624553
2017-12-09T09:00:00Z,1.841111104355918
2017-12-09T10:00:00Z,2.1766666625936826
2017-12-09T11:00:00Z,2.83861111038261
2017-12-09T12:00:00Z,2.3369444380203883
2017-12-09T13:00:00Z,3.1277777787711885
2017-12-09T14:00:00Z,3.411944434377882
2017-12-09T15:00:00Z,3.255000004834599
2017-12-09T16:00:00Z,3.418888884782791
2017-12-09T17:00:00Z,3.0697222189770805
2017-12-09T18:00:00Z,2.7541666663355295
2017-12-09T19:00:00Z,1.6094444469031361
2017-12-09T20:00:00Z,0.9647222224209043
2017-12-09T21:00:00Z,1.5072222171972196
2017-12-09T22:00:00Z,2.2019444353050655
2017-12-09T23:00:00Z,2.3602777712874943
2017-12-10T00:00:00Z,2.349444437689251
2017-12-10T01:00:00Z,3.7375000049670537
2017-12-10T02:00:00Z,3.540277772479587
2017-12-10T03:00:00Z,3.0383333292272354
2017-12-10T04:00:00Z,3.108055548535453
2017-12-10T05:00:00Z,5.834444467226664
2017-12-10T06:00:00Z,4.685555558072196
2017-12-10T07:00:00Z,2.1233333302040895
2017-12-10T08:00:00Z,1.9191666653586759
2017-12-10T09:00:00Z,8.76000001165602
2017-12-10T10:00:00Z,13.036111112435659
2017-12-10T11:00:00Z,13.668888877497778
2017-12-10T12:00:00Z,8.396111121442583
2017-12-10T13:00:00Z,5.3758333351877
2017-12-10T14:00:00Z,3.511388882001241
2017-12-10T15:00:00Z,2.536666661169794
2017-12-10T16:00:00Z,1.587499993128909
2017-12-10T17:00:00Z,0.5838888937193486
2017-12-10T18:00:00Z,0.7983333367440436
2017-12-10T19:00:00Z,1.6827777790526548
2017-12-10T20:00:00Z,2.241944436232249
2017-12-10T21:00:00Z,2.4049999955627652
2017-12-10T22:00:00Z,3.2449999948342643
2017-12-10T23:00:00Z,2.7097222175863056
2017-12-11T00:00:00Z,3.196666661567158
2017-12-11T01:00:00Z,3.704444439212481
2017-12-11T02:00:00Z,5.4822222179836695
2017-12-11T03:00:00Z,6.902499987681707
2017-12-11T04:00:00Z,7.116944447490904
2017-12-11T05:00:00Z,7.106388890743256
2017-12-11T06:00:00Z,7.064444449212816
2017-12-11T07:00:00Z,8.450000018543667
2017-12-11T08:00:00Z,8.920277792877622
2017-12-11T09:00:00Z,9.12916669315762
2017-12-11T10:00:00Z,9.253333348698087
2017-12-11T11:00:00Z,8.396111116144393
2017-12-11T12:00:00Z,7.645833333333333
2017-12-11T13:00:00Z,7.717777760823568
2017-12-11T14:00:00Z,8.108611126740774
2017-12-11T15:00:00Z,6.705555562178294
2017-12-11T16:00:00Z,6.020833331346512
2017-12-11T17:00:00Z,5.338611129919688
2017-12-11T18:00:00Z,4.058611121442583
2017-12-11T19:00:00Z,2.923055554760827
2017-12-11T20:00:00Z,2.936111103826099
2017-12-11T21:00:00Z,3.088888880610466
2017-12-11T22:00:00Z,2.7575000017881393
2017-12-11T23:00:00Z,1.6913888870014084
2017-12-12T00:00:00Z,1.9174999922513962
2017-12-12T01:00:00Z,2.2966666605737474
2017-12-12T02:00:00Z,2.1080555487010213
2017-12-12T03:00:00Z,1.7902777734729978
2017-12-12T04:00:00Z,0.9300000017922786
2017-12-12T05:00:00Z,2.3130555513832305
2017-12-12T06:00:00Z,2.456388881140285
2017-12-12T07:00:00Z,1.9824999882115257
2017-12-12T08:00:00Z,1.320000001705355
2017-12-12T09:00:00Z,0.8825000007947286
2017-12-12T10:00:00Z,0.5969444477102823
2017-12-12T11:00:00Z,2.0652777711550394
2017-12-12T12:00:00Z,2.969722217321396
2017-12-12T13:00:00Z,2.9555555555555557
2017-12-12T14:00:00Z,2.7280555506547293
2017-12-12T15:00:00Z,2.910555562708113
2017-12-12T16:00:00Z,3.4461111042234633
2017-12-12T17:00:00Z,3.6336111108462017
2017-12-12T18:00:00Z,3.340833330154419
2017-12-12T19:00:00Z,3.9772222174538507
2017-12-12T20:00:00Z,4.302222216791577
2017-12-12T21:00:00Z,4.750555548402998
2017-12-12T22:00:00Z,6.109166653288735
2017-12-12T23:00:00Z,7.642777780691783
2017-12-13T00:00:00Z,7.003333335452609
2017-12-13T01:00:00Z,5.104444435569975
2017-12-13T02:00:00Z,6.031111116541757
2017-12-13T03:00:00Z,4.66499999165535
2017-12-13T04:00:00Z,3.7469444380866155
2017-12-13T05:00:00Z,3.491111100382275
2017-12-13T06:00:00Z,3.766666665342119
2017-12-13T07:00:00Z,3.581111110250155
2017-12-13T08:00:00Z,4.5852777663204405
2017-12-13T09:00:00Z,5.071111104223463
2017-12-13T10:00:00Z,4.871944453981188
2017-12-13T11:00:00Z,6.086944458882014
2017-12-13T12:00:00Z,6.6983333322736955
2017-12-13T13:00:00Z,6.51111111442248
2017-12-13T14:00:00Z,8.804166667991215
2017-12-13T15:00:00Z,7.771944448020723
2017-12-13T16:00:00Z,4.649722218513489
2017-12-13T17:00:00Z,3.353333330485556
2017-12-13T18:00:00Z,4.631111114223798
2017-12-13T19:00:00Z,5.687222219838036
2017-12-13T20:00:00Z,6.843055554893282
2017-12-13T21:00:00Z,9.630277789963616
2017-12-13T22:00:00Z,8.961111125681136
2017-12-13T23:00:00Z,8.663055566946666
2017-12-14T00:00:00Z,8.859999997085994
2017-12-14T01:00:00Z,7.748055550787184
2017-12-14T02:00:00Z,8.091111136807335
2017-12-14T03:00:00Z,9.688055549727546
2017-12-14T04:00:00Z,7.76388889948527
2017-12-14T05:00:00Z,7.5011111074023775
2017-12-14T06:00:00Z,6.619444452391731
2017-12-14T07:00:00Z,7.972500014305115
2017-12-14T08:00:00Z,5.995000006092919
2017-12-14T09:00:00Z,7.315833347373538
2017-12-14T10:00:00Z,5.183888894981808
2017-12-14T11:00:00Z,5.256111117866304
2017-12-14T12:00:00Z,6.227499996291266
2017-12-14T13:00:00Z,5.097777775923411
2017-12-14T14:00:00Z,4.987777780161964
2017-12-14T15:00:00Z,3.857777781618966
2017-12-14T16:00:00Z,4.535833345519172
2017-12-14T17:00:00Z,4.0658333314789665
2017-12-14T18:00:00Z,3.8061111013094586
2017-12-14T19:00:00Z,2.749166665474574
2017-12-14T20:00:00Z,3.2444444411330755
2017-12-14T21:00:00Z,3.48888887696796
2017-12-14T22:00:00Z,3.936111115084754
2017-12-14T23:00:00Z,3.690277769168218
2017-12-15T00:00:00Z,2.499166659845246
2017-12-15T01:00:00Z,5.041388887166977
2017-12-15T02:00:00Z,5.625833330551783
2017-12-15T03:00:00Z,4.8761111166742115
2017-12-15T04:00:00Z,4.9455555571450125
2017-12-15T05:00:00Z,4.633055565754573
2017-12-15T06:00:00Z,6.535000012980567
2017-12-15T07:00:00Z,6.915277771155039
2017-12-15T08:00:00Z,6.644722217321396
2017-12-15T09:00:00Z,6.750555562973022
2017-12-15T10:00:00Z,6.145555573701858
2017-12-15T11:00:00Z,5.438888889551163
2017-12-15T12:00:00Z,6.090555569198396
2017-12-15T13:00:00Z,6.101388890213436
2017-12-15T14:00:00Z,5.661666661500931
2017-12-15T15:00:00Z,6.467222221030129
2017-12-15T16:00:00Z,5.9305555363496145
2017-12-15T17:00:00Z,5.605833330419329
2017-12-15T18:00:00Z,5.483055569728216
2017-12-15T19:00:00Z,5.4761111153496635
2017-12-15T20:00:00Z,5.314722227387958
2017-12-15T21:00:00Z,3.9016666611035666
2017-12-15T22:00:00Z,4.576666666401757
2017-12-15T23:00:00Z,3.1599999884764354
2017-12-16T00:00:00Z,2.301388885908657
2017-12-16T01:00:00Z,2.1936111052831015
2017-12-16T02:00:00Z,3.244722212354342
2017-12-16T03:00:00Z,3.4247222158643935
2017-12-16T04:00:00Z,2.989444444245762
2017-12-16T05:00:00Z,2.6958333353201547
2017-12-16T06:00:00Z,3.382222221295039
2017-12-16T07:00:00Z,2.998611102832688
2017-12-16T08:00:00Z,2.4508333285649617
2017-12-16T09:00:00Z,2.3405555528071194
2017-12-16T10:00:00Z,3.504722219705582
2017-12-16T11:00:00Z,3.08638888961739
2017-12-16T12:00:00Z,3.2947222232818603
2017-12-16T13:00:00Z,3.9055555522441865
2017-12-16T14:00:00Z,3.6013888902134363
2017-12-16T15:00:00Z,3.9630555563502843
2017-12-16T16:00:00Z,3.813055557012558
2017-12-16T17:00:00Z,3.2224999987416796
2017-12-16T18:00:00Z,2.5183333337306975
2017-12-16T19:00:00Z,2.7633333341942894
2017-12-16T20:00:00Z,2.3627777689033085
2017-12-16T21:00:00Z,2.2216666612360214
2017-12-16T22:00:00Z,1.5574999952067932
2017-12-16T23:00:00Z,1.810555550456047
2017-12-17T00:00:00Z,1.9052777694331275
2017-12-17T01:00:00Z,2.6097222155994837
2017-12-17T02:00:00Z,1.6355555486347941
2017-12-17T03:00:00Z,1.9577777769830491
2017-12-17T04:00:00Z,0.9866666655987502
2017-12-17T05:00:00Z,0.4925000038825803
2017-12-17T06:00:00Z,0.8819444479420782
2017-12-17T07:00:00Z,0.7011111124729117
2017-12-17T08:00:00Z,0.3005555587096347
2017-12-17T09:00:00Z,1.0472222200284402
2017-12-17T10:00:00Z,0.47888889219611885
2017-12-17T11:00:00Z,0.933611114281747
2017-12-17T12:00:00Z,3.041944444510672
2017-12-17T13:00:00Z,5.356944456365373
2017-12-17T14:00:00Z,5.230555540323257
2017-12-17T15:00:00Z,6.340555565887027
2017-12-17T16:00:00Z,6.608055559131834
2017-12-17T17:00:00Z,5.521666670507855
2017-12-17T18:00:00Z,4.830833329757055
2017-12-17T19:00:00Z,4.784722230169508
2017-12-17T20:00:00Z,4.358055550522274
2017-12-17T21:00:00Z,4.167777781685193
2017-12-17T22:00:00Z,4.511388895908992
2017-12-17T23:00:00Z,3.1333333277040056
2017-12-18T00:00:00Z,3.4691666606399747
2017-12-18T01:00:00Z,3.6019444465637207
2017-12-18T02:00:00Z,2.7374999953640833
2017-12-18T03:00:00Z,1.458611107700401
2017-12-18T04:00:00Z,1.6894444404376878
2017-12-18T05:00:00Z,1.6166666588849492
2017-12-18T06:00:00Z,1.3372222221559948
2017-12-18T07:00:00Z,1.298611109620995
2017-12-18T08:00:00Z,0.9722222272306681
2017-12-18T09:00:00Z,0.8894444461911917
2017-12-18T10:00:00Z,1.3336111125018861
2017-12-18T11:00:00Z,2.222499995927016
2017-12-18T12:00:00Z,2.6324999923507373
2017-12-18T13:00:00Z,0.6491666687445508
2017-12-18T14:00:00Z,1.541666661368476
2017-12-18T15:00:00Z,1.4716666650440957
2017-12-18T16:00:00Z,0.4555555563006136
2017-12-18T17:00:00Z,0.7519444470397301
2017-12-18T18:00:00Z,0.7191666699325044
2017-12-18T19:00:00Z,1.1016666691336368
2017-12-18T20:00:00Z,0.6986111140913434
2017-12-18T21:00:00Z,0.41500000423855254
2017-12-18T22:00:00Z,0.7691666687528292
2017-12-18T23:00:00Z,0.32527778167277577
2017-12-19T00:00:00Z,0.9222222249954939
2017-12-19T01:00:00Z,0.7552777809194393
2017-12-19T02:00:00Z,0.6688888924403323
2017-12-19T03:00:00Z,0.38861111414929234
2017-12-19T04:00:00Z,0.45694444885270463
2017-12-19T05:00:00Z,1.0377777804931005
2017-12-19T06:00:00Z,0.14361111231976084
2017-12-19T07:00:00Z,1.0302777787256572
2017-12-19T08:00:00Z,1.3516666646839843
2017-12-19T09:00:00Z,0.7861111124356588
2017-12-19T10:00:00Z,0.8436111139961415
2017-12-19T11:00:00Z,1.723333326809936
2017-12-19T12:00:00Z,1.21833333240615
2017-12-19T13:00:00Z,0.6055555587220524
2017-12-19T14:00:00Z,1.6172222168909178
2017-12-19T15:00:00Z,2.3972222215599484
2017-12-19T16:00:00Z,2.248611103826099
2017-12-19T17:00:00Z,2.509444440735711
2017-12-19T18:00:00Z,2.0133333341942894
2017-12-19T19:00:00Z,1.1191666659174695
2017-12-19T20:00:00Z,0.9213888902631071
2017-12-19T21:00:00Z,1.4049999988741344
2017-12-19T22:00:00Z,1.8627777725458146
2017-12-19T23:00:00Z,2.4086111058791477
2017-12-20T00:00:00Z,2.4527777738041348
2017-12-20T01:00:00Z,2.514999998609225
2017-12-20T02:00:00Z,2.3413888808753756
2017-12-20T03:00:00Z,2.536388884981473
2017-12-20T04:00:00Z,3.136944450272454
2017-12-20T05:00:00Z,3.3466666638851166
2017-12-20T06:00:00Z,3.2083333330021966
2017-12-20T07:00:00Z,3.2919444451729456
2017-12-20T08:00:00Z,3.425833327902688
2017-12-20T09:00:00Z,3.036111119058397
2017-12-20T10:00:00Z,3.1413888878292506
2017-12-20T11:00:00Z,2.8694444497426352
2017-12-20T12:00:00Z,2.421666666534212
2017-12-20T13:00:00Z,2.440833322869407
2017-12-20T14:00:00Z,2.0794444345765646
2017-12-20T15:00:00Z,2.3638888837562666
2017-12-20T16:00:00Z,2.631388881471422
2017-12-20T17:00:00Z,2.3761111037598717
2017-12-20T18:00:00Z,2.3738888901140953
2017-12-20T19:00:00Z,2.661666663487752
2017-12-20T20:00:00Z,2.5119444360335668
2017-12-20T21:00:00Z,3.2827777710225847
2017-12-20T22:00:00Z,2.753888883193334
2017-12-20T23:00:00Z,2.482777776651912
2017-12-21T00:00:00Z,2.2638888819350136
2017-12-21T01:00:00Z,2.102222212486797
2017-12-21T02:00:00Z,2.5688888824648326
2017-12-21T03:00:00Z,2.7038888888226613
2017-12-21T04:00:00Z,3.2397222177849874
2017-12-21T05:00:00Z,3.6461111068725587
2017-12-21T06:00:00Z,3.532222228580051
2017-12-21T07:00:00Z,4.190833330154419
2017-12-21T08:00:00Z,3.4980555507871838
2017-12-21T09:00:00Z,4.074444431728787
2017-12-21T10:00:00Z,3.3772222257322735
2017-12-21T11:00:00Z,4.216388881868786
2017-12-21T12:00:00Z,4.908888887034522
2017-12-21T13:00:00Z,4.588333327902688
2017-12-21T14:00:00Z,4.167777768770853
2017-12-21T15:00:00Z,3.5602777716186313
2017-12-21T16:00:00Z,4.019166660971112
2017-12-21T17:00:00Z,4.0158333129353
2017-12-21T18:00:00Z,4.229166665342119
2017-12-21T19:00:00Z,4.048888886637158
2017-12-21T20:00:00Z,3.3469444433848063
2017-12-21T21:00:00Z,3.051111113031705
2017-12-21T22:00:00Z,3.366666669315762
2017-12-21T23:00:00Z,3.7616666621632047
2017-12-22T00:00:00Z,2.7469444420602587
2017-12-22T01:00:00Z,2.9969444427225325
2017-12-22T02:00:00Z,3.368888885445065
2017-12-22T03:00:00Z,3.300555551714367
2017-12-22T04:00:00Z,2.8683333343929713
2017-12-22T05:00:00Z,2.5902777781089146
2017-12-22T06:00:00Z,2.423611103163825
2017-12-22T07:00:00Z,2.5699999964899485
2017-12-22T08:00:00Z,2.561111104157236
2017-12-22T09:00:00Z,2.1466666599114737
2017-12-22T10:00:00Z,1.8313888822992643
2017-12-22T11:00:00Z,1.3194444445272286
2017-12-22T12:00:00Z,0.6213888896008333
2017-12-22T13:00:00Z,0.18500000099754996
2017-12-22T14:00:00Z,0.8666666712818875
2017-12-22T15:00:00Z,0.36666667020569244
2017-12-22T16:00:00Z,0.5377777826454905
2017-12-22T17:00:00Z,1.0308333334616488
2017-12-22T18:00:00Z,0.815555555973616
2017-12-22T19:00:00Z,1.3774999996440278
2017-12-22T20:00:00Z,1.1611111091656818
2017-12-22T21:00:00Z,1.1916666643694043
2017-12-22T22:00:00Z,2.027499997946951
2017-12-22T23:00:00Z,2.1588888875312273
2017-12-23T00:00:00Z,2.1402777668502595
2017-12-23T01:00:00Z,2.334722215268347
2017-12-23T02:00:00Z,2.6166666570636963
2017-12-23T03:00:00Z,2.9638888928625318
2017-12-23T04:00:00Z,4.041666667328941
2017-12-23T05:00:00Z,4.308611106872559
2017-12-23T06:00:00Z,4.96222222050031
2017-12-23T07:00:00Z,4.399166670772765
2017-12-23T08:00:00Z,4.650555544429356
2017-12-23T09:00:00Z,5.723888882663515
2017-12-23T10:00:00Z,5.0211110995875465
2017-12-23T11:00:00Z,4.3199999868869785
2017-12-23T12:00:00Z,4.2083333240615
2017-12-23T13:00:00Z,4.1238888800144196
2017-12-23T14:00:00Z,4.48777777089013
2017-12-23T15:00:00Z,4.347499993774626
2017-12-23T16:00:00Z,4.47111111746894
2017-12-23T17:00:00Z,4.553333320882586
2017-12-23T18:00:00Z,4.453888893789715
2017-12-23T19:00:00Z,4.467777777380413
2017-12-23T20:00:00Z,4.542777775393592
2017-12-23T21:00:00Z,3.9358333269755046
2017-12-23T22:00:00Z,4.593055553568734
2017-12-23T23:00:00Z,5.063888880279329
2017-12-24T00:00:00Z,4.188333326247004
2017-12-24T01:00:00Z,4.469999999470181
2017-12-24T02:00:00Z,4.53805555568801
2017-12-24T03:00:00Z,3.634444449345271
2017-12-24T04:00:00Z,2.9277777711550397
2017-12-24T05:00:00Z,3.356944445437855
2017-12-24T06:00:00Z,3.4616666687859428
2017-12-24T07:00:00Z,3.915277777446641
2017-12-24T08:00:00Z,4.035277762677935
2017-12-24T09:00:00Z,5.262222232090102
2017-12-24T10:00:00Z,5.315000005563101
2017-12-24T11:00:00Z,5.8133333454529446
2017-12-24T12:00:00Z,6.833888906902737
2017-12-24T13:00:00Z,6.448055568668577
2017-12-24T14:00:00Z,5.357500000794729
2017-12-24T15:00:00Z,5.678888903723823
2017-12-24T16:00:00Z,5.214722221427493
2017-12-24T17:00:00Z,4.403888893127442
2017-12-24T18:00:00Z,4.502222215135892
2017-12-24T19:00:00Z,5.746111108197106
2017-12-24T20:00:00Z,5.164166676998138
2017-12-24T21:00:00Z,6.309444451994366
2017-12-24T22:00:00Z,5.248611110448837
2017-12-24T23:00:00Z,6.513888898822996
2017-12-25T00:00:00Z,5.970277790890799
2017-12-25T01:00:00Z,6.474722239706251
2017-12-25T02:00:00Z,6.815277788374159
2017-12-25T03:00:00Z,6.33805555038982
2017-12-25T04:00:00Z,7.428888902399275
2017-12-25T05:00:00Z,6.742500023047129
2017-12-25T06:00:00Z,6.467777769433128
2017-12-25T07:00:00Z,6.631388897365994
2017-12-25T08:00:00Z,6.628333334128062
2017-12-25T09:00:00Z,7.058055573701859
2017-12-25T10:00:00Z,8.088611156410641
2017-12-25T11:00:00Z,8.22222225798501
2017-12-25T12:00:00Z,9.649722225136227
2017-12-25T13:00:00Z,9.988611099455092
2017-12-25T14:00:00Z,9.617500017748938
2017-12-25T15:00:00Z,10.253611131509144
2017-12-25T16:00:00Z,12.163611098130543
2017-12-25T17:00:00Z,12.203611091772716
2017-12-25T18:00:00Z,12.015277772479587
2017-12-25T19:00:00Z,13.528888881206512
2017-12-25T20:00:00Z,13.946388879087236
2017-12-25T21:00:00Z,6.531388884782791
2017-12-25T22:00:00Z,6.1586111221048565
2017-12-25T23:00:00Z,5.850555566946666
2017-12-26T00:00:00Z,6.039444455835555
2017-12-26T01:00:00Z,5.372500001059638
2017-12-26T02:00:00Z,5.374166656865014
2017-12-26T03:00:00Z,4.890833334790336
2017-12-26T04:00:00Z,5.103055542045169
2017-12-26T05:00:00Z,4.615833336777158
2017-12-26T06:00:00Z,3.519444445768992
2017-12-26T07:00:00Z,3.3197222150034373
2017-12-26T08:00:00Z,4.277222213480208
2017-12-26T09:00:00Z,4.542777770095402
2017-12-26T10:00:00Z,5.044444435172611
2017-12-26T11:00:00Z,4.915000003576279
2017-12-26T12:00:00Z,5.896388881736332
2017-12-26T13:00:00Z,3.539444440603256
2017-12-26T14:00:00Z,4.142777774731318
2017-12-26T15:00:00Z,3.8450000011258654
2017-12-26T16:00:00Z,4.979444435901112
2017-12-26T17:00:00Z,6.082777779632145
2017-12-26T18:00:00Z,5.821111109521654
2017-12-26T19:00:00Z,5.720833336644702
2017-12-26T20:00:00Z,6.743055573436949
2017-12-26T21:00:00Z,6.913055555025736
2017-12-26T22:00:00Z,6.858333345916536
2017-12-26T23:00:00Z,4.635833337240749
2017-12-27T00:00:00Z,3.4491666671302585
2017-12-27T01:00:00Z,3.863333335518837
2017-12-27T02:00:00Z,5.370833334657881
2017-12-27T03:00:00Z,4.420277785261472
2017-12-27T04:00:00Z,6.073888891273075
2017-12-27T05:00:00Z,7.325555555688011
2017-12-27T06:00:00Z,10.931666653686099
2017-12-27T07:00:00Z,11.230555542310078
2017-12-27T08:00:00Z,9.816388893127442
2017-12-27T09:00:00Z,8.505277795261806
2017-12-27T10:00:00Z,8.678888899750179
2017-12-27T11:00:00Z,8.007499991522895
2017-12-27T12:00:00Z,8.256666672229766
2017-12-27T13:00:00Z,7.146944448020723
2017-12-27T14:00:00Z,6.07999999721845
2017-12-27T15:00:00Z,5.105000003841188
2017-12-27T16:00:00Z,4.576666667064031
2017-12-27T17:00:00Z,5.817222222354677
2017-12-27T18:00:00Z,3.5811111119058396
2017-12-27T19:00:00Z,2.769444438980685
2017-12-27T20:00:00Z,3.866666665010982
2017-12-27T21:00:00Z,2.783888886372248
2017-12-27T22:00:00Z,4.437777780161964
2017-12-27T23:00:00Z,2.741388883524471
2017-12-28T00:00:00Z,2.4855555522773
2017-12-28T01:00:00Z,2.7183333290947806
2017-12-28T02:00:00Z,3.155833335386382
2017-12-28T03:00:00Z,2.836666664481163
2017-12-28T04:00:00Z,2.6611111008458668
2017-12-28T05:00:00Z,2.4405555542972355
2017-12-28T06:00:00Z,2.370555556482739
2017-12-28T07:00:00Z,2.4249999976820416
2017-12-28T08:00:00Z,2.2624999983443153
2017-12-28T09:00:00Z,2.5438888877630235
2017-12-28T10:00:00Z,2.409166655275557
2017-12-28T11:00:00Z,2.591944443517261
2017-12-28T12:00:00Z,2.2591666590008472
2017-12-28T13:00:00Z,2.92888888683584
2017-12-28T14:00:00Z,3.16722222202354
2017-12-28T15:00:00Z,2.3902777738041348
2017-12-28T16:00:00Z,2.5716666721635395
2017-12-28T17:00:00Z,2.044444446431266
2017-12-28T18:00:00Z,1.8788888825310601
2017-12-28T19:00:00Z,2.8261111087269253
2017-12-28T20:00:00Z,2.0583333337679504
2017-12-28T21:00:00Z,1.6097222154339155
2017-12-28T22:00:00Z,1.3019444436248806
2017-12-28T23:00:00Z,2.126388879617055
2017-12-29T00:00:00Z,1.4111111067649391
2017-12-29T01:00:00Z,3.2438888864384756
2017-12-29T02:00:00Z,3.51749999291367
2017-12-29T03:00:00Z,4.755555558204651
2017-12-29T04:00:00Z,5.41916666759385
2017-12-29T05:00:00Z,5.435555554098553
2017-12-29T06:00:00Z,5.56055555012491
2017-12-29T07:00:00Z,7.2086111062102844
2017-12-29T08:00:00Z,9.228055556615194
2017-12-29T09:00:00Z,8.366666682561238
2017-12-29T10:00:00Z,9.051388866371578
2017-12-29T11:00:00Z,9.167500004503463
2017-12-29T12:00:00Z,9.555277772744496
2017-12-29T13:00:00Z,9.931666684150695
2017-12-29T14:00:00Z,10.631944460339016
2017-12-29T15:00:00Z,9.337499978807237
2017-12-29T16:00:00Z,5.939444451861911
2017-12-29T17:00:00Z,7.4469444712003074
2017-12-29T18:00:00Z,5.693888898028268
2017-12-29T19:00:00Z,4.772777777247959
2017-12-29T20:00:00Z,5.296944440073437
2017-12-29T21:00:00Z,4.7049999985429976
2017-12-29T22:00:00Z,4.48305554456181
2017-12-29T23:00:00Z,4.0608333382341595
2017-12-30T00:00:00Z,5.315277773804135
2017-12-30T01:00:00Z,6.519722234540516
2017-12-30T02:00:00Z,7.290555570522944
2017-12-30T03:00:00Z,7.588888903458913
2017-12-30T04:00:00Z,10.112500005298191
2017-12-30T05:00:00Z,10.541388919618395
2017-12-30T06:00:00Z,10.489444465107388
2017-12-30T07:00:00Z,9.641111108991835
2017-12-30T08:00:00Z,10.34611112276713
2017-12-30T09:00:00Z,9.899166672759586
2017-12-30T10:00:00Z,10.819444448418087
2017-12-30T11:00:00Z,9.853055546018812
2017-12-30T12:00:00Z,9.761388878027597
2017-12-30T13:00:00Z,7.660000002384185
2017-12-30T14:00:00Z,7.439166655143102
2017-12-30T15:00:00Z,6.18944444987509
2017-12-30T16:00:00Z,6.813055551052093
2017-12-30T17:00:00Z,5.578611118263669
2017-12-30T18:00:00Z,3.9622222158643936
2017-12-30T19:00:00Z,5.1122222171889415
2017-12-30T20:00:00Z,4.74111110303137
2017-12-30T21:00:00Z,4.901944433318244
2017-12-30T22:00:00Z,6.786666674084134
2017-12-30T23:00:00Z,8.461666667461396
2017-12-31T00:00:00Z,9.560833356115554
2017-12-31T01:00:00Z,9.706944419278038
2017-12-31T02:00:00Z,9.290555552641552
2017-12-31T03:00:00Z,10.003333342075347
2017-12-31T04:00:00Z,9.094444437821705
2017-12-31T05:00:00Z,8.37611112329695
2017-12-31T06:00:00Z,10.211388875378503
2017-12-31T07:00:00Z,9.427222255865733
2017-12-31T08:00:00Z,6.267777786652247
2017-12-31T09:00:00Z,6.604166659381654
2017-12-31T10:00:00Z,5.385833336247338
2017-12-31T11:00:00Z,5.4175000031789144
2017-12-31T12:00:00Z,6.373888887961706
2017-12-31T13:00:00Z,7.610555573304494
2017-12-31T14:00:00Z,7.484166684415605
2017-12-31T15:00:00Z,5.265555563237932
2017-12-31T16:00:00Z,5.642499997880724
2017-12-31T17:00:00Z,8.113611112700568
2017-12-31T18:00:00Z,7.022500009669198
2017-12-31T19:00:00Z,9.733333332008785
2017-12-31T20:00:00Z,10.315833322207133
2017-12-31T21:00:00Z,8.63333333995607
2017-12-31T22:00:00Z,8.59527778757943
2017-12-31T23:00:00Z,8.977499997615814
2018-01-01T00:00:00Z,6.655710307336451
2018-01-01T01:00:00Z,6.433888877762689
2018-01-01T02:00:00Z,5.571666658586926
2018-01-01T03:00:00Z,5.239166669713127
2018-01-01T04:00:00Z,5.876666659116745
2018-01-01T05:00:00Z,6.235277767976125
2018-01-01T06:00:00Z,4.921666665871938
2018-01-01T07:00:00Z,4.174999993708399
2018-01-01T08:00:00Z,3.421666666534212
2018-01-01T09:00:00Z,4.210833325650957
2018-01-01T10:00:00Z,4.123888881338967
2018-01-01T11:00:00Z,3.7866666701104905
2018-01-01T12:00:00Z,4.621388898955451
2018-01-01T13:00:00Z,6.745555567741394
2018-01-01T14:00:00Z,7.0227777964539
2018-01-01T15:00:00Z,7.052777782413695
2018-01-01T16:00:00Z,7.1452777769830496
2018-01-01T17:00:00Z,8.541944442854987
2018-01-01T18:00:00Z,8.81027778254615
2018-01-01T19:00:00Z,8.719722233878242
2018-01-01T20:00:00Z,7.110555550787184
2018-01-01T21:00:00Z,6.156111122502221
2018-01-01T22:00:00Z,6.088611112038294
2018-01-01T23:00:00Z,5.666388883855608
2018-01-02T00:00:00Z,4.333611110183928
2018-01-02T01:00:00Z,4.526388884915246
2018-01-02T02:00:00Z,3.393611106276512
2018-01-02T03:00:00Z,3.720277780956692
2018-01-02T04:00:00Z,3.883055551846822
2018-01-02T05:00:00Z,3.282777773340543
2018-01-02T06:00:00Z,3.3169444378879334
2018-01-02T07:00:00Z,4.123333341545528
2018-01-02T08:00:00Z,3.078055544363128
2018-01-02T09:00:00Z,4.5144444429212145
2018-01-02T10:00:00Z,5.807222230566873
2018-01-02T11:00:00Z,6.286666676070955
2018-01-02T12:00:00Z,8.339722230699326
2018-01-02T13:00:00Z,6.473888884650337
2018-01-02T14:00:00Z,4.9827777723471325
2018-01-02T15:00:00Z,5.438333328564962
2018-01-02T16:00:00Z,5.734722231494056
2018-01-02T17:00:00Z,5.322222225533592
2018-01-02T18:00:00Z,7.075555566946665
2018-01-02T19:00:00Z,10.09888887670305
2018-01-02T20:00:00Z,10.78333331876331
2018-01-02T21:00:00Z,12.197499965296851
2018-01-02T22:00:00Z,13.012500023841858
2018-01-02T23:00:00Z,11.108611108197106
2018-01-03T00:00:00Z,10.675000019868214
2018-01-03T01:00:00Z,11.249722230434418
2018-01-03T02:00:00Z,13.15388889975018
2018-01-03T03:00:00Z,12.262500013245477
2018-01-03T04:00:00Z,10.613055556350284
2018-01-03T05:00:00Z,11.540555548667907
2018-01-03T06:00:00Z,11.395833335982429
2018-01-03T07:00:00Z,11.61361111799876
2018-01-03T08:00:00Z,11.609722202354007
2018-01-03T09:00:00Z,13.104166666666666
2018-01-03T10:00:00Z,12.878333331478967
2018-01-03T11:00:00Z,12.239722217453851
2018-01-03T12:00:00Z,11.863333315319485
2018-01-03T13:00:00Z,11.420000008742015
2018-01-03T14:00:00Z,8.96416668759452
2018-01-03T15:00:00Z,8.704722228315141
2018-01-03T16:00:00Z,8.131944455040825
2018-01-03T17:00:00Z,6.876111117998759
2018-01-03T18:00:00Z,4.970277767711216
2018-01-03T19:00:00Z,5.4919444428549875
2018-01-03T20:00:00Z,5.031388882133696
2018-01-03T21:00:00Z,4.883611116144392
2018-01-03T22:00:00Z,6.099722213215298
2018-01-03T23:00:00Z,5.666388879881965
2018-01-04T00:00:00Z,5.263333338499069
2018-01-04T01:00:00Z,4.669722225930956
2018-01-04T02:00:00Z,3.4544444508022734
2018-01-04T03:00:00Z,1.888333327902688
2018-01-04T04:00:00Z,1.8180555472771327
2018-01-04T05:00:00Z,1.9347222155994839
2018-01-04T06:00:00Z,3.647777771121926
2018-01-04T07:00:00Z,5.602777775128683
2018-01-04T08:00:00Z,7.862222222487132
2018-01-04T09:00:00Z,8.872500018278759
2018-01-04T10:00:00Z,9.1772222465939
2018-01-04T11:00:00Z,10.681111114554936
2018-01-04T12:00:00Z,13.21611112356186
2018-01-04T13:00:00Z,12.800000010596381
2018-01-04T14:00:00Z,14.39027778837416
2018-01-04T15:00:00Z,12.21027779314253
2018-01-04T16:00:00Z,9.165555576483408
2018-01-04T17:00:00Z,8.493888901339638
2018-01-04T18:00:00Z,6.014999997615814
2018-01-04T19:00:00Z,4.520277773009406
2018-01-04T20:00:00Z,3.6374999980131784
2018-01-04T21:00:00Z,2.055277776469787
2018-01-04T22:00:00Z,1.3347222224705748
2018-01-04T23:00:00Z,1.8047222200367186
2018-01-05T00:00:00Z,3.7297222160630756
2018-01-05T01:00:00Z,3.890833333465788
2018-01-05T02:00:00Z,4.429722219705582
2018-01-05T03:00:00Z,4.558333326048321
2018-01-05T04:00:00Z,4.2249999940395355
2018-01-05T05:00:00Z,3.6183333304193286
2018-01-05T06:00:00Z,4.982499996821086
2018-01-05T07:00:00Z,6.1013889021343655
2018-01-05T08:00:00Z,5.507777774996228
2018-01-05T09:00:00Z,5.499722223149406
2018-01-05T10:00:00Z,6.220833343929715
2018-01-05T11:00:00Z,8.914166667726304
2018-01-05T12:00:00Z,7.917777799897724
2018-01-05T13:00:00Z,7.295555563767751
2018-01-05T14:00:00Z,5.584444447358449
2018-01-05T15:00:00Z,4.086388887961705
2018-01-05T16:00:00Z,2.9744444515970017
2018-01-05T17:00:00Z,1.5377777733529607
2018-01-05T18:00:00Z,1.1741666667163373
2018-01-05T19:00:00Z,2.0261111093891992
2018-01-05T20:00:00Z,1.5427777751452394
2018-01-05T21:00:00Z,0.9063888884873854
2018-01-05T22:00:00Z,2.0349999954303106
2018-01-05T23:00:00Z,2.2977777742677263
2018-01-06T00:00:00Z,3.1072222302357355
2018-01-06T01:00:00Z,2.4952777738372487
2018-01-06T02:00:00Z,2.685277767644988
2018-01-06T03:00:00Z,3.0341666688521705
2018-01-06T04:00:00Z,3.2374999950329464
2018-01-06T05:00:00Z,3.2380555457539026
2018-01-06T06:00:00Z,3.048888880676693
2018-01-06T07:00:00Z,3.821666662229432
2018-01-06T08:00:00Z,4.614166657792198
2018-01-06T09:00:00Z,4.513055560986201
2018-01-06T10:00:00Z,4.21055555873447
2018-01-06T11:00:00Z,4.342222207122379
2018-01-06T12:00:00Z,5.573055545488994
2018-01-06T13:00:00Z,3.9630555556880105
2018-01-06T14:00:00Z,4.336111113760206
2018-01-06T15:00:00Z,5.2083333253860475
2018-01-06T16:00:00Z,5.286111118396123
2018-01-06T17:00:00Z,6.498611102501552
2018-01-06T18:00:00Z,6.811388894584444
2018-01-06T19:00:00Z,6.621944451994366
2018-01-06T20:00:00Z,6.835833334922791
2018-01-06T21:00:00Z,6.431388894716899
2018-01-06T22:00:00Z,5.880833345651626
2018-01-06T23:00:00Z,5.667500003841188
2018-01-07T00:00:00Z,6.125555572244856
2018-01-07T01:00:00Z,6.163888884252972
2018-01-07T02:00:00Z,6.804722241560618
2018-01-07T03:00:00Z,6.628055548667907
2018-01-07T04:00:00Z,4.8102777805593275
2018-01-07T05:00:00Z,5.848333339558708
2018-01-07T06:00:00Z,6.465277780426873
2018-01-07T07:00:00Z,7.232222229242325
2018-01-07T08:00:00Z,7.583333353863822
2018-01-07T09:00:00Z,8.311666654878193
2018-01-07T10:00:00Z,8.53972223467297
2018-01-07T11:00:00Z,8.354722230964237
2018-01-07T12:00:00Z,8.871666630109152
2018-01-07T13:00:00Z,9.576111110051473
2018-01-07T14:00:00Z,8.726388903458913
2018-01-07T15:00:00Z,8.0947222299046
2018-01-07T16:00:00Z,7.570833356512917
2018-01-07T17:00:00Z,8.244999993509717
2018-01-07T18:00:00Z,7.406944427225325
2018-01-07T19:00:00Z,6.5947222299045984
2018-01-07T20:00:00Z,6.850277794731988
2018-01-07T21:00:00Z,6.786388886637158
2018-01-07T22:00:00Z,6.766388903723823
2018-01-07T23:00:00Z,6.526388902134365
2018-01-08T00:00:00Z,6.178611113627752
2018-01-08T01:00:00Z,6.342222235600153
2018-01-08T02:00:00Z,5.735277784532971
2018-01-08T03:00:00Z,5.461666662163204
2018-01-08T04:00:00Z,4.779166668653488
2018-01-08T05:00:00Z,5.287500005629328
2018-01-08T06:00:00Z,5.947222216924032
2018-01-08T07:00:00Z,5.375277780824238
2018-01-08T08:00:00Z,5.087222204605738
2018-01-08T09:00:00Z,4.485277782215013
2018-01-08T10:00:00Z,4.326388881603877
2018-01-08T11:00:00Z,5.318333326114549
2018-01-08T12:00:00Z,3.959999997085995
2018-01-08T13:00:00Z,4.012222219175762
2018-01-08T14:00:00Z,3.2661111132966147
2018-01-08T15:00:00Z,4.781944448086951
2018-01-08T16:00:00Z,4.181944442457623
2018-01-08T17:00:00Z,4.766111110316382
2018-01-08T18:00:00Z,4.633888890677028
2018-01-08T19:00:00Z,3.7127777700622877
2018-01-08T20:00:00Z,4.624166668454806
2018-01-08T21:00:00Z,3.712499984767702
2018-01-08T22:00:00Z,3.2002777788374157
2018-01-08T23:00:00Z,2.9000000009934106
2018-01-09T00:00:00Z,2.8574999916884636
2018-01-09T01:00:00Z,2.9588888857099747
2018-01-09T02:00:00Z,2.6730555517805947
2018-01-09T03:00:00Z,2.3372222168578043
2018-01-09T04:00:00Z,2.897222219904264
2018-01-09T05:00:00Z,3.1327777773141863
2018-01-09T06:00:00Z,3.2288888798819646
2018-01-09T07:00:00Z,2.690277768837081
2018-01-09T08:00:00Z,2.5738888843191994
2018-01-09T09:00:00Z,2.407777775327365
2018-01-09T10:00:00Z,2.5402777718173133
2018-01-09T11:00:00Z,1.936111099852456
2018-01-09T12:00:00Z,1.350833333304359
2018-01-09T13:00:00Z,2.7158333275053237
2018-01-09T14:00:00Z,2.963888888557752
2018-01-09T15:00:00Z,3.081388892730077
2018-01-09T16:00:00Z,3.569722209705247
2018-01-09T17:00:00Z,3.6213888857099743
2018-01-09T18:00:00Z,2.936666661169794
2018-01-09T19:00:00Z,3.9522222214274936
2018-01-09T20:00:00Z,4.635555546151267
2018-01-09T21:00:00Z,4.951388889551163
2018-01-09T22:00:00Z,4.8124999953640835
2018-01-09T23:00:00Z,4.239166664746072
2018-01-10T00:00:00Z,4.384722222222222
2018-01-10T01:00:00Z,2.958333329690827
2018-01-10T02:00:00Z,4.934444450007545
2018-01-10T03:00:00Z,4.594444441133075
2018-01-10T04:00:00Z,3.4658333361148834
2018-01-10T05:00:00Z,3.916111107667287
2018-01-10T06:00:00Z,2.807777780956692
2018-01-10T07:00:00Z,3.314722224076589
2018-01-10T08:00:00Z,2.325277774284283
2018-01-10T09:00:00Z,0.5894444483642777
2018-01-10T10:00:00Z,2.0369444402555623
2018-01-10T11:00:00Z,1.1316666673248013
2018-01-10T12:00:00Z,2.3513888865709305
2018-01-10T13:00:00Z,2.6677777737379076
2018-01-10T14:00:00Z,1.9558333314748273
2018-01-10T15:00:00Z,0.987777777430084
2018-01-10T16:00:00Z,1.3941666649447546
2018-01-10T17:00:00Z,1.0294444465388854
2018-01-10T18:00:00Z,0.9005555557500985
2018-01-10T19:00:00Z,1.7977777721153365
2018-01-10T20:00:00Z,2.028888878888554
2018-01-10T21:00:00Z,2.0116666595141095
2018-01-10T22:00:00Z,1.6955555493632952
2018-01-10T23:00:00Z,1.3624999977648258
2018-01-11T00:00:00Z,1.2933333333995607
2018-01-11T01:00:00Z,0.13194444479627743
2018-01-11T02:00:00Z,1.4474999986175034
2018-01-11T03:00:00Z,1.508333330353101
2018-01-11T04:00:00Z,1.7616666585206986
2018-01-11T05:00:00Z,2.269444437490569
2018-01-11T06:00:00Z,1.4363888885618912
2018-01-11T07:00:00Z,1.8827777715192902
2018-01-11T08:00:00Z,1.9141666602757241
2018-01-11T09:00:00Z,1.3294444490224122
2018-01-11T10:00:00Z,1.9294444368945227
2018-01-11T11:00:00Z,1.5788888870014084
2018-01-11T12:00:00Z,2.3922222228513825
2018-01-11T13:00:00Z,3.383888887696796
2018-01-11T14:00:00Z,3.237777775526047
2018-01-11T15:00:00Z,2.531666659646564
2018-01-11T16:00:00Z,1.656111109091176
2018-01-11T17:00:00Z,1.4988888864715895
2018-01-11T18:00:00Z,1.3972222204009692
2018-01-11T19:00:00Z,1.6247222190101942
2018-01-11T20:00:00Z,1.460277772280905
2018-01-11T21:00:00Z,1.2627777782579264
2018-01-11T22:00:00Z,0.7686111144721508
2018-01-11T23:00:00Z,1.6736111079653104
2018-01-12T00:00:00Z,0.7158333341487579
2018-01-12T01:00:00Z,0.5769444486126304
2018-01-12T02:00:00Z,0.9975000016391278
2018-01-12T03:00:00Z,1.3349999935262733
2018-01-12T04:00:00Z,0.8386111132593619
2018-01-12T05:00:00Z,0.42166666955583626
2018-01-12T06:00:00Z,0.8533333373359508
2018-01-12T07:00:00Z,0.949166668806639
2018-01-12T08:00:00Z,0.7000000012417634
2018-01-12T09:00:00Z,1.0425000020820234
2018-01-12T10:00:00Z,1.2169444445106719
2018-01-12T11:00:00Z,1.1224999994039535
2018-01-12T12:00:00Z,2.093888886107339
2018-01-12T13:00:00Z,1.998611106309626
2018-01-12T14:00:00Z,2.730833329922623
2018-01-12T15:00:00Z,3.516666665673256
2018-01-12T16:00:00Z,3.4736111087931527
2018-01-12T17:00:00Z,3.635833332273695
2018-01-12T18:00:00Z,4.602499993642171
2018-01-12T19:00:00Z,3.877222219440672
2018-01-12T20:00:00Z,4.811666659514109
2018-01-12T21:00:00Z,4.129166662693024
2018-01-12T22:00:00Z,3.732500003443824
2018-01-12T23:00:00Z,3.883611112833023
2018-01-13T00:00:00Z,3.8108333379030226
2018-01-13T01:00:00Z,4.218055554893282
2018-01-13T02:00:00Z,4.350277771221267
2018-01-13T03:00:00Z,4.143333332737287
2018-01-13T04:00:00Z,3.3800000013576614
2018-01-13T05:00:00Z,3.4302777783738243
2018-01-13T06:00:00Z,3.5611111061440575
2018-01-13T07:00:00Z,3.533333334657881
2018-01-13T08:00:00Z,4.342222221030129
2018-01-13T09:00:00Z,4.279166657063696
2018-01-13T10:00:00Z,4.354722225997183
2018-01-13T11:00:00Z,5.490555552641551
2018-01-13T12:00:00Z,5.47777777645323
2018-01-13T13:00:00Z,5.303055540058348
2018-01-13T14:00:00Z,5.054722219705582
2018-01-13T15:00:00Z,4.4027777814202835
2018-01-13T16:00:00Z,4.25444443722566
2018-01-13T17:00:00Z,3.3886111037598714
2018-01-13T18:00:00Z,2.5133333265781403
2018-01-13T19:00:00Z,2.5224999950991736
2018-01-13T20:00:00Z,3.7683333224720426
2018-01-13T21:00:00Z,3.9555555555555557
2018-01-13T22:00:00Z,3.548888885974884
2018-01-13T23:00:00Z,2.5941666632890703
2018-01-14T00:00:00Z,2.8958333250549106
2018-01-14T01:00:00Z,2.834999990794394
2018-01-14T02:00:00Z,3.080833331412739
2018-01-14T03:00:00Z,3.1738888869682946
2018-01-14T04:00:00Z,2.8411111099852455
2018-01-14T05:00:00Z,3.5397222141424813
2018-01-14T06:00:00Z,3.2933333343929716
2018-01-14T07:00:00Z,2.218055549595091
2018-01-14T08:00:00Z,1.5750000020696058
2018-01-14T09:00:00Z,1.1111111118561692
2018-01-14T10:00:00Z,1.5299999971356657
2018-01-14T11:00:00Z,1.011666669862138
2018-01-14T12:00:00Z,0.9850000013493829
2018-01-14T13:00:00Z,1.3680555516026087
2018-01-14T14:00:00Z,1.6922222215682268
2018-01-14T15:00:00Z,1.7866666676269638
2018-01-14T16:00:00Z,2.578611107998424
2018-01-14T17:00:00Z,1.6766666617658403
2018-01-14T18:00:00Z,1.6447222176525327
2018-01-14T19:00:00Z,2.0141666592823135
2018-01-14T20:00:00Z,2.7591666602426104
2018-01-14T21:00:00Z,3.025833331214057
2018-01-14T22:00:00Z,3.2249999966886307
2018-01-14T23:00:00Z,6.0272222333484224
2018-01-15T00:00:00Z,6.1969444586171045
2018-01-15T01:00:00Z,6.322777783870697
2018-01-15T02:00:00Z,6.8686111158794825
2018-01-15T03:00:00Z,7.7763889074325565
2018-01-15T04:00:00Z,8.663055576218499
2018-01-15T05:00:00Z,9.45166668759452
2018-01-15T06:00:00Z,9.623055552111731
2018-01-15T07:00:00Z,7.92861111164093
2018-01-15T08:00:00Z,7.259166671170129
2018-01-15T09:00:00Z,6.269722219970491
2018-01-15T10:00:00Z,6.829722225666046
2018-01-15T11:00:00Z,7.890277793672349
2018-01-15T12:00:00Z,8.757222219308217
2018-01-15T13:00:00Z,8.874999980131784
2018-01-15T14:00:00Z,8.95416669315762
2018-01-15T15:00:00Z,8.453333352671729
2018-01-15T16:00:00Z,8.583333343929715
2018-01-15T17:00:00Z,7.710000006357829
2018-01-15T18:00:00Z,6.238611123296949
2018-01-15T19:00:00Z,4.906111105945375
2018-01-15T20:00:00Z,6.251944442590077
2018-01-15T21:00:00Z,5.9816666788525055
2018-01-15T22:00:00Z,6.633055554495917
2018-01-15T23:00:00Z,6.129444439543618
2018-01-16T00:00:00Z,4.963611101938619
2018-01-16T01:00:00Z,5.384444448020723
2018-01-16T02:00:00Z,6.405277782016331
2018-01-16T03:00:00Z,7.509166676468319
2018-01-16T04:00:00Z,7.748055553436279
2018-01-16T05:00:00Z,6.670277776983049
2018-01-16T06:00:00Z,7.21361110607783
2018-01-16T07:00:00Z,7.790000009536743
2018-01-16T08:00:00Z,5.933611102236641
2018-01-16T09:00:00Z,6.652777761883206
2018-01-16T10:00:00Z,7.2247222324212395
2018-01-16T11:00:00Z,8.101944445239173
2018-01-16T12:00:00Z,8.375555569595761
2018-01-16T13:00:00Z,7.0955555644300246
2018-01-16T14:00:00Z,6.860555573966768
2018-01-16T15:00:00Z,4.480555550919639
2018-01-16T16:00:00Z,6.255277778704961
2018-01-16T17:00:00Z,5.106666670905219
2018-01-16T18:00:00Z,6.641944458749559
2018-01-16T19:00:00Z,6.139999993642172
2018-01-16T20:00:00Z,5.5369444456365375
2018-01-16T21:00:00Z,7.378055544694265
2018-01-16T22:00:00Z,7.581388898690542
2018-01-16T23:00:00Z,6.780000004503462
2018-01-17T00:00:00Z,7.262222225798501
2018-01-17T01:00:00Z,7.532777778969871
2018-01-17T02:00:00Z,8.533055562443204
2018-01-17T03:00:00Z,8.018333334392972
2018-01-17T04:00:00Z,7.824166657527288
2018-01-17T05:00:00Z,7.252499987019433
2018-01-17T06:00:00Z,7.750833341810439
2018-01-17T07:00:00Z,7.148055577278138
2018-01-17T08:00:00Z,7.207222227917777
2018-01-17T09:00:00Z,8.241666687859428
2018-01-17T10:00:00Z,8.624166679382324
2018-01-17T11:00:00Z,9.12944444153044
2018-01-17T12:00:00Z,10.13333334128062
2018-01-17T13:00:00Z,9.007222212685479
2018-01-17T14:00:00Z,8.737777772214677
2018-01-17T15:00:00Z,8.839166667726305
2018-01-17T16:00:00Z,6.7086111028989155
2018-01-17T17:00:00Z,5.955555566151937
2018-01-17T18:00:00Z,5.232499995496538
2018-01-17T19:00:00Z,5.667222225003773
2018-01-17T20:00:00Z,6.245277779632144
2018-01-17T21:00:00Z,6.585277792480257
2018-01-17T22:00:00Z,8.148333342870076
2018-01-17T23:00:00Z,12.206666682826148
2018-01-18T00:00:00Z,12.523333337571886
2018-01-18T01:00:00Z,11.927222233348422
2018-01-18T02:00:00Z,12.514166696866353
2018-01-18T03:00:00Z,14.40666667620341
2018-01-18T04:00:00Z,15.496111104223463
2018-01-18T05:00:00Z,12.297222236792246
2018-01-18T06:00:00Z,9.20361112356186
2018-01-18T07:00:00Z,6.274444452259275
2018-01-18T08:00:00Z,5.274166668785943
2018-01-18T09:00:00Z,5.571111105548011
2018-01-18T10:00:00Z,6.410555566019482
2018-01-18T11:00:00Z,7.194444453716278
2018-01-18T12:00:00Z,7.116944452126821
2018-01-18T13:00:00Z,7.482777786254883
2018-01-18T14:00:00Z,6.639166679647234
2018-01-18T15:00:00Z,7.561944457557466
2018-01-18T16:00:00Z,7.005000000529819
2018-01-18T17:00:00Z,6.589722218778398
2018-01-18T18:00:00Z,5.032499989536073
2018-01-18T19:00:00Z,6.134444444709354
2018-01-18T20:00:00Z,5.378333326180776
2018-01-18T21:00:00Z,4.529722216394212
2018-01-18T22:00:00Z,2.7997222188446256
2018-01-18T23:00:00Z,4.2772222207652195
2018-01-19T00:00:00Z,4.570833332671059
2018-01-19T01:00:00Z,3.819166668256124
2018-01-19T02:00:00Z,4.274166660838657
2018-01-19T03:00:00Z,4.331666655672921
2018-01-19T04:00:00Z,3.940555548005634
2018-01-19T05:00:00Z,4.6163888918028935
2018-01-19T06:00:00Z,3.678611112303204
2018-01-19T07:00:00Z,3.37555555038982
2018-01-19T08:00:00Z,3.3286111060116026
2018-01-19T09:00:00Z,4.19972222050031
2018-01-19T10:00:00Z,3.0672222210301294
2018-01-19T11:00:00Z,5.946388898293177
2018-01-19T12:00:00Z,7.181944450404909
2018-01-19T13:00:00Z,6.726111116674211
2018-01-19T14:00:00Z,5.902777786387338
2018-01-19T15:00:00Z,6.433333349890179
2018-01-19T16:00:00Z,5.824444444974263
2018-01-19T17:00:00Z,5.655000007152557
2018-01-19T18:00:00Z,4.577499993642172
2018-01-19T19:00:00Z,4.819999993509716
2018-01-19T20:00:00Z,4.337499990728166
2018-01-19T21:00:00Z,4.378055553966099
2018-01-19T22:00:00Z,5.167499998542998
2018-01-19T23:00:00Z,5.342500018411212
2018-01-20T00:00:00Z,3.754722218381034
2018-01-20T01:00:00Z,3.9419444415304397
2018-01-20T02:00:00Z,4.0808333304193285
2018-01-20T03:00:00Z,3.1458333326710597
2018-01-20T04:00:00Z,2.7741666628254786
2018-01-20T05:00:00Z,2.8538888901472093
2018-01-20T06:00:00Z,3.468611109587881
2018-01-20T07:00:00Z,2.4152777734729978
2018-01-20T08:00:00Z,2.284999994768037
2018-01-20T09:00:00Z,2.456111107269923
2018-01-20T10:00:00Z,2.3349999947680367
2018-01-20T11:00:00Z,1.498611108151575
2018-01-20T12:00:00Z,2.3924999949004917
2018-01-20T13:00:00Z,3.3686111178663043
2018-01-20T14:00:00Z,3.2358333283000524
2018-01-20T15:00:00Z,2.463611103097598
2018-01-20T16:00:00Z,2.1236111049850783
2018-01-20T17:00:00Z,3.483611106210285
2018-01-20T18:00:00Z,3.243611114554935
2018-01-20T19:00:00Z,3.764722215467029
2018-01-20T20:00:00Z,4.060555542839898
2018-01-20T21:00:00Z,2.171111101243231
2018-01-20T22:00:00Z,1.563611105332772
2018-01-20T23:00:00Z,1.9133333282338247
2018-01-21T00:00:00Z,1.7933333274390963
2018-01-21T01:00:00Z,1.3449999996357493
2018-01-21T02:00:00Z,1.7224999907943936
2018-01-21T03:00:00Z,0.785277782773806
2018-01-21T04:00:00Z,1.2797222204920318
2018-01-21T05:00:00Z,1.3308333359658717
2018-01-21T06:00:00Z,1.6163888858424293
2018-01-21T07:00:00Z,1.7716666623950004
2018-01-21T08:00:00Z,2.4266666644149355
2018-01-21T09:00:00Z,3.903611105680466
2018-01-21T10:00:00Z,3.73972222076522
2018-01-21T11:00:00Z,3.4355555476413833
2018-01-21T12:00:00Z,3.6236111145880487
2018-01-21T13:00:00Z,3.6477777710391415
2018-01-21T14:00:00Z,3.084166658918063
2018-01-21T15:00:00Z,3.4008333302206464
2018-01-21T16:00:00Z,4.483888895312945
2018-01-21T17:00:00Z,5.260000001059638
2018-01-21T18:00:00Z,4.463611111376021
2018-01-21T19:00:00Z,5.132222221295039
2018-01-21T20:00:00Z,4.7227777792347805
2018-01-21T21:00:00Z,5.704166669978036
2018-01-21T22:00:00Z,6.244444451067182
2018-01-21T23:00:00Z,6.993055559529198
2018-01-22T00:00:00Z,5.916111136145062
2018-01-22T01:00:00Z,6.257222239176432
2018-01-22T02:00:00Z,4.413888881603877
2018-01-22T03:00:00Z,2.9963888849649165
2018-01-22T04:00:00Z,2.8305555482705436
2018-01-22T05:00:00Z,2.299166668454806
2018-01-22T06:00:00Z,1.9202777720159954
2018-01-22T07:00:00Z,1.594444442126486
2018-01-22T08:00:00Z,2.248055550456047
2018-01-22T09:00:00Z,2.060833332108127
2018-01-22T10:00:00Z,3.945555549860001
2018-01-22T11:00:00Z,4.850555547078451
2018-01-22T12:00:00Z,6.272777774598864
2018-01-22T13:00:00Z,5.941666671964858
2018-01-22T14:00:00Z,6.413888884252972
2018-01-22T15:00:00Z,6.753333355983099
2018-01-22T16:00:00Z,6.264166682296329
2018-01-22T17:00:00Z,4.425
2018-01-22T18:00:00Z,4.440555551979277
2018-01-22T19:00:00Z,4.316111114290026
2018-01-22T20:00:00Z,3.8438888794846005
2018-01-22T21:00:00Z,4.050833333200878
2018-01-22T22:00:00Z,4.262777772214678
2018-01-22T23:00:00Z,4.875277777512868
2018-01-23T00:00:00Z,4.488611107402377
2018-01-23T01:00:00Z,4.6341666599114735
2018-01-23T02:00:00Z,4.387222219175762
2018-01-23T03:00:00Z,4.293055554231008
2018-01-23T04:00:00Z,5.9986111183961235
2018-01-23T05:00:00Z,7.225277788109249
2018-01-23T06:00:00Z,7.0413888878292505
2018-01-23T07:00:00Z,7.35666665898429
2018-01-23T08:00:00Z,6.97888889975018
2018-01-23T09:00:00Z,6.721111116806666
2018-01-23T10:00:00Z,7.5222222275204125
2018-01-23T11:00:00Z,7.7266666730244955
2018-01-23T12:00:00Z,7.708888898955451
2018-01-23T13:00:00Z,7.370555571715037
2018-01-23T14:00:00Z,6.670555545886358
2018-01-23T15:00:00Z,7.093055573436949
2018-01-23T16:00:00Z,8.040833330816692
2018-01-23T17:00:00Z,8.269444439146254
2018-01-23T18:00:00Z,6.266944450802273
2018-01-23T19:00:00Z,6.682777783605787
2018-01-23T20:00:00Z,5.861388886637158
2018-01-23T21:00:00Z,5.838333353731367
2018-01-23T22:00:00Z,6.150555564959844
2018-01-23T23:00:00Z,6.469722222619587
2018-01-24T00:00:00Z,7.67305555012491
2018-01-24T01:00:00Z,8.714722222752041
2018-01-24T02:00:00Z,10.356944466961755
2018-01-24T03:00:00Z,10.461388891273074
2018-01-24T04:00:00Z,8.687500003973643
2018-01-24T05:00:00Z,9.065555573834313
2018-01-24T06:00:00Z,10.927500013510386
2018-01-24T07:00:00Z,11.928055551317003
2018-01-24T08:00:00Z,12.856944465637207
2018-01-24T09:00:00Z,12.445833312140572
2018-01-24T10:00:00Z,12.950555596086714
2018-01-24T11:00:00Z,7.2244444333844715
2018-01-24T12:00:00Z,5.160833340883255
2018-01-24T13:00:00Z,7.05027777089013
2018-01-24T14:00:00Z,7.166111110316383
2018-01-24T15:00:00Z,5.7605555554231005
2018-01-24T16:00:00Z,6.067222219705582
2018-01-24T17:00:00Z,6.152777786387338
2018-01-24T18:00:00Z,6.29916667872005
2018-01-24T19:00:00Z,5.596111121442583
2018-01-24T20:00:00Z,5.051111112038295
2018-01-24T21:00:00Z,5.2877777742014995
2018-01-24T22:00:00Z,5.219166673554314
2018-01-24T23:00:00Z,5.785555560721291
2018-01-25T00:00:00Z,6.094722221957313
2018-01-25T01:00:00Z,4.61166665620274
2018-01-25T02:00:00Z,4.8833333313465115
2018-01-25T03:00:00Z,5.006944440470802
2018-01-25T04:00:00Z,5.495833339293798
2018-01-25T05:00:00Z,4.829722211758296
2018-01-25T06:00:00Z,4.7511111133628425
2018-01-25T07:00:00Z,5.009166661236021
2018-01-25T08:00:00Z,4.568055548932818
2018-01-25T09:00:00Z,4.186666670441627
2018-01-25T10:00:00Z,5.247499990463257
2018-01-25T11:00:00Z,6.04833333492279
2018-01-25T12:00:00Z,5.898055548800363
2018-01-25T13:00:00Z,4.036666663818889
2018-01-25T14:00:00Z,6.518888892067803
2018-01-25T15:00:00Z,6.5538888792196905
2018-01-25T16:00:00Z,6.927500018808577
2018-01-25T17:00:00Z,4.659722217586306
2018-01-25T18:00:00Z,4.754166673289405
2018-01-25T19:00:00Z,3.789444440603256
2018-01-25T20:00:00Z,3.3455555505222745
2018-01-25T21:00:00Z,3.0772222177849877
2018-01-25T22:00:00Z,3.315000002914005
2018-01-25T23:00:00Z,3.3508333388302063
2018-01-26T00:00:00Z,3.374722221162584
2018-01-26T01:00:00Z,2.6458333293596903
2018-01-26T02:00:00Z,1.614166665242778
2018-01-26T03:00:00Z,1.2141666687197155
2018-01-26T04:00:00Z,1.416388888657093
2018-01-26T05:00:00Z,1.0047222234722641
2018-01-26T06:00:00Z,1.269166666103734
2018-01-26T07:00:00Z,1.7113888816701042
2018-01-26T08:00:00Z,1.5383333270748456
2018-01-26T09:00:00Z,1.5538888866702716
2018-01-26T10:00:00Z,3.0488888793521456
2018-01-26T11:00:00Z,3.3847222103012933
2018-01-26T12:00:00Z,4.297777771618631
2018-01-26T13:00:00Z,3.8719444374243417
2018-01-26T14:00:00Z,3.3519444495439528
2018-01-26T15:00:00Z,2.5480555488003627
2018-01-26T16:00:00Z,2.888888884252972
2018-01-26T17:00:00Z,2.4383333255847295
2018-01-26T18:00:00Z,1.2494444479131037
2018-01-26T19:00:00Z,1.4711111034991013
2018-01-26T20:00:00Z,0.9336111120051808
2018-01-26T21:00:00Z,1.279444445338514
2018-01-26T22:00:00Z,2.128055547674497
2018-01-26T23:00:00Z,1.963055549065272
2018-01-27T00:00:00Z,2.1569444398085276
2018-01-27T01:00:00Z,1.974444443649716
2018-01-27T02:00:00Z,2.077777769830492
2018-01-27T03:00:00Z,1.9686111102501551
2018-01-27T04:00:00Z,1.4444444416711728
2018-01-27T05:00:00Z,1.601111108623445
2018-01-27T06:00:00Z,4.249166659514109
2018-01-27T07:00:00Z,4.370277768373489
2018-01-27T08:00:00Z,5.861944433053335
2018-01-27T09:00:00Z,6.917222252156999
2018-01-27T10:00:00Z,7.498888912465837
2018-01-27T11:00:00Z,8.355833331743876
2018-01-27T12:00:00Z,9.028333342075348
2018-01-27T13:00:00Z,8.34333335293664
2018-01-27T14:00:00Z,7.38527778784434
2018-01-27T15:00:00Z,6.317222223016951
2018-01-27T16:00:00Z,5.657222221295039
2018-01-27T17:00:00Z,4.857222215996848
2018-01-27T18:00:00Z,4.983888883060879
2018-01-27T19:00:00Z,4.736944444974264
2018-01-27T20:00:00Z,4.427222210831112
2018-01-27T21:00:00Z,4.513333331214057
2018-01-27T22:00:00Z,3.0933333386977515
2018-01-27T23:00:00Z,3.1633333328697417
2018-01-28T00:00:00Z,4.77277776532703
2018-01-28T01:00:00Z,4.984722213612662
2018-01-28T02:00:00Z,4.8277777744664085
2018-01-28T03:00:00Z,4.7844444473584495
2018-01-28T04:00:00Z,3.8302777767181397
2018-01-28T05:00:00Z,4.1452777743339535
2018-01-28T06:00:00Z,4.876111108726925
2018-01-28T07:00:00Z,5.672777769962947
2018-01-28T08:00:00Z,4.989444447225995
2018-01-28T09:00:00Z,5.341666664017572
2018-01-28T10:00:00Z,6.5894444558355545
2018-01-28T11:00:00Z,5.93527778254615
2018-01-28T12:00:00Z,5.8569444404708015
2018-01-28T13:00:00Z,5.600833333200878
2018-01-28T14:00:00Z,5.029722224341499
2018-01-28T15:00:00Z,6.487222217851215
2018-01-28T16:00:00Z,6.160277768638399
2018-01-28T17:00:00Z,6.405277803209093
2018-01-28T18:00:00Z,5.664444461133745
2018-01-28T19:00:00Z,5.36777778201633
2018-01-28T20:00:00Z,5.659999996423721
2018-01-28T21:00:00Z,5.634999992450078
2018-01-28T22:00:00Z,6.679722230301963
2018-01-28T23:00:00Z,7.855555554231008
2018-01-29T00:00:00Z,7.103055570522944
2018-01-29T01:00:00Z,6.321666669845581
2018-01-29T02:00:00Z,5.704722218381034
2018-01-29T03:00:00Z,7.8772222320238745
2018-01-29T04:00:00Z,8.94194444153044
2018-01-29T05:00:00Z,8.113888892862532
2018-01-29T06:00:00Z,7.43249999417199
2018-01-29T07:00:00Z,7.456944456365373
2018-01-29T08:00:00Z,7.739444470405578
2018-01-29T09:00:00Z,8.173055561383565
2018-01-29T10:00:00Z,8.055555539660984
2018-01-29T11:00:00Z,6.9700000100665624
2018-01-29T12:00:00Z,7.546388881736331
2018-01-29T13:00:00Z,6.6194444411330755
2018-01-29T14:00:00Z,5.694166662626796
2018-01-29T15:00:00Z,5.209722220235401
2018-01-29T16:00:00Z,3.8636111120382943
2018-01-29T17:00:00Z,2.7036111070050133
2018-01-29T18:00:00Z,1.8691666666004392
2018-01-29T19:00:00Z,1.8652777783572674
2018-01-29T20:00:00Z,1.7174999967217446
2018-01-29T21:00:00Z,1.3858333340949482
2018-01-29T22:00:00Z,1.2830555537094672
2018-01-29T23:00:00Z,1.1411111107509997
2018-01-30T00:00:00Z,0.8436111144928469
2018-01-30T01:00:00Z,1.4011111135284107
2018-01-30T02:00:00Z,1.2386111081060436
2018-01-30T03:00:00Z,0.5947222251652016
2018-01-30T04:00:00Z,0.2852777810767293
2018-01-30T05:00:00Z,1.0230555579273237
2018-01-30T06:00:00Z,0.8877777786511514
2018-01-30T07:00:00Z,0.8538888902092974
2018-01-30T08:00:00Z,1.2983333362059462
2018-01-30T09:00:00Z,0.9138888910619749
2018-01-30T10:00:00Z,1.0005555563502841
2018-01-30T11:00:00Z,0.9002777820039126
2018-01-30T12:00:00Z,2.038611108292308
2018-01-30T13:00:00Z,3.3141666680574415
2018-01-30T14:00:00Z,3.5380555493964088
2018-01-30T15:00:00Z,3.148333337240749
2018-01-30T16:00:00Z,3.475277771552404
2018-01-30T17:00:00Z,3.844166659977701
2018-01-30T18:00:00Z,3.349722226791912
2018-01-30T19:00:00Z,4.4405555572774675
2018-01-30T20:00:00Z,6.16861110329628
2018-01-30T21:00:00Z,5.9472222328186035
2018-01-30T22:00:00Z,7.146666661898295
2018-01-30T23:00:00Z,7.0213889049159155
2018-01-31T00:00:00Z,8.79527779420217
2018-01-31T01:00:00Z,6.8763888875643415
2018-01-31T02:00:00Z,6.178333332803514
2018-01-31T03:00:00Z,5.818333345651626
2018-01-31T04:00:00Z,5.576388882928424
2018-01-31T05:00:00Z,5.994444432523515
2018-01-31T06:00:00Z,6.824722235732608
2018-01-31T07:00:00Z,7.601944426695506
2018-01-31T08:00:00Z,7.104166687859429
2018-01-31T09:00:00Z,7.419444453716278
2018-01-31T10:00:00Z,8.71055554482672
2018-01-31T11:00:00Z,7.671944458617104
2018-01-31T12:00:00Z,6.70500001973576
2018-01-31T13:00:00Z,7.385833345519172
2018-01-31T14:00:00Z,7.563333351082272
2018-01-31T15:00:00Z,7.831944470935397
2018-01-31T16:00:00Z,6.224444452921549
2018-01-31T17:00:00Z,5.314444440603256
2018-01-31T18:00:00Z,5.476666655143102
2018-01-31T19:00:00Z,4.929444448815452
2018-01-31T20:00:00Z,4.281111107932197
2018-01-31T21:00:00Z,4.023333332935969
2018-01-31T22:00:00Z,5.335277782546149
2018-01-31T23:00:00Z,5.192500005165736
